755991 4.136061 0.915000 8849.000000 40000.000000 40000.000000 3965.000000 4010.000000 366.000000 508.000000 31151.000000 0.000000
756991 7.366399 1.628982 8631.000000 39805.000000 40025.000000 3194.000000 4279.000000 432.000000 726.000000 31174.000000 220.000000
757991 10.993228 2.431353 8252.000000 39452.000000 40060.000000 2564.000000 4320.000000 366.000000 1002.000000 31200.000000 608.000000
758991 13.919331 3.072779 7886.000000 39129.000000 40094.000000 2092.000000 4178.000000 267.000000 1349.000000 31243.000000 965.000000
759991 17.099030 3.773397 7605.000000 38915.000000 40176.000000 1799.000000 3817.000000 255.000000 1734.000000 31310.000000 1261.000000
760991 18.842378 4.148141 7350.000000 38746.000000 40259.000000 1658.000000 3302.000000 157.000000 2233.000000 31396.000000 1513.000000
761991 20.807558 4.578528 7223.000000 38738.000000 40406.000000 1669.000000 2645.000000 182.000000 2727.000000 31515.000000 1668.000000
762991 21.594610 4.738788 7072.000000 38747.000000 40580.000000 1866.000000 1987.000000 90.000000 3129.000000 31675.000000 1833.000000
763991 21.934253 4.792489 7036.000000 38916.000000 40793.000000 2228.000000 1458.000000 78.000000 3272.000000 31880.000000 1877.000000
764991 21.773564 4.751010 7060.000000 39181.000000 41086.000000 2787.000000 1073.000000 47.000000 3153.000000 32121.000000 1905.000000
765991 21.826677 4.735242 7067.000000 39512.000000 41434.000000 3454.000000 796.000000 40.000000 2777.000000 32445.000000 1922.000000
766991 21.889554 4.720794 7075.000000 39872.000000 41815.000000 4186.000000 598.000000 31.000000 2260.000000 32797.000000 1943.000000
767991 21.966274 4.722189 7110.000000 40242.000000 42205.000000 4925.000000 459.000000 30.000000 1696.000000 33132.000000 1963.000000
768991 22.231986 4.761681 7113.000000 40515.000000 42506.000000 5462.000000 358.000000 33.000000 1260.000000 33402.000000 1991.000000
769991 22.677925 4.839465 7101.000000 40714.000000 42732.000000 5833.000000 285.000000 50.000000 933.000000 33613.000000 2018.000000
770991 23.648501 5.038823 7066.000000 40815.000000 42887.000000 5996.000000 283.000000 89.000000 698.000000 33749.000000 2072.000000
771991 24.541685 5.228773 7022.000000 40870.000000 43012.000000 6080.000000 309.000000 107.000000 526.000000 33848.000000 2142.000000
772991 25.912608 5.517657 6954.000000 40875.000000 43098.000000 5960.000000 436.000000 155.000000 403.000000 33921.000000 2223.000000
773991 27.525829 5.861646 6846.000000 40830.000000 43179.000000 5788.000000 584.000000 182.000000 292.000000 33984.000000 2349.000000
774991 30.048833 6.403200 6706.000000 40735.000000 43244.000000 5457.000000 787.000000 260.000000 202.000000 34029.000000 2509.000000
775991 32.881760 7.010328 6519.000000 40571.000000 43279.000000 4974.000000 1044.000000 326.000000 175.000000 34052.000000 2708.000000
776991 36.036816 7.684315 6292.000000 40366.000000 43309.000000 4321.000000 1432.000000 385.000000 154.000000 34074.000000 2943.000000
777991 38.826967 8.280637 6062.000000 40151.000000 43330.000000 3589.000000 1893.000000 409.000000 171.000000 34089.000000 3179.000000
778991 41.252163 8.800461 5867.000000 39969.000000 43350.000000 2837.000000 2382.000000 434.000000 214.000000 34102.000000 3381.000000
779991 41.930960 8.969862 5732.000000 39796.000000 43334.000000 2250.000000 2842.000000 349.000000 291.000000 34064.000000 3538.000000
780991 41.718767 9.118914 5772.000000 39509.000000 43174.000000 2100.000000 2960.000000 272.000000 440.000000 33737.000000 3665.000000
781991 38.957150 8.802669 6101.000000 39278.000000 42862.000000 2346.000000 2960.000000 189.000000 606.000000 33177.000000 3584.000000
782991 36.909740 8.498896 6345.000000 39122.000000 42582.000000 2519.000000 2845.000000 159.000000 822.000000 32777.000000 3460.000000
783991 35.035906 8.172703 6518.000000 39016.000000 42385.000000 2708.000000 2623.000000 95.000000 1092.000000 32498.000000 3369.000000
784991 33.486651 7.927378 6747.000000 38992.000000 42246.000000 2966.000000 2225.000000 95.000000 1461.000000 32245.000000 3254.000000
785991 32.383113 7.773542 6950.000000 39045.000000 42233.000000 3272.000000 1751.000000 95.000000 1832.000000 32095.000000 3188.000000
786991 30.840759 7.533064 7190.000000 39133.000000 42267.000000 3717.000000 1207.000000 50.000000 2216.000000 31943.000000 3134.000000
787991 29.486571 7.328522 7466.000000 39325.000000 42396.000000 4247.000000 870.000000 36.000000 2313.000000 31859.000000 3071.000000
788991 28.522464 7.218718 7746.000000 39604.000000 42653.000000 4865.000000 651.000000 30.000000 2200.000000 31858.000000 3049.000000
789991 27.095447 7.041893 8179.000000 40014.000000 43014.000000 5766.000000 494.000000 29.000000 1890.000000 31835.000000 3000.000000
790991 26.107226 6.960204 8612.000000 40476.000000 43447.000000 6692.000000 384.000000 53.000000 1483.000000 31864.000000 2971.000000
791991 26.305690 7.183869 9022.000000 40926.000000 43890.000000 7420.000000 411.000000 189.000000 1002.000000 31904.000000 2964.000000
792991 28.413102 7.843804 9066.000000 41009.000000 44124.000000 7442.000000 561.000000 346.000000 717.000000 31943.000000 3115.000000
793991 29.129056 8.094184 8947.000000 40904.000000 44254.000000 7381.000000 784.000000 232.000000 550.000000 31957.000000 3350.000000
794991 29.637699 8.284838 8942.000000 40883.000000 44334.000000 7288.000000 1010.000000 222.000000 422.000000 31941.000000 3451.000000
795991 30.200642 8.481911 8925.000000 40830.000000 44365.000000 7131.000000 1248.000000 228.000000 318.000000 31905.000000 3535.000000
796991 30.901973 8.720943 8927.000000 40763.000000 44353.000000 6887.000000 1515.000000 278.000000 247.000000 31836.000000 3590.000000
797991 31.531962 8.932039 8902.000000 40646.000000 44290.000000 6587.000000 1831.000000 312.000000 172.000000 31744.000000 3644.000000
798991 31.733291 9.035163 8915.000000 40526.000000 44194.000000 6266.000000 2167.000000 325.000000 157.000000 31611.000000 3668.000000
799991 32.271203 9.178667 8874.000000 40378.000000 44026.000000 5767.000000 2410.000000 393.000000 304.000000 31504.000000 3648.000000
800991 33.346677 9.501973 8838.000000 40181.000000 43833.000000 5042.000000 2715.000000 513.000000 568.000000 31343.000000 3652.000000
801991 33.628746 9.569224 8763.000000 39970.000000 43619.000000 4237.000000 3177.000000 525.000000 824.000000 31207.000000 3649.000000
802991 34.595078 9.803199 8603.000000 39737.000000 43445.000000 3295.000000 3679.000000 551.000000 1078.000000 31134.000000 3708.000000
803991 33.316989 9.417662 8489.000000 39543.000000 43291.000000 2756.000000 4106.000000 329.000000 1298.000000 31054.000000 3748.000000
804991 33.084862 9.343481 8366.000000 39386.000000 43228.000000 2765.000000 3965.000000 197.000000 1439.000000 31020.000000 3842.000000
805991 32.850004 9.276180 8384.000000 39406.000000 43229.000000 2983.000000 3702.000000 187.000000 1512.000000 31022.000000 3823.000000
806991 32.442185 9.147878 8387.000000 39438.000000 43245.000000 3202.000000 3414.000000 149.000000 1622.000000 31051.000000 3807.000000
807991 32.260173 9.116941 8433.000000 39499.000000 43304.000000 3445.000000 2991.000000 143.000000 1854.000000 31066.000000 3805.000000
808991 32.238830 9.098873 8437.000000 39573.000000 43379.000000 3672.000000 2392.000000 141.000000 2232.000000 31136.000000 3806.000000
809991 32.297429 9.125388 8440.000000 39653.000000 43505.000000 3918.000000 1792.000000 118.000000 2612.000000 31213.000000 3852.000000
810991 31.950709 9.082168 8556.000000 39819.000000 43679.000000 4353.000000 1126.000000 107.000000 2970.000000 31263.000000 3860.000000
811991 31.692111 9.036419 8662.000000 40029.000000 43878.000000 4763.000000 857.000000 116.000000 2926.000000 31367.000000 3849.000000
812991 31.210091 8.959243 8810.000000 40314.000000 44189.000000 5367.000000 794.000000 84.000000 2565.000000 31504.000000 3875.000000
813991 30.250735 8.763788 9061.000000 40743.000000 44604.000000 6275.000000 733.000000 48.000000 2005.000000 31682.000000 3861.000000
814991 29.847346 8.728096 9354.000000 41214.000000 45027.000000 7120.000000 683.000000 117.000000 1434.000000 31860.000000 3813.000000
815991 29.919157 8.878813 9687.000000 41638.000000 45434.000000 7882.000000 729.000000 238.000000 838.000000 31951.000000 3796.000000
816991 30.331301 9.076521 9784.000000 41662.000000 45491.000000 8016.000000 883.000000 300.000000 585.000000 31878.000000 3829.000000
817991 30.108077 9.084299 9839.000000 41531.000000 45386.000000 7979.000000 1054.000000 268.000000 538.000000 31692.000000 3855.000000
818991 29.884226 9.114181 9938.000000 41432.000000 45314.000000 7939.000000 1255.000000 248.000000 496.000000 31494.000000 3882.000000
819991 30.127421 9.248414 9966.000000 41326.000000 45251.000000 7818.000000 1401.000000 260.000000 487.000000 31360.000000 3925.000000
820991 30.196247 9.333422 9996.000000 41205.000000 45171.000000 7662.000000 1616.000000 250.000000 468.000000 31209.000000 3966.000000
821991 31.022654 9.627198 9970.000000 41068.000000 45091.000000 7356.000000 1859.000000 318.000000 437.000000 31098.000000 4023.000000
822991 31.383585 9.783888 9967.000000 40954.000000 45023.000000 7085.000000 2116.000000 336.000000 430.000000 30987.000000 4069.000000
823991 32.352101 10.084633 9869.000000 40773.000000 44900.000000 6560.000000 2378.000000 401.000000 530.000000 30904.000000 4127.000000
824991 34.177488 10.632979 9726.000000 40591.000000 44804.000000 5819.000000 2654.000000 551.000000 702.000000 30865.000000 4213.000000
825991 35.328952 10.949461 9484.000000 40315.000000 44678.000000 4972.000000 3072.000000 529.000000 911.000000 30831.000000 4363.000000
826991 37.094191 11.439346 9249.000000 40059.000000 44548.000000 3981.000000 3547.000000 607.000000 1114.000000 30810.000000 4489.000000
827991 36.392243 11.193895 9090.000000 39851.000000 44426.000000 3439.000000 3960.000000 398.000000 1293.000000 30761.000000 4575.000000
828991 36.978670 11.376192 8855.000000 39559.000000 44347.000000 3322.000000 3885.000000 257.000000 1391.000000 30704.000000 4788.000000
829991 36.917589 11.426318 8898.000000 39542.000000 44380.000000 3486.000000 3704.000000 233.000000 1475.000000 30644.000000 4838.000000
830991 36.533044 11.383944 8976.000000 39562.000000 44431.000000 3720.000000 3486.000000 189.000000 1581.000000 30586.000000 4869.000000
831991 36.330472 11.398371 9058.000000 39637.000000 44559.000000 3961.000000 3142.000000 157.000000 1798.000000 30579.000000 4922.000000
832991 35.905969 11.359004 9218.000000 39738.000000 44643.000000 4257.000000 2649.000000 166.000000 2146.000000 30520.000000 4905.000000
833991 35.487711 11.327671 9396.000000 39855.000000 44740.000000 4563.000000 2097.000000 183.000000 2553.000000 30459.000000 4885.000000
834991 34.894322 11.247412 9559.000000 39998.000000 44917.000000 5005.000000 1461.000000 133.000000 2960.000000 30439.000000 4919.000000
835991 34.237288 11.184196 9812.000000 40215.000000 45153.000000 5572.000000 1222.000000 112.000000 2906.000000 30403.000000 4938.000000
836991 33.335548 11.036091 10132.000000 40548.000000 45469.000000 6343.000000 1107.000000 97.000000 2585.000000 30416.000000 4921.000000
837991 32.301916 10.873592 10559.000000 41002.000000 45891.000000 7325.000000 993.000000 101.000000 2140.000000 30443.000000 4889.000000
838991 31.592937 10.773481 10955.000000 41490.000000 46336.000000 8264.000000 918.000000 146.000000 1627.000000 30535.000000 4846.000000
839991 31.070367 10.727805 11326.000000 41939.000000 46757.000000 9091.000000 950.000000 198.000000 1087.000000 30613.000000 4818.000000
840991 31.284195 10.867662 11480.000000 42040.000000 46827.000000 9242.000000 1063.000000 302.000000 873.000000 30560.000000 4787.000000
841991 31.389418 10.921297 11465.000000 41963.000000 46771.000000 9118.000000 1222.000000 300.000000 825.000000 30498.000000 4808.000000
842991 31.487400 10.966029 11450.000000 41897.000000 46717.000000 8961.000000 1448.000000 303.000000 738.000000 30447.000000 4820.000000
843991 31.720959 11.063237 11438.000000 41818.000000 46650.000000 8758.000000 1667.000000 329.000000 684.000000 30380.000000 4832.000000
844991 31.948450 11.170236 11441.000000 41752.000000 46606.000000 8522.000000 1979.000000 352.000000 588.000000 30311.000000 4854.000000
845991 32.524272 11.376679 11353.000000 41604.000000 46525.000000 8159.000000 2294.000000 372.000000 528.000000 30251.000000 4921.000000
846991 32.823203 11.460398 11293.000000 41500.000000 46412.000000 7736.000000 2612.000000 407.000000 538.000000 30207.000000 4912.000000
847991 33.860759 11.792290 11171.000000 41331.000000 46276.000000 7052.000000 2967.000000 512.000000 640.000000 30160.000000 4945.000000
848991 34.926793 12.103734 10976.000000 41112.000000 46118.000000 6218.000000 3352.000000 576.000000 830.000000 30136.000000 5006.000000
849991 35.663185 12.280893 10752.000000 40825.000000 45868.000000 5278.000000 3810.000000 590.000000 1074.000000 30073.000000 5043.000000
850991 37.000705 12.637134 10460.000000 40530.000000 45667.000000 4228.000000 4281.000000 634.000000 1317.000000 30070.000000 5137.000000
851991 35.922330 12.193514 10293.000000 40359.000000 45516.000000 3719.000000 4640.000000 393.000000 1541.000000 30066.000000 5157.000000
852991 35.364342 11.953166 10163.000000 40186.000000 45352.000000 3699.000000 4493.000000 255.000000 1716.000000 30023.000000 5166.000000
853991 34.659795 11.725630 10220.000000 40202.000000 45311.000000 3948.000000 4236.000000 204.000000 1832.000000 29982.000000 5109.000000
854991 34.777525 11.802050 10287.000000 40257.000000 45365.000000 4090.000000 3928.000000 246.000000 2023.000000 29970.000000 5108.000000
855991 34.581484 11.817862 10373.000000 40312.000000 45482.000000 4372.000000 3487.000000 205.000000 2309.000000 29939.000000 5170.000000
856991 34.210192 11.794861 10546.000000 40455.000000 45647.000000 4758.000000 2900.000000 192.000000 2696.000000 29909.000000 5192.000000
857991 33.634879 11.685109 10725.000000 40626.000000 45819.000000 5213.000000 2296.000000 161.000000 3055.000000 29901.000000 5193.000000
858991 33.112583 11.618816 10946.000000 40835.000000 46046.000000 5778.000000 1620.000000 139.000000 3409.000000 29889.000000 5211.000000
859991 32.574420 11.552994 11218.000000 41108.000000 46317.000000 6465.000000 1303.000000 142.000000 3308.000000 29890.000000 5209.000000
860991 31.594635 11.343935 11582.000000 41528.000000 46721.000000 7381.000000 1209.000000 107.000000 2885.000000 29946.000000 5193.000000
861991 30.365456 11.053211 12049.000000 42073.000000 47208.000000 8533.000000 1103.000000 83.000000 2330.000000 30024.000000 5135.000000
862991 29.734795 10.970729 12537.000000 42655.000000 47727.000000 9593.000000 1031.000000 164.000000 1749.000000 30118.000000 5072.000000
863991 29.360045 10.953557 12927.000000 43124.000000 48167.000000 10438.000000 1036.000000 233.000000 1220.000000 30197.000000 5043.000000
864991 29.525862 11.060280 13073.000000 43285.000000 48308.000000 10612.000000 1166.000000 320.000000 975.000000 30212.000000 5023.000000
865991 29.660269 11.137804 13067.000000 43221.000000 48286.000000 10463.000000 1394.000000 313.000000 897.000000 30154.000000 5065.000000
866991 30.113166 11.312733 13020.000000 43125.000000 48220.000000 10197.000000 1662.000000 360.000000 801.000000 30105.000000 5095.000000
867991 30.627245 11.508909 12966.000000 43025.000000 48154.000000 9830.000000 1981.000000 413.000000 742.000000 30059.000000 5129.000000
868991 30.831677 11.605138 12906.000000 42906.000000 48108.000000 9540.000000 2345.000000 381.000000 640.000000 30000.000000 5202.000000
869991 31.304782 11.756495 12832.000000 42805.000000 47999.000000 9040.000000 2777.000000 449.000000 566.000000 29973.000000 5194.000000
870991 31.860283 11.934621 12736.000000 42658.000000 47844.000000 8415.000000 3209.000000 524.000000 588.000000 29922.000000 5186.000000
871991 32.865326 12.270916 12536.000000 42420.000000 47690.000000 7566.000000 3648.000000 582.000000 740.000000 29884.000000 5270.000000
872991 34.154091 12.680358 12289.000000 42138.000000 47475.000000 6557.000000 4080.000000 683.000000 969.000000 29849.000000 5337.000000
873991 35.123991 12.971110 11999.000000 41820.000000 47282.000000 5474.000000 4640.000000 671.000000 1214.000000 29821.000000 5462.000000
874991 36.063393 13.245666 11767.000000 41550.000000 47072.000000 4452.000000 5064.000000 713.000000 1538.000000 29783.000000 5522.000000
875991 34.771736 12.732112 11618.000000 41383.000000 46960.000000 3931.000000 5463.000000 402.000000 1822.000000 29765.000000 5577.000000
876991 34.345384 12.528007 11468.000000 41237.000000 46863.000000 3945.000000 5214.000000 245.000000 2064.000000 29769.000000 5626.000000
877991 33.776146 12.360605 11590.000000 41326.000000 46899.000000 4225.000000 4841.000000 224.000000 2300.000000 29736.000000 5573.000000
878991 33.323673 12.233477 11734.000000 41476.000000 46994.000000 4515.000000 4435.000000 231.000000 2553.000000 29742.000000 5518.000000
879991 32.778961 12.088542 11911.000000 41653.000000 47119.000000 4913.000000 3919.000000 230.000000 2849.000000 29742.000000 5466.000000
880991 32.331257 11.968434 12034.000000 41803.000000 47266.000000 5330.000000 3280.000000 194.000000 3230.000000 29769.000000 5463.000000
881991 31.662329 11.783533 12244.000000 42060.000000 47490.000000 5924.000000 2549.000000 166.000000 3605.000000 29816.000000 5430.000000
882991 30.696220 11.504258 12527.000000 42407.000000 47791.000000 6737.000000 1810.000000 114.000000 3866.000000 29880.000000 5384.000000
883991 29.999450 11.323028 12852.000000 42817.000000 48132.000000 7574.000000 1458.000000 135.000000 3685.000000 29965.000000 5315.000000
884991 29.237104 11.116376 13193.000000 43278.000000 48541.000000 8553.000000 1325.000000 133.000000 3182.000000 30085.000000 5263.000000
885991 28.530351 10.928226 13564.000000 43813.000000 49029.000000 9630.000000 1220.000000 142.000000 2572.000000 30249.000000 5216.000000
886991 27.953106 10.785759 13935.000000 44347.000000 49519.000000 10681.000000 1131.000000 169.000000 1954.000000 30412.000000 5172.000000
887991 27.871379 10.853954 14320.000000 44843.000000 49991.000000 11547.000000 1130.000000 278.000000 1365.000000 30523.000000 5148.000000
888991 28.219416 11.013348 14398.000000 44958.000000 50121.000000 11624.000000 1304.000000 357.000000 1113.000000 30560.000000 5163.000000
889991 28.713680 11.223553 14343.000000 44860.000000 50100.000000 11384.000000 1576.000000 383.000000 1000.000000 30517.000000 5240.000000
890991 29.075587 11.379855 14326.000000 44773.000000 50027.000000 11045.000000 1939.000000 439.000000 903.000000 30447.000000 5254.000000
891991 29.207744 11.450198 14272.000000 44633.000000 49938.000000 10707.000000 2363.000000 413.000000 789.000000 30361.000000 5305.000000
892991 29.509202 11.578504 14268.000000 44559.000000 49851.000000 10322.000000 2794.000000 480.000000 672.000000 30291.000000 5292.000000
893991 30.323340 11.912610 14178.000000 44386.000000 49754.000000 9712.000000 3282.000000 559.000000 625.000000 30208.000000 5368.000000
894991 30.912544 12.138985 14049.000000 44182.000000 49617.000000 8975.000000 3827.000000 588.000000 659.000000 30133.000000 5435.000000
895991 31.487121 12.345679 13897.000000 43934.000000 49410.000000 8120.000000 4329.000000 624.000000 824.000000 30037.000000 5476.000000
896991 32.617512 12.753111 13660.000000 43616.000000 49188.000000 7106.000000 4738.000000 701.000000 1115.000000 29956.000000 5572.000000
897991 33.443691 13.007399 13396.000000 43293.000000 48926.000000 6035.000000 5173.000000 731.000000 1457.000000 29897.000000 5633.000000
898991 33.898844 13.118588 13165.000000 43043.000000 48740.000000 4998.000000 5663.000000 697.000000 1807.000000 29878.000000 5697.000000
899991 32.562477 12.567868 13048.000000 42905.000000 48624.000000 4549.000000 5951.000000 392.000000 2156.000000 29857.000000 5719.000000
900991 32.321180 12.450064 12931.000000 42787.000000 48562.000000 4557.000000 5634.000000 271.000000 2469.000000 29856.000000 5775.000000
901991 32.155044 12.396711 12994.000000 42888.000000 48650.000000 4810.000000 5169.000000 269.000000 2746.000000 29894.000000 5762.000000
902991 32.024313 12.408610 13146.000000 43055.000000 48829.000000 5167.000000 4672.000000 285.000000 3022.000000 29909.000000 5774.000000
903991 31.708213 12.325581 13259.000000 43224.000000 49020.000000 5552.000000 4162.000000 246.000000 3299.000000 29965.000000 5796.000000
904991 31.263005 12.206516 13446.000000 43458.000000 49236.000000 6083.000000 3583.000000 232.000000 3548.000000 30012.000000 5778.000000
905991 30.559992 11.985291 13690.000000 43773.000000 49494.000000 6772.000000 2811.000000 211.000000 3896.000000 30083.000000 5721.000000
906991 29.920016 11.782762 13920.000000 44135.000000 49844.000000 7567.000000 2075.000000 164.000000 4114.000000 30215.000000 5709.000000
907991 29.299940 11.596338 14210.000000 44566.000000 50240.000000 8478.000000 1762.000000 152.000000 3818.000000 30356.000000 5674.000000
908991 28.578519 11.368213 14531.000000 45033.000000 50650.000000 9466.000000 1651.000000 141.000000 3273.000000 30502.000000 5617.000000
909991 27.925727 11.182202 14924.000000 45567.000000 51108.000000 10526.000000 1514.000000 174.000000 2710.000000 30643.000000 5541.000000
910991 27.388718 11.056035 15344.000000 46142.000000 51646.000000 11637.000000 1443.000000 206.000000 2058.000000 30798.000000 5504.000000
911991 27.343676 11.101296 15669.000000 46602.000000 52075.000000 12411.000000 1418.000000 308.000000 1532.000000 30933.000000 5473.000000
912991 27.566245 11.222241 15781.000000 46725.000000 52191.000000 12495.000000 1595.000000 391.000000 1300.000000 30944.000000 5466.000000
913991 28.003762 11.419641 15746.000000 46628.000000 52147.000000 12179.000000 1893.000000 436.000000 1238.000000 30882.000000 5519.000000
914991 28.182331 11.504119 15707.000000 46526.000000 52077.000000 11864.000000 2290.000000 440.000000 1113.000000 30819.000000 5551.000000
915991 28.648725 11.708490 15660.000000 46411.000000 52005.000000 11456.000000 2706.000000 495.000000 1003.000000 30751.000000 5594.000000
916991 29.466095 12.040282 15537.000000 46250.000000 51934.000000 10930.000000 3151.000000 569.000000 887.000000 30713.000000 5684.000000
917991 29.880610 12.216627 15451.000000 46091.000000 51831.000000 10347.000000 3690.000000 592.000000 822.000000 30640.000000 5740.000000
918991 30.510320 12.464945 15301.000000 45882.000000 51705.000000 9612.000000 4226.000000 622.000000 841.000000 30581.000000 5823.000000
919991 31.325588 12.771533 15093.000000 45604.000000 51513.000000 8727.000000 4678.000000 670.000000 1018.000000 30511.000000 5909.000000
920991 31.977472 12.965240 14828.000000 45291.000000 51237.000000 7758.000000 5076.000000 697.000000 1297.000000 30463.000000 5946.000000
921991 33.045126 13.336078 14594.000000 45019.000000 51012.000000 6674.000000 5438.000000 810.000000 1672.000000 30425.000000 5993.000000
922991 33.212519 13.341072 14312.000000 44723.000000 50828.000000 5719.000000 5872.000000 676.000000 2045.000000 30411.000000 6105.000000
923991 32.409822 12.980665 14173.000000 44589.000000 50737.000000 5185.000000 6119.000000 438.000000 2431.000000 30416.000000 6148.000000
924991 32.005914 12.807921 14085.000000 44498.000000 50703.000000 5237.000000 5805.000000 289.000000 2754.000000 30413.000000 6205.000000
925991 31.929928 12.803762 14186.000000 44628.000000 50821.000000 5473.000000 5365.000000 314.000000 3034.000000 30442.000000 6193.000000
926991 31.542351 12.709639 14397.000000 44871.000000 51040.000000 5921.000000 4919.000000 318.000000 3239.000000 30474.000000 6169.000000
927991 31.164697 12.610503 14551.000000 45059.000000 51243.000000 6376.000000 4420.000000 278.000000 3477.000000 30508.000000 6184.000000
928991 30.681547 12.489080 14819.000000 45361.000000 51509.000000 7008.000000 3784.000000 285.000000 3742.000000 30542.000000 6148.000000
929991 30.077388 12.299795 15038.000000 45668.000000 51822.000000 7686.000000 3128.000000 220.000000 4004.000000 30630.000000 6154.000000
930991 29.357542 12.083469 15354.000000 46061.000000 52187.000000 8588.000000 2438.000000 180.000000 4148.000000 30707.000000 6126.000000
931991 28.700560 11.890053 15709.000000 46522.000000 52607.000000 9548.000000 2083.000000 170.000000 3908.000000 30813.000000 6085.000000
932991 28.109014 11.707584 16064.000000 47009.000000 53034.000000 10507.000000 1955.000000 184.000000 3418.000000 30945.000000 6025.000000
933991 27.511716 11.520419 16393.000000 47493.000000 53505.000000 11564.000000 1810.000000 152.000000 2867.000000 31100.000000 6012.000000
934991 27.291529 11.487100 16737.000000 48003.000000 53991.000000 12535.000000 1689.000000 214.000000 2299.000000 31266.000000 5988.000000
935991 27.633979 11.690244 17031.000000 48435.000000 54430.000000 13247.000000 1650.000000 368.000000 1766.000000 31404.000000 5995.000000
936991 27.871409 11.791554 17063.000000 48538.000000 54556.000000 13275.000000 1851.000000 415.000000 1522.000000 31475.000000 6018.000000
937991 28.591805 12.128935 17033.000000 48436.000000 54539.000000 12962.000000 2124.000000 512.000000 1435.000000 31403.000000 6103.000000
938991 28.998531 12.322379 16998.000000 48322.000000 54470.000000 12569.000000 2542.000000 564.000000 1323.000000 31324.000000 6148.000000
939991 29.616680 12.604023 16906.000000 48175.000000 54435.000000 12067.000000 3046.000000 601.000000 1192.000000 31269.000000 6260.000000
940991 29.727509 12.654196 16842.000000 48036.000000 54314.000000 11578.000000 3596.000000 595.000000 1073.000000 31194.000000 6278.000000
941991 30.498915 12.976465 16718.000000 47843.000000 54175.000000 10904.000000 4148.000000 698.000000 968.000000 31125.000000 6332.000000
942991 30.918843 13.126470 16516.000000 47598.000000 54013.000000 10125.000000 4739.000000 675.000000 977.000000 31082.000000 6415.000000
943991 31.483027 13.327508 16280.000000 47300.000000 53791.000000 9299.000000 5143.000000 678.000000 1160.000000 31020.000000 6491.000000
944991 32.053946 13.530565 16080.000000 47040.000000 53575.000000 8422.000000 5500.000000 714.000000 1444.000000 30960.000000 6535.000000
945991 32.638425 13.731517 15867.000000 46777.000000 53359.000000 7425.000000 5875.000000 745.000000 1822.000000 30910.000000 6582.000000
946991 32.881021 13.770393 15636.000000 46523.000000 53143.000000 6448.000000 6198.000000 698.000000 2292.000000 30887.000000 6620.000000
947991 31.877847 13.317378 15531.000000 46428.000000 53066.000000 6042.000000 6275.000000 429.000000 2785.000000 30897.000000 6638.000000
948991 31.872546 13.307204 15483.000000 46395.000000 53069.000000 6065.000000 5936.000000 388.000000 3094.000000 30912.000000 6674.000000
949991 31.910587 13.335213 15511.000000 46482.000000 53205.000000 6236.000000 5521.000000 372.000000 3382.000000 30971.000000 6723.000000
950991 31.805170 13.317726 15602.000000 46639.000000 53395.000000 6554.000000 5075.000000 355.000000 3618.000000 31037.000000 6756.000000
951991 31.397668 13.197809 15811.000000 46920.000000 53668.000000 7080.000000 4622.000000 335.000000 3774.000000 31109.000000 6748.000000
952991 30.851110 13.038488 16095.000000 47283.000000 54017.000000 7822.000000 4114.000000 309.000000 3850.000000 31188.000000 6734.000000
953991 30.267435 12.851753 16349.000000 47613.000000 54335.000000 8583.000000 3420.000000 261.000000 4085.000000 31264.000000 6722.000000
954991 29.784586 12.692230 16605.000000 47988.000000 54687.000000 9406.000000 2702.000000 242.000000 4255.000000 31383.000000 6699.000000
955991 29.140532 12.476185 16913.000000 48430.000000 55113.000000 10345.000000 2462.000000 193.000000 3913.000000 31517.000000 6683.000000
956991 28.722290 12.341100 17211.000000 48886.000000 55538.000000 11263.000000 2268.000000 202.000000 3478.000000 31675.000000 6652.000000
957991 28.242123 12.174504 17511.000000 49344.000000 55953.000000 12195.000000 2095.000000 203.000000 3018.000000 31833.000000 6609.000000
958991 27.869726 12.058422 17840.000000 49847.000000 56417.000000 13161.000000 1973.000000 233.000000 2473.000000 32007.000000 6570.000000
959991 28.300049 12.265362 18063.000000 50270.000000 56843.000000 13760.000000 1932.000000 399.000000 1972.000000 32207.000000 6573.000000
960991 28.458834 12.369124 18147.000000 50330.000000 56924.000000 13808.000000 2076.000000 447.000000 1816.000000 32183.000000 6594.000000
961991 28.784941 12.521305 18153.000000 50308.000000 56911.000000 13587.000000 2384.000000 523.000000 1659.000000 32155.000000 6603.000000
962991 29.283351 12.765396 18146.000000 50213.000000 56849.000000 13182.000000 2817.000000 621.000000 1526.000000 32067.000000 6636.000000
963991 29.733991 12.961038 18079.000000 50090.000000 56747.000000 12554.000000 3432.000000 698.000000 1395.000000 32011.000000 6657.000000
964991 29.831882 12.995218 17954.000000 49936.000000 56667.000000 12048.000000 4032.000000 633.000000 1241.000000 31982.000000 6731.000000
965991 30.181626 13.138299 17847.000000 49773.000000 56537.000000 11450.000000 4606.000000 664.000000 1127.000000 31926.000000 6764.000000
966991 30.536597 13.264926 17683.000000 49543.000000 56329.000000 10711.000000 5143.000000 686.000000 1143.000000 31860.000000 6786.000000
967991 31.018195 13.450407 17490.000000 49290.000000 56147.000000 9906.000000 5526.000000 695.000000 1363.000000 31800.000000 6857.000000
968991 31.273811 13.505490 17281.000000 49051.000000 55918.000000 9075.000000 5904.000000 685.000000 1617.000000 31770.000000 6867.000000
969991 31.740600 13.649170 17056.000000 48818.000000 55725.000000 8179.000000 6187.000000 699.000000 1991.000000 31762.000000 6907.000000
970991 32.050905 13.732477 16846.000000 48606.000000 55569.000000 7281.000000 6376.000000 668.000000 2521.000000 31760.000000 6963.000000
971991 31.433754 13.427753 16723.000000 48513.000000 55497.000000 6788.000000 6368.000000 468.000000 3099.000000 31790.000000 6984.000000
972991 31.396182 13.415205 16709.000000 48514.000000 55534.000000 6776.000000 6065.000000 430.000000 3438.000000 31805.000000 7020.000000
973991 31.240261 13.339807 16717.000000 48580.000000 55608.000000 6879.000000 5733.000000 390.000000 3715.000000 31863.000000 7028.000000
974991 31.165618 13.324848 16842.000000 48775.000000 55783.000000 7143.000000 5345.000000 425.000000 3929.000000 31933.000000 7008.000000
975991 30.697520 13.153812 17031.000000 49078.000000 56075.000000 7701.000000 4957.000000 379.000000 3994.000000 32047.000000 6997.000000
976991 30.147029 12.967687 17308.000000 49475.000000 56448.000000 8471.000000 4470.000000 347.000000 4020.000000 32167.000000 6973.000000
977991 29.510604 12.744822 17602.000000 49858.000000 56776.000000 9289.000000 3919.000000 318.000000 4076.000000 32256.000000 6918.000000
978991 29.040200 12.589236 17849.000000 50225.000000 57152.000000 10123.000000 3274.000000 268.000000 4184.000000 32376.000000 6927.000000
979991 28.372390 12.358281 18205.000000 50664.000000 57508.000000 11061.000000 2919.000000 263.000000 3962.000000 32459.000000 6844.000000
980991 27.704277 12.112161 18510.000000 51106.000000 57917.000000 12007.000000 2675.000000 204.000000 3624.000000 32596.000000 6811.000000
981991 27.222396 11.957527 18903.000000 51645.000000 58390.000000 13044.000000 2462.000000 237.000000 3160.000000 32742.000000 6745.000000
982991 27.043125 11.899049 19136.000000 52042.000000 58761.000000 13772.000000 2268.000000 273.000000 2823.000000 32906.000000 6719.000000
983991 27.408288 12.082193 19367.000000 52458.000000 59178.000000 14331.000000 2205.000000 430.000000 2401.000000 33091.000000 6720.000000
984991 27.499809 12.136741 19432.000000 52574.000000 59324.000000 14439.000000 2339.000000 450.000000 2204.000000 33142.000000 6750.000000
985991 27.783714 12.269970 19457.000000 52591.000000 59340.000000 14285.000000 2625.000000 532.000000 2015.000000 33134.000000 6749.000000
986991 28.485103 12.563891 19383.000000 52517.000000 59281.000000 13781.000000 3072.000000 684.000000 1846.000000 33134.000000 6764.000000
987991 29.162199 12.858783 19251.000000 52363.000000 59228.000000 13199.000000 3658.000000 751.000000 1643.000000 33112.000000 6865.000000
988991 29.314384 12.900390 19093.000000 52219.000000 59161.000000 12675.000000 4308.000000 690.000000 1420.000000 33126.000000 6942.000000
989991 29.633484 13.020066 18976.000000 52084.000000 59055.000000 12116.000000 4860.000000 718.000000 1282.000000 33108.000000 6971.000000
990991 29.993408 13.137781 18787.000000 51874.000000 58876.000000 11322.000000 5449.000000 733.000000 1283.000000 33087.000000 7002.000000
991991 30.526151 13.317542 18523.000000 51604.000000 58682.000000 10459.000000 5854.000000 737.000000 1473.000000 33081.000000 7078.000000
992991 31.016316 13.488929 18299.000000 51349.000000 58485.000000 9561.000000 6241.000000 753.000000 1744.000000 33050.000000 7136.000000
993991 31.027801 13.455668 18108.000000 51131.000000 58310.000000 8807.000000 6472.000000 667.000000 2162.000000 33023.000000 7179.000000
994991 31.370288 13.557778 17967.000000 51007.000000 58188.000000 7984.000000 6603.000000 708.000000 2672.000000 33040.000000 7181.000000
995991 30.895606 13.321642 17857.000000 50940.000000 58161.000000 7476.000000 6627.000000 527.000000 3227.000000 33083.000000 7221.000000
996991 31.048644 13.382484 17791.000000 50899.000000 58188.000000 7377.000000 6303.000000 498.000000 3613.000000 33108.000000 7289.000000
997991 30.762800 13.252495 17810.000000 50998.000000 58306.000000 7487.000000 5996.000000 419.000000 3908.000000 33188.000000 7308.000000
998991 30.566112 13.194231 17986.000000 51244.000000 58518.000000 7810.000000 5593.000000 447.000000 4136.000000 33258.000000 7274.000000
999991 30.360658 13.117738 18140.000000 51525.000000 58783.000000 8251.000000 5210.000000 453.000000 4226.000000 33385.000000 7258.000000
1000991 29.837449 12.911298 18320.000000 51870.000000 59142.000000 8958.000000 4740.000000 364.000000 4258.000000 33550.000000 7272.000000
1001991 29.219144 12.673334 18556.000000 52246.000000 59495.000000 9747.000000 4230.000000 291.000000 4288.000000 33690.000000 7249.000000
1002991 28.655488 12.452578 18819.000000 52652.000000 59835.000000 10637.000000 3599.000000 268.000000 4315.000000 33833.000000 7183.000000
1003991 28.201022 12.278779 19098.000000 53106.000000 60234.000000 11552.000000 3215.000000 268.000000 4063.000000 34008.000000 7128.000000
1004991 27.654591 12.071695 19396.000000 53569.000000 60646.000000 12478.000000 2945.000000 244.000000 3729.000000 34173.000000 7077.000000
1005991 27.195181 11.900201 19678.000000 54032.000000 61083.000000 13410.000000 2712.000000 218.000000 3338.000000 34354.000000 7051.000000
1006991 27.079239 11.881559 19980.000000 54476.000000 61465.000000 14148.000000 2500.000000 314.000000 3018.000000 34496.000000 6989.000000
1007991 27.226650 11.985061 20239.000000 54864.000000 61852.000000 14728.000000 2417.000000 425.000000 2669.000000 34625.000000 6988.000000
1008991 27.311985 12.032439 20338.000000 55037.000000 62024.000000 14844.000000 2576.000000 476.000000 2442.000000 34699.000000 6987.000000
1009991 27.852779 12.265777 20284.000000 55018.000000 62067.000000 14605.000000 2887.000000 564.000000 2228.000000 34734.000000 7049.000000
1010991 28.518600 12.552982 20247.000000 54984.000000 62049.000000 14162.000000 3363.000000 724.000000 1998.000000 34737.000000 7065.000000
1011991 28.902667 12.710552 20142.000000 54865.000000 61980.000000 13689.000000 3908.000000 763.000000 1782.000000 34723.000000 7115.000000
1012991 28.792047 12.677672 20107.000000 54758.000000 61912.000000 13336.000000 4549.000000 695.000000 1527.000000 34651.000000 7154.000000
1013991 29.087431 12.797980 20005.000000 54609.000000 61791.000000 12763.000000 5106.000000 726.000000 1410.000000 34604.000000 7182.000000
1014991 29.357459 12.896214 19861.000000 54427.000000 61646.000000 12084.000000 5610.000000 731.000000 1436.000000 34566.000000 7219.000000
1015991 29.753077 13.054724 19666.000000 54166.000000 61472.000000 11274.000000 5976.000000 719.000000 1697.000000 34500.000000 7306.000000
1016991 29.839884 13.049226 19478.000000 53953.000000 61268.000000 10507.000000 6339.000000 680.000000 1952.000000 34475.000000 7315.000000
1017991 30.205047 13.157421 19258.000000 53759.000000 61129.000000 9703.000000 6498.000000 673.000000 2384.000000 34501.000000 7370.000000
1018991 30.504259 13.257768 19170.000000 53687.000000 61051.000000 8860.000000 6709.000000 730.000000 2871.000000 34517.000000 7364.000000
1019991 30.011723 13.008770 19087.000000 53649.000000 61005.000000 8341.000000 6791.000000 580.000000 3375.000000 34562.000000 7356.000000
1020991 29.938283 12.947861 19006.000000 53663.000000 61068.000000 8333.000000 6469.000000 502.000000 3702.000000 34657.000000 7405.000000
1021991 29.876366 12.919364 19044.000000 53759.000000 61164.000000 8336.000000 6160.000000 497.000000 4051.000000 34715.000000 7405.000000
1022991 29.856697 12.928339 19178.000000 53991.000000 61400.000000 8611.000000 5854.000000 529.000000 4184.000000 34813.000000 7409.000000
1023991 29.995146 13.021982 19318.000000 54225.000000 61688.000000 8898.000000 5558.000000 570.000000 4292.000000 34907.000000 7463.000000
1024991 29.435529 12.809471 19483.000000 54503.000000 62001.000000 9544.000000 5212.000000 444.000000 4283.000000 35020.000000 7498.000000
1025991 28.768886 12.547498 19701.000000 54869.000000 62371.000000 10360.000000 4711.000000 324.000000 4306.000000 35168.000000 7502.000000
1026991 28.231342 12.326234 19942.000000 55282.000000 62728.000000 11199.000000 4054.000000 286.000000 4403.000000 35340.000000 7446.000000
1027991 27.733372 12.143864 20252.000000 55746.000000 63143.000000 12062.000000 3715.000000 271.000000 4204.000000 35494.000000 7397.000000
1028991 27.183700 11.927660 20549.000000 56205.000000 63533.000000 12994.000000 3395.000000 250.000000 3910.000000 35656.000000 7328.000000
1029991 27.057650 11.878060 20760.000000 56627.000000 63933.000000 13755.000000 3104.000000 288.000000 3613.000000 35867.000000 7306.000000
1030991 26.963230 11.848408 20981.000000 57028.000000 64304.000000 14455.000000 2861.000000 343.000000 3322.000000 36047.000000 7276.000000
1031991 27.217501 11.973615 21198.000000 57454.000000 64734.000000 15022.000000 2743.000000 471.000000 2962.000000 36256.000000 7280.000000
1032991 27.460595 12.075844 21202.000000 57575.000000 64923.000000 15110.000000 2843.000000 492.000000 2757.000000 36373.000000 7348.000000
1033991 28.064099 12.342089 21196.000000 57604.000000 64989.000000 14868.000000 3128.000000 636.000000 2564.000000 36408.000000 7385.000000
1034991 28.582931 12.562118 21117.000000 57548.000000 64997.000000 14502.000000 3560.000000 716.000000 2339.000000 36431.000000 7449.000000
1035991 28.951613 12.707965 21013.000000 57468.000000 64975.000000 14062.000000 4115.000000 750.000000 2086.000000 36455.000000 7507.000000
1036991 28.842645 12.657078 20989.000000 57429.000000 64936.000000 13736.000000 4797.000000 712.000000 1744.000000 36440.000000 7507.000000
1037991 29.014778 12.716478 20914.000000 57339.000000 64845.000000 13253.000000 5337.000000 740.000000 1584.000000 36425.000000 7506.000000
1038991 29.222824 12.771516 20759.000000 57173.000000 64683.000000 12574.000000 5799.000000 751.000000 1635.000000 36414.000000 7510.000000
1039991 29.412811 12.816338 20582.000000 56970.000000 64488.000000 11835.000000 6147.000000 747.000000 1853.000000 36388.000000 7518.000000
1040991 29.471501 12.807086 20398.000000 56787.000000 64355.000000 11164.000000 6468.000000 674.000000 2092.000000 36389.000000 7568.000000
1041991 29.825822 12.931907 20232.000000 56608.000000 64221.000000 10393.000000 6614.000000 692.000000 2533.000000 36376.000000 7613.000000
1042991 30.356113 13.123490 20074.000000 56505.000000 64175.000000 9479.000000 6803.000000 752.000000 3040.000000 36431.000000 7670.000000
1043991 29.559498 12.746198 19999.000000 56502.000000 64176.000000 9094.000000 6903.000000 506.000000 3496.000000 36503.000000 7674.000000
1044991 29.682924 12.782388 19972.000000 56542.000000 64229.000000 9047.000000 6518.000000 523.000000 3884.000000 36570.000000 7687.000000
1045991 29.751708 12.795523 19958.000000 56624.000000 64335.000000 9045.000000 6247.000000 521.000000 4145.000000 36666.000000 7711.000000
1046991 29.827344 12.826872 20037.000000 56807.000000 64513.000000 9148.000000 6023.000000 569.000000 4297.000000 36770.000000 7706.000000
1047991 29.926378 12.870293 20120.000000 57021.000000 64746.000000 9407.000000 5750.000000 608.000000 4355.000000 36901.000000 7725.000000
1048991 29.326340 12.638782 20299.000000 57303.000000 65030.000000 10008.000000 5487.000000 492.000000 4312.000000 37004.000000 7727.000000
1049991 28.533985 12.318796 20535.000000 57698.000000 65396.000000 10841.000000 5063.000000 358.000000 4273.000000 37163.000000 7698.000000
1050991 28.077031 12.130200 20745.000000 58086.000000 65745.000000 11581.000000 4403.000000 316.000000 4445.000000 37341.000000 7659.000000
1051991 27.642787 11.971213 21036.000000 58534.000000 66142.000000 12434.000000 4047.000000 310.000000 4245.000000 37498.000000 7608.000000
1052991 27.163103 11.783540 21284.000000 58950.000000 66525.000000 13266.000000 3798.000000 264.000000 3956.000000 37666.000000 7575.000000
1053991 26.839738 11.675953 21599.000000 59419.000000 66941.000000 14092.000000 3495.000000 294.000000 3718.000000 37820.000000 7522.000000
1054991 26.851442 11.709331 21864.000000 59843.000000 67348.000000 14810.000000 3152.000000 381.000000 3521.000000 37979.000000 7505.000000
1055991 27.212382 11.859429 22012.000000 60237.000000 67752.000000 15340.000000 2983.000000 520.000000 3169.000000 38225.000000 7515.000000
1056991 27.463788 11.954568 21967.000000 60301.000000 67882.000000 15390.000000 2997.000000 534.000000 3046.000000 38334.000000 7581.000000
1057991 27.914536 12.139239 21947.000000 60326.000000 67912.000000 15153.000000 3252.000000 658.000000 2884.000000 38379.000000 7586.000000
1058991 28.191579 12.254122 21909.000000 60306.000000 67920.000000 14823.000000 3734.000000 709.000000 2643.000000 38397.000000 7614.000000
1059991 28.516840 12.406214 21936.000000 60338.000000 67974.000000 14571.000000 4283.000000 797.000000 2285.000000 38402.000000 7636.000000
1060991 28.635733 12.446491 21860.000000 60292.000000 67979.000000 14168.000000 4937.000000 774.000000 1981.000000 38432.000000 7687.000000
1061991 28.634959 12.421034 21746.000000 60198.000000 67909.000000 13766.000000 5470.000000 724.000000 1786.000000 38452.000000 7711.000000
1062991 28.915457 12.515111 21609.000000 60081.000000 67830.000000 13153.000000 5993.000000 740.000000 1723.000000 38472.000000 7749.000000
1063991 29.187374 12.581813 21373.000000 59881.000000 67685.000000 12443.000000 6342.000000 712.000000 1876.000000 38508.000000 7804.000000
1064991 29.459339 12.672095 21227.000000 59720.000000 67550.000000 11712.000000 6608.000000 730.000000 2177.000000 38493.000000 7830.000000
1065991 29.779958 12.780941 21063.000000 59566.000000 67452.000000 10968.000000 6765.000000 735.000000 2595.000000 38503.000000 7886.000000
1066991 30.058265 12.861722 20915.000000 59467.000000 67386.000000 10152.000000 6902.000000 748.000000 3113.000000 38552.000000 7919.000000
1067991 29.549963 12.604481 20789.000000 59415.000000 67357.000000 9655.000000 6948.000000 548.000000 3638.000000 38626.000000 7942.000000
1068991 29.563947 12.610501 20797.000000 59459.000000 67420.000000 9631.000000 6590.000000 541.000000 4035.000000 38662.000000 7961.000000
1069991 29.667164 12.656953 20866.000000 59589.000000 67536.000000 9634.000000 6320.000000 601.000000 4311.000000 38723.000000 7947.000000
1070991 30.111138 12.841070 20860.000000 59705.000000 67728.000000 9613.000000 6102.000000 674.000000 4471.000000 38845.000000 8023.000000
1071991 29.691915 12.669470 20990.000000 59978.000000 68006.000000 9989.000000 5966.000000 588.000000 4447.000000 38988.000000 8028.000000
1072991 29.271810 12.484259 21104.000000 60271.000000 68294.000000 10507.000000 5684.000000 503.000000 4410.000000 39167.000000 8023.000000
1073991 28.992301 12.349332 21187.000000 60573.000000 68611.000000 11090.000000 5231.000000 435.000000 4431.000000 39386.000000 8038.000000
1074991 28.483983 12.142650 21350.000000 60924.000000 68980.000000 11893.000000 4647.000000 320.000000 4490.000000 39574.000000 8056.000000
1075991 28.163348 12.011419 21570.000000 61348.000000 69359.000000 12680.000000 4250.000000 320.000000 4320.000000 39778.000000 8011.000000
1076991 27.843427 11.894109 21809.000000 61753.000000 69732.000000 13429.000000 4024.000000 315.000000 4041.000000 39944.000000 7979.000000
1077991 27.622948 11.826930 22063.000000 62175.000000 70145.000000 14218.000000 3675.000000 326.000000 3844.000000 40112.000000 7970.000000
1078991 27.389146 11.738760 22297.000000 62587.000000 70510.000000 15025.000000 3268.000000 354.000000 3650.000000 40290.000000 7923.000000
1079991 27.591193 11.843367 22519.000000 62981.000000 70892.000000 15558.000000 3081.000000 485.000000 3395.000000 40462.000000 7911.000000
1080991 27.843820 11.938890 22552.000000 63120.000000 71020.000000 15638.000000 3149.000000 579.000000 3186.000000 40568.000000 7900.000000
1081991 28.341877 12.135922 22481.000000 63119.000000 71070.000000 15385.000000 3350.000000 674.000000 3072.000000 40638.000000 7951.000000
1082991 28.964136 12.398425 22422.000000 63104.000000 71130.000000 15055.000000 3824.000000 793.000000 2750.000000 40682.000000 8026.000000
1083991 29.214035 12.522294 22409.000000 63095.000000 71209.000000 14875.000000 4336.000000 803.000000 2395.000000 40686.000000 8114.000000
1084991 29.112349 12.481393 22376.000000 63056.000000 71210.000000 14647.000000 4910.000000 734.000000 2085.000000 40680.000000 8154.000000
1085991 29.409832 12.578705 22236.000000 62956.000000 71152.000000 14137.000000 5448.000000 754.000000 1897.000000 40720.000000 8196.000000
1086991 29.551590 12.625183 22119.000000 62841.000000 71096.000000 13683.000000 5935.000000 721.000000 1780.000000 40722.000000 8255.000000
1087991 29.534468 12.576311 21929.000000 62654.000000 70927.000000 13037.000000 6268.000000 647.000000 1977.000000 40725.000000 8273.000000
1088991 29.902189 12.692047 21789.000000 62547.000000 70816.000000 12350.000000 6502.000000 719.000000 2218.000000 40758.000000 8269.000000
1089991 30.105622 12.743531 21637.000000 62398.000000 70679.000000 11555.000000 6720.000000 726.000000 2636.000000 40761.000000 8281.000000
1090991 30.379959 12.852877 21585.000000 62356.000000 70669.000000 10838.000000 6830.000000 770.000000 3147.000000 40771.000000 8313.000000
1091991 30.038903 12.679246 21481.000000 62306.000000 70643.000000 10275.000000 6944.000000 620.000000 3642.000000 40825.000000 8337.000000
764811 0.556328 0.119997 8628.000000 40001.000000 40001.000000 2356.000000 2668.000000 48.000000 3556.000000 31373.000000 0.000000
765811 0.969082 0.208220 8632.000000 40306.000000 40342.000000 3020.000000 2030.000000 48.000000 3534.000000 31674.000000 36.000000
766811 1.122952 0.240621 8653.000000 40654.000000 40728.000000 3767.000000 1509.000000 24.000000 3353.000000 32001.000000 74.000000
767811 1.407971 0.301454 8711.000000 41038.000000 41134.000000 4559.000000 1098.000000 28.000000 3026.000000 32327.000000 96.000000
768811 1.751412 0.373107 8722.000000 41415.000000 41543.000000 5333.000000 751.000000 27.000000 2611.000000 32693.000000 128.000000
769811 2.198174 0.465527 8717.000000 41734.000000 41888.000000 5963.000000 512.000000 41.000000 2201.000000 33017.000000 154.000000
770811 2.776539 0.589447 8770.000000 42045.000000 42243.000000 6592.000000 342.000000 51.000000 1785.000000 33275.000000 198.000000
771811 3.460858 0.735692 8793.000000 42294.000000 42545.000000 7087.000000 240.000000 62.000000 1404.000000 33501.000000 251.000000
772811 4.690597 0.996002 8766.000000 42455.000000 42771.000000 7355.000000 240.000000 110.000000 1061.000000 33689.000000 316.000000
773811 6.397714 1.354717 8666.000000 42530.000000 42961.000000 7469.000000 322.000000 151.000000 724.000000 33864.000000 431.000000
774811 9.126810 1.930350 8512.000000 42497.000000 43101.000000 7352.000000 450.000000 228.000000 482.000000 33985.000000 604.000000
775811 12.731659 2.687313 8264.000000 42348.000000 43203.000000 6997.000000 664.000000 306.000000 297.000000 34084.000000 855.000000
776811 17.154445 3.616072 7923.000000 42079.000000 43279.000000 6462.000000 929.000000 365.000000 167.000000 34156.000000 1200.000000
777811 21.831140 4.596348 7533.000000 41730.000000 43317.000000 5789.000000 1225.000000 404.000000 115.000000 34197.000000 1587.000000
778811 26.891033 5.660682 7117.000000 41329.000000 43334.000000 4992.000000 1564.000000 448.000000 113.000000 34212.000000 2005.000000
779811 31.659724 6.662975 6675.000000 40897.000000 43344.000000 4190.000000 1893.000000 441.000000 151.000000 34222.000000 2447.000000
780811 35.350877 7.436796 6274.000000 40506.000000 43352.000000 3486.000000 2197.000000 378.000000 213.000000 34232.000000 2846.000000
781811 39.541767 8.318535 5926.000000 40165.000000 43361.000000 2755.000000 2426.000000 411.000000 334.000000 34239.000000 3196.000000
782811 43.049770 9.053394 5556.000000 39810.000000 43376.000000 2125.000000 2592.000000 361.000000 478.000000 34254.000000 3566.000000
783811 45.308046 9.525456 5270.000000 39537.000000 43389.000000 1624.000000 2665.000000 281.000000 700.000000 34267.000000 3852.000000
784811 46.872604 9.853771 5082.000000 39378.000000 43425.000000 1287.000000 2624.000000 232.000000 939.000000 34296.000000 4047.000000
785811 48.039860 10.093178 4934.000000 39267.000000 43465.000000 1038.000000 2519.000000 189.000000 1188.000000 34333.000000 4198.000000
786811 48.563911 10.177357 4830.000000 39236.000000 43528.000000 916.000000 2326.000000 138.000000 1450.000000 34406.000000 4292.000000
787811 48.638303 10.194865 4791.000000 39268.000000 43620.000000 955.000000 2058.000000 95.000000 1683.000000 34477.000000 4352.000000
788811 47.948046 10.041831 4824.000000 39409.000000 43747.000000 1200.000000 1788.000000 55.000000 1781.000000 34585.000000 4338.000000
789811 46.736321 9.881126 4966.000000 39594.000000 43912.000000 1668.000000 1439.000000 21.000000 1838.000000 34628.000000 4318.000000
790811 45.812913 9.755212 5103.000000 39796.000000 44079.000000 2150.000000 1101.000000 17.000000 1835.000000 34693.000000 4283.000000
791811 44.517889 9.580257 5295.000000 40053.000000 44289.000000 2762.000000 821.000000 7.000000 1705.000000 34758.000000 4236.000000
792811 43.438727 9.446766 5485.000000 40309.000000 44502.000000 3342.000000 604.000000 11.000000 1528.000000 34824.000000 4193.000000
793811 42.233698 9.331514 5723.000000 40545.000000 44698.000000 3920.000000 404.000000 18.000000 1381.000000 34822.000000 4153.000000
794811 40.934746 9.208768 5985.000000 40778.000000 44892.000000 4511.000000 261.000000 20.000000 1193.000000 34793.000000 4114.000000
795811 40.013567 9.160492 6229.000000 40984.000000 45074.000000 5056.000000 154.000000 39.000000 980.000000 34755.000000 4090.000000
796811 38.798640 9.090104 6531.000000 41135.000000 45192.000000 5579.000000 127.000000 51.000000 774.000000 34604.000000 4057.000000
797811 37.205032 8.958062 6905.000000 41247.000000 45233.000000 6109.000000 164.000000 66.000000 566.000000 34342.000000 3986.000000
798811 35.640661 8.869773 7368.000000 41335.000000 45221.000000 6640.000000 218.000000 125.000000 385.000000 33967.000000 3886.000000
799811 33.626505 8.722424 7914.000000 41351.000000 45148.000000 7222.000000 326.000000 141.000000 225.000000 33437.000000 3797.000000
800811 31.826851 8.546361 8453.000000 41302.000000 44908.000000 7600.000000 505.000000 232.000000 116.000000 32849.000000 3606.000000
801811 30.491670 8.413688 8830.000000 41119.000000 44594.000000 7776.000000 710.000000 277.000000 67.000000 32289.000000 3475.000000
802811 29.602917 8.264893 8999.000000 40858.000000 44199.000000 7661.000000 954.000000 312.000000 72.000000 31859.000000 3341.000000
803811 29.008687 8.156417 9078.000000 40567.000000 43806.000000 7455.000000 1208.000000 334.000000 81.000000 31489.000000 3239.000000
804811 28.600705 8.032693 9035.000000 40271.000000 43435.000000 7108.000000 1488.000000 325.000000 114.000000 31236.000000 3164.000000
805811 29.011988 8.137944 8965.000000 39989.000000 43119.000000 6669.000000 1760.000000 379.000000 157.000000 31024.000000 3130.000000
806811 28.856928 8.066288 8852.000000 39676.000000 42783.000000 6217.000000 2071.000000 344.000000 220.000000 30824.000000 3107.000000
807811 29.109128 8.124559 8761.000000 39435.000000 42550.000000 5755.000000 2328.000000 342.000000 336.000000 30674.000000 3115.000000
808811 30.113540 8.382669 8618.000000 39213.000000 42397.000000 5184.000000 2535.000000 370.000000 529.000000 30595.000000 3184.000000
809811 30.961522 8.580210 8491.000000 39065.000000 42295.000000 4517.000000 2847.000000 399.000000 728.000000 30574.000000 3230.000000
810811 32.646606 9.037128 8356.000000 38917.000000 42259.000000 3752.000000 3185.000000 477.000000 942.000000 30561.000000 3342.000000
811811 33.433014 9.258032 8231.000000 38793.000000 42266.000000 3052.000000 3564.000000 440.000000 1175.000000 30562.000000 3473.000000
812811 33.429468 9.302929 8229.000000 38803.000000 42363.000000 2601.000000 3894.000000 381.000000 1353.000000 30574.000000 3560.000000
813811 35.079498 9.856340 8012.000000 38593.000000 42531.000000 2542.000000 3703.000000 254.000000 1513.000000 30581.000000 3938.000000
814811 36.300074 10.324498 7939.000000 38525.000000 42743.000000 2608.000000 3453.000000 195.000000 1683.000000 30586.000000 4218.000000
815811 36.799612 10.604686 7968.000000 38563.000000 42981.000000 2857.000000 3172.000000 140.000000 1799.000000 30595.000000 4418.000000
816811 36.938502 10.812747 8114.000000 38720.000000 43273.000000 3253.000000 2746.000000 126.000000 1989.000000 30606.000000 4553.000000
817811 37.140420 11.003147 8225.000000 38861.000000 43533.000000 3589.000000 2270.000000 118.000000 2248.000000 30636.000000 4672.000000
818811 36.790666 11.071844 8434.000000 39094.000000 43859.000000 4121.000000 1674.000000 91.000000 2548.000000 30660.000000 4765.000000
819811 36.072011 11.018829 8699.000000 39389.000000 44188.000000 4767.000000 1062.000000 70.000000 2800.000000 30690.000000 4799.000000
820811 35.288979 10.901977 8943.000000 39674.000000 44469.000000 5381.000000 780.000000 53.000000 2729.000000 30731.000000 4795.000000
821811 34.229187 10.757745 9336.000000 40104.000000 44870.000000 6238.000000 664.000000 61.000000 2373.000000 30768.000000 4766.000000
822811 33.331015 10.599894 9670.000000 40501.000000 45208.000000 7050.000000 588.000000 85.000000 1947.000000 30831.000000 4707.000000
823811 32.607505 10.450545 9981.000000 40944.000000 45567.000000 7866.000000 576.000000 139.000000 1400.000000 30963.000000 4623.000000
824811 32.838363 10.520458 10087.000000 41231.000000 45825.000000 8375.000000 613.000000 227.000000 872.000000 31144.000000 4594.000000
825811 32.892314 10.524593 10090.000000 41253.000000 45826.000000 8517.000000 699.000000 250.000000 624.000000 31163.000000 4573.000000
826811 33.321880 10.616078 9970.000000 41094.000000 45676.000000 8350.000000 829.000000 267.000000 524.000000 31124.000000 4582.000000
827811 33.839510 10.680914 9796.000000 40923.000000 45483.000000 8018.000000 1041.000000 298.000000 439.000000 31127.000000 4560.000000
828811 34.184786 10.729272 9670.000000 40737.000000 45278.000000 7725.000000 1255.000000 317.000000 373.000000 31067.000000 4541.000000
829811 34.638104 10.798518 9530.000000 40550.000000 45071.000000 7334.000000 1517.000000 346.000000 333.000000 31020.000000 4521.000000
830811 35.515300 10.975311 9336.000000 40317.000000 44837.000000 6823.000000 1807.000000 401.000000 305.000000 30981.000000 4520.000000
831811 36.357664 11.157654 9092.000000 40034.000000 44642.000000 6293.000000 2077.000000 373.000000 349.000000 30942.000000 4608.000000
832811 37.955935 11.585695 8905.000000 39794.000000 44460.000000 5533.000000 2429.000000 485.000000 458.000000 30889.000000 4666.000000
833811 39.295534 11.934639 8675.000000 39526.000000 44308.000000 4702.000000 2867.000000 506.000000 600.000000 30851.000000 4782.000000
834811 40.479559 12.301982 8552.000000 39311.000000 44188.000000 3859.000000 3373.000000 559.000000 761.000000 30759.000000 4877.000000
835811 41.180421 12.515591 8393.000000 39088.000000 44097.000000 3084.000000 3847.000000 510.000000 952.000000 30695.000000 5009.000000
836811 40.123733 12.226033 8360.000000 38973.000000 44029.000000 2673.000000 4225.000000 327.000000 1135.000000 30613.000000 5056.000000
837811 38.952755 11.972280 8430.000000 38815.000000 43868.000000 2845.000000 4068.000000 199.000000 1318.000000 30385.000000 5053.000000
838811 37.579993 11.673712 8642.000000 38812.000000 43765.000000 3168.000000 3825.000000 156.000000 1493.000000 30170.000000 4953.000000
839811 36.359671 11.434972 8891.000000 38877.000000 43743.000000 3515.000000 3526.000000 136.000000 1714.000000 29986.000000 4866.000000
840811 35.902202 11.452680 9126.000000 38988.000000 43850.000000 3884.000000 3021.000000 160.000000 2061.000000 29862.000000 4862.000000
841811 34.948729 11.309348 9378.000000 39139.000000 43999.000000 4359.000000 2455.000000 116.000000 2448.000000 29761.000000 4860.000000
842811 33.868974 11.156857 9719.000000 39363.000000 44206.000000 4975.000000 1803.000000 89.000000 2852.000000 29644.000000 4843.000000
843811 32.977867 11.055152 10075.000000 39642.000000 44477.000000 5653.000000 1136.000000 82.000000 3204.000000 29567.000000 4835.000000
844811 32.073865 10.930108 10444.000000 39985.000000 44812.000000 6412.000000 844.000000 71.000000 3117.000000 29541.000000 4827.000000
845811 31.332273 10.882866 10908.000000 40456.000000 45273.000000 7378.000000 755.000000 110.000000 2665.000000 29548.000000 4817.000000
846811 30.607953 10.813232 11345.000000 40944.000000 45768.000000 8386.000000 718.000000 125.000000 2116.000000 29599.000000 4824.000000
847811 29.987324 10.739996 11772.000000 41462.000000 46257.000000 9382.000000 725.000000 173.000000 1492.000000 29690.000000 4795.000000
848811 29.988116 10.821416 12070.000000 41879.000000 46639.000000 10048.000000 823.000000 287.000000 912.000000 29809.000000 4760.000000
849811 30.011834 10.858489 12136.000000 41946.000000 46710.000000 10166.000000 1022.000000 308.000000 640.000000 29810.000000 4764.000000
850811 30.187779 10.873019 12030.000000 41829.000000 46574.000000 9884.000000 1284.000000 319.000000 543.000000 29799.000000 4745.000000
851811 30.484433 10.928915 11898.000000 41669.000000 46409.000000 9523.000000 1561.000000 332.000000 482.000000 29771.000000 4740.000000
852811 31.020729 11.097419 11810.000000 41517.000000 46254.000000 9120.000000 1860.000000 396.000000 434.000000 29707.000000 4737.000000
853811 31.313993 11.152110 11652.000000 41316.000000 46072.000000 8635.000000 2228.000000 382.000000 407.000000 29664.000000 4756.000000
854811 31.692611 11.230051 11509.000000 41124.000000 45868.000000 8074.000000 2616.000000 407.000000 412.000000 29615.000000 4744.000000
855811 32.328955 11.380172 11363.000000 40932.000000 45632.000000 7371.000000 2987.000000 493.000000 512.000000 29569.000000 4700.000000
856811 33.675526 11.778311 11158.000000 40677.000000 45397.000000 6431.000000 3376.000000 627.000000 724.000000 29519.000000 4720.000000
857811 34.792568 12.098951 10918.000000 40396.000000 45194.000000 5417.000000 3857.000000 670.000000 974.000000 29478.000000 4798.000000
858811 36.102729 12.492224 10673.000000 40110.000000 45012.000000 4309.000000 4441.000000 721.000000 1202.000000 29437.000000 4902.000000
859811 36.260825 12.504178 10452.000000 39851.000000 44873.000000 3356.000000 5045.000000 589.000000 1462.000000 29399.000000 5022.000000
860811 35.510019 12.220214 10336.000000 39726.000000 44811.000000 2913.000000 5329.000000 391.000000 1703.000000 29390.000000 5085.000000
861811 34.761719 11.958634 10236.000000 39605.000000 44771.000000 3132.000000 5031.000000 188.000000 1885.000000 29369.000000 5166.000000
862811 34.314931 11.825319 10314.000000 39699.000000 44836.000000 3480.000000 4616.000000 165.000000 2053.000000 29385.000000 5137.000000
863811 34.004374 11.769551 10432.000000 39805.000000 44921.000000 3799.000000 4112.000000 171.000000 2350.000000 29373.000000 5116.000000
864811 33.458815 11.635234 10569.000000 39966.000000 45070.000000 4201.000000 3479.000000 140.000000 2749.000000 29397.000000 5104.000000
865811 32.843075 11.491740 10775.000000 40209.000000 45276.000000 4722.000000 2796.000000 136.000000 3121.000000 29434.000000 5067.000000
866811 32.194211 11.354306 10993.000000 40479.000000 45551.000000 5382.000000 1907.000000 100.000000 3604.000000 29486.000000 5072.000000
867811 31.497218 11.229294 11313.000000 40836.000000 45880.000000 6140.000000 1170.000000 108.000000 3895.000000 29523.000000 5044.000000
868811 30.756313 11.080141 11647.000000 41255.000000 46281.000000 7032.000000 873.000000 102.000000 3640.000000 29608.000000 5026.000000
869811 29.788985 10.840178 12047.000000 41786.000000 46752.000000 8111.000000 830.000000 102.000000 3004.000000 29739.000000 4966.000000
870811 28.892095 10.609399 12452.000000 42316.000000 47194.000000 9172.000000 817.000000 129.000000 2334.000000 29864.000000 4878.000000
871811 28.122005 10.447605 12941.000000 42947.000000 47743.000000 10378.000000 822.000000 192.000000 1549.000000 30006.000000 4796.000000
872811 28.229294 10.582978 13262.000000 43339.000000 48115.000000 11048.000000 957.000000 316.000000 941.000000 30077.000000 4776.000000
873811 28.225318 10.635296 13355.000000 43392.000000 48198.000000 11186.000000 1195.000000 320.000000 654.000000 30037.000000 4806.000000
874811 28.471495 10.749267 13315.000000 43247.000000 48087.000000 10945.000000 1457.000000 329.000000 584.000000 29932.000000 4840.000000
875811 28.600619 10.804214 13281.000000 43108.000000 47935.000000 10635.000000 1760.000000 352.000000 534.000000 29827.000000 4827.000000
876811 29.165513 11.013299 13179.000000 42944.000000 47824.000000 10236.000000 2059.000000 387.000000 497.000000 29765.000000 4880.000000
877811 29.756557 11.256555 13135.000000 42772.000000 47670.000000 9760.000000 2438.000000 468.000000 469.000000 29637.000000 4898.000000
878811 30.459962 11.513850 12980.000000 42530.000000 47508.000000 9114.000000 2879.000000 492.000000 495.000000 29550.000000 4978.000000
879811 31.684777 11.951998 12775.000000 42252.000000 47331.000000 8313.000000 3271.000000 578.000000 613.000000 29477.000000 5079.000000
880811 33.118608 12.438719 12506.000000 41928.000000 47119.000000 7293.000000 3679.000000 670.000000 864.000000 29422.000000 5191.000000
881811 34.078625 12.769677 12268.000000 41599.000000 46908.000000 6309.000000 4209.000000 681.000000 1069.000000 29331.000000 5309.000000
882811 35.880799 13.389184 12000.000000 41256.000000 46672.000000 5079.000000 4733.000000 833.000000 1355.000000 29256.000000 5416.000000
883811 36.313594 13.483799 11705.000000 40925.000000 46478.000000 4023.000000 5370.000000 714.000000 1598.000000 29220.000000 5553.000000
884811 34.965157 12.964279 11611.000000 40834.000000 46443.000000 3620.000000 5748.000000 412.000000 1831.000000 29223.000000 5609.000000
885811 34.266628 12.706790 11545.000000 40754.000000 46424.000000 3813.000000 5453.000000 229.000000 2050.000000 29209.000000 5670.000000
886811 33.809579 12.573137 11631.000000 40831.000000 46488.000000 4081.000000 5064.000000 188.000000 2298.000000 29200.000000 5657.000000
887811 33.231795 12.401072 11807.000000 41033.000000 46625.000000 4475.000000 4588.000000 190.000000 2554.000000 29226.000000 5592.000000
888811 33.087984 12.397383 11943.000000 41193.000000 46776.000000 4797.000000 3950.000000 216.000000 2980.000000 29250.000000 5583.000000
889811 32.327562 12.193410 12147.000000 41425.000000 47009.000000 5347.000000 3273.000000 148.000000 3379.000000 29278.000000 5584.000000
890811 31.671571 12.049592 12439.000000 41772.000000 47346.000000 6099.000000 2397.000000 131.000000 3812.000000 29333.000000 5574.000000
891811 30.749849 11.780011 12740.000000 42140.000000 47657.000000 6906.000000 1572.000000 97.000000 4165.000000 29400.000000 5517.000000
892811 30.269397 11.698318 13094.000000 42558.000000 48024.000000 7738.000000 1268.000000 152.000000 3936.000000 29464.000000 5466.000000
893811 29.384112 11.464194 13521.000000 43114.000000 48525.000000 8867.000000 1182.000000 152.000000 3320.000000 29593.000000 5411.000000
894811 28.684265 11.266226 13891.000000 43643.000000 48996.000000 9922.000000 1155.000000 167.000000 2647.000000 29752.000000 5353.000000
895811 28.372022 11.210554 14243.000000 44183.000000 49498.000000 10933.000000 1171.000000 234.000000 1905.000000 29940.000000 5315.000000
896811 28.432851 11.323058 14580.000000 44644.000000 49960.000000 11744.000000 1280.000000 341.000000 1215.000000 30064.000000 5316.000000
897811 28.317257 11.321584 14666.000000 44703.000000 50046.000000 11913.000000 1490.000000 323.000000 940.000000 30037.000000 5343.000000
898811 28.560016 11.446868 14719.000000 44661.000000 49970.000000 11719.000000 1753.000000 411.000000 836.000000 29942.000000 5309.000000
899811 28.710596 11.520266 14643.000000 44512.000000 49886.000000 11400.000000 2099.000000 373.000000 771.000000 29869.000000 5374.000000
900811 29.061968 11.666834 14622.000000 44409.000000 49765.000000 11061.000000 2373.000000 450.000000 738.000000 29787.000000 5356.000000
901811 29.709635 11.916660 14491.000000 44213.000000 49628.000000 10476.000000 2799.000000 499.000000 717.000000 29722.000000 5415.000000
902811 30.292191 12.155333 14357.000000 43975.000000 49468.000000 9880.000000 3235.000000 520.000000 722.000000 29618.000000 5493.000000
903811 30.889441 12.363681 14218.000000 43750.000000 49241.000000 9143.000000 3663.000000 597.000000 815.000000 29532.000000 5491.000000
904811 32.142492 12.821298 14007.000000 43450.000000 48981.000000 8146.000000 4061.000000 749.000000 1051.000000 29443.000000 5531.000000
905811 32.770113 13.011633 13721.000000 43109.000000 48741.000000 7165.000000 4572.000000 710.000000 1274.000000 29388.000000 5632.000000
906811 33.335073 13.175481 13470.000000 42791.000000 48484.000000 6150.000000 5075.000000 695.000000 1550.000000 29321.000000 5693.000000
907811 34.399663 13.535111 13234.000000 42532.000000 48304.000000 5071.000000 5600.000000 766.000000 1797.000000 29298.000000 5772.000000
908811 33.231013 13.022918 13045.000000 42365.000000 48215.000000 4534.000000 6038.000000 429.000000 2044.000000 29320.000000 5850.000000
909811 32.901691 12.897010 12981.000000 42328.000000 48267.000000 4665.000000 5732.000000 286.000000 2298.000000 29347.000000 5939.000000
910811 32.247540 12.681332 13091.000000 42411.000000 48323.000000 4986.000000 5315.000000 216.000000 2574.000000 29320.000000 5912.000000
911811 32.142857 12.710030 13250.000000 42575.000000 48505.000000 5323.000000 4875.000000 235.000000 2817.000000 29325.000000 5930.000000
912811 31.791699 12.658332 13443.000000 42759.000000 48711.000000 5769.000000 4269.000000 214.000000 3191.000000 29316.000000 5952.000000
913811 31.509367 12.616756 13613.000000 42949.000000 48927.000000 6228.000000 3596.000000 195.000000 3594.000000 29336.000000 5978.000000
914811 30.800201 12.423117 13897.000000 43290.000000 49263.000000 7005.000000 2864.000000 147.000000 3881.000000 29393.000000 5973.000000
915811 30.278727 12.315995 14270.000000 43730.000000 49659.000000 7860.000000 2024.000000 187.000000 4199.000000 29460.000000 5929.000000
916811 29.903301 12.237434 14552.000000 44111.000000 50035.000000 8668.000000 1668.000000 199.000000 4017.000000 29559.000000 5924.000000
917811 29.258334 12.061625 14936.000000 44617.000000 50499.000000 9658.000000 1568.000000 209.000000 3501.000000 29681.000000 5882.000000
918811 28.605803 11.887070 15318.000000 45128.000000 51005.000000 10755.000000 1523.000000 186.000000 2854.000000 29810.000000 5877.000000
919811 28.135860 11.790520 15739.000000 45657.000000 51499.000000 11809.000000 1466.000000 230.000000 2234.000000 29918.000000 5842.000000
920811 28.237550 11.905770 16083.000000 46134.000000 51958.000000 12613.000000 1545.000000 362.000000 1563.000000 30051.000000 5824.000000
921811 28.328110 11.970520 16154.000000 46240.000000 52103.000000 12807.000000 1761.000000 374.000000 1212.000000 30086.000000 5863.000000
922811 28.774657 12.155598 16117.000000 46198.000000 52083.000000 12518.000000 2066.000000 446.000000 1087.000000 30081.000000 5885.000000
923811 29.147534 12.323395 16048.000000 46076.000000 52023.000000 12173.000000 2401.000000 464.000000 1010.000000 30028.000000 5947.000000
924811 29.391677 12.429476 15992.000000 45963.000000 51933.000000 11802.000000 2755.000000 485.000000 950.000000 29971.000000 5970.000000
925811 29.739472 12.582283 15941.000000 45827.000000 51803.000000 11280.000000 3187.000000 542.000000 932.000000 29886.000000 5976.000000
926811 30.320807 12.815496 15792.000000 45597.000000 51625.000000 10592.000000 3694.000000 588.000000 918.000000 29805.000000 6028.000000
927811 30.698318 12.948633 15593.000000 45332.000000 51434.000000 9869.000000 4178.000000 558.000000 988.000000 29739.000000 6102.000000
928811 31.610236 13.293228 15463.000000 45131.000000 51199.000000 8936.000000 4573.000000 738.000000 1216.000000 29668.000000 6068.000000
929811 32.453715 13.588727 15202.000000 44821.000000 50954.000000 7960.000000 5009.000000 791.000000 1442.000000 29619.000000 6133.000000
930811 32.974352 13.761902 14973.000000 44529.000000 50727.000000 6947.000000 5490.000000 783.000000 1753.000000 29556.000000 6198.000000
931811 33.582374 13.964026 14754.000000 44277.000000 50537.000000 5896.000000 5996.000000 797.000000 2065.000000 29523.000000 6260.000000
932811 32.683113 13.549781 14595.000000 44130.000000 50451.000000 5335.000000 6339.000000 515.000000 2406.000000 29535.000000 6321.000000
933811 32.147978 13.325409 14487.000000 44040.000000 50475.000000 5482.000000 6073.000000 291.000000 2641.000000 29553.000000 6435.000000
934811 31.876938 13.218220 14545.000000 44139.000000 50559.000000 5754.000000 5607.000000 263.000000 2921.000000 29594.000000 6420.000000
935811 31.757300 13.216466 14717.000000 44358.000000 50770.000000 6177.000000 5109.000000 298.000000 3133.000000 29641.000000 6412.000000
936811 31.628957 13.193109 14840.000000 44547.000000 50966.000000 6552.000000 4535.000000 305.000000 3448.000000 29707.000000 6419.000000
937811 30.871044 12.932448 15046.000000 44809.000000 51220.000000 7220.000000 3881.000000 213.000000 3732.000000 29763.000000 6411.000000
938811 30.345652 12.804996 15365.000000 45167.000000 51558.000000 7960.000000 3102.000000 211.000000 4092.000000 29802.000000 6391.000000
939811 29.730956 12.612110 15686.000000 45603.000000 51958.000000 8837.000000 2314.000000 198.000000 4337.000000 29917.000000 6355.000000
940811 29.370942 12.529605 16012.000000 46033.000000 52356.000000 9660.000000 1967.000000 237.000000 4148.000000 30021.000000 6323.000000
941811 28.737005 12.311191 16337.000000 46497.000000 52765.000000 10577.000000 1924.000000 228.000000 3608.000000 30160.000000 6268.000000
942811 28.052345 12.080171 16730.000000 47041.000000 53236.000000 11616.000000 1867.000000 236.000000 3011.000000 30311.000000 6195.000000
943811 27.647642 11.935490 17023.000000 47539.000000 53697.000000 12576.000000 1853.000000 251.000000 2343.000000 30516.000000 6158.000000
944811 27.889854 12.100899 17375.000000 48032.000000 54153.000000 13331.000000 1906.000000 432.000000 1706.000000 30657.000000 6121.000000
945811 27.773547 12.087507 17469.000000 48139.000000 54304.000000 13531.000000 2131.000000 399.000000 1408.000000 30670.000000 6165.000000
946811 28.218471 12.287230 17415.000000 48062.000000 54284.000000 13230.000000 2440.000000 448.000000 1297.000000 30647.000000 6222.000000
947811 28.597997 12.477179 17373.000000 47941.000000 54227.000000 12895.000000 2780.000000 480.000000 1218.000000 30568.000000 6286.000000
948811 29.328936 12.805317 17296.000000 47812.000000 54165.000000 12349.000000 3169.000000 583.000000 1195.000000 30516.000000 6353.000000
949811 29.700873 12.966834 17194.000000 47653.000000 54061.000000 11823.000000 3595.000000 602.000000 1174.000000 30459.000000 6408.000000
950811 30.322745 13.230056 17032.000000 47415.000000 53900.000000 11086.000000 4116.000000 646.000000 1184.000000 30383.000000 6485.000000
951811 30.851746 13.439449 16873.000000 47189.000000 53715.000000 10331.000000 4599.000000 693.000000 1250.000000 30316.000000 6526.000000
952811 31.504021 13.684171 16611.000000 46889.000000 53529.000000 9450.000000 5018.000000 685.000000 1458.000000 30278.000000 6640.000000
953811 32.207938 13.947778 16443.000000 46689.000000 53349.000000 8540.000000 5463.000000 781.000000 1659.000000 30246.000000 6660.000000
954811 32.545129 14.015736 16202.000000 46449.000000 53126.000000 7622.000000 5854.000000 769.000000 1957.000000 30247.000000 6677.000000
955811 32.929133 14.149251 16059.000000 46269.000000 52971.000000 6690.000000 6293.000000 793.000000 2283.000000 30210.000000 6702.000000
956811 31.867066 13.664972 15981.000000 46202.000000 52909.000000 6197.000000 6591.000000 523.000000 2670.000000 30221.000000 6707.000000
957811 31.298249 13.410577 15931.000000 46168.000000 52906.000000 6331.000000 6277.000000 357.000000 2966.000000 30237.000000 6738.000000
958811 30.992245 13.273201 16004.000000 46302.000000 52994.000000 6549.000000 5900.000000 342.000000 3213.000000 30298.000000 6692.000000
959811 30.787098 13.210350 16124.000000 46484.000000 53178.000000 6858.000000 5459.000000 331.000000 3476.000000 30360.000000 6694.000000
960811 30.305400 13.060246 16361.000000 46756.000000 53414.000000 7387.000000 4937.000000 318.000000 3719.000000 30395.000000 6658.000000
961811 29.762829 12.858633 16544.000000 47030.000000 53676.000000 8037.000000 4291.000000 256.000000 3960.000000 30486.000000 6646.000000
962811 29.215302 12.692009 16881.000000 47441.000000 54034.000000 8830.000000 3586.000000 265.000000 4200.000000 30560.000000 6593.000000
963811 28.721298 12.529868 17149.000000 47820.000000 54406.000000 9640.000000 2787.000000 231.000000 4491.000000 30671.000000 6586.000000
964811 28.380405 12.427719 17467.000000 48282.000000 54821.000000 10469.000000 2416.000000 274.000000 4308.000000 30815.000000 6539.000000
965811 27.789439 12.219487 17798.000000 48757.000000 55256.000000 11421.000000 2310.000000 253.000000 3814.000000 30959.000000 6499.000000
966811 27.535584 12.151394 18127.000000 49259.000000 55722.000000 12338.000000 2200.000000 308.000000 3281.000000 31132.000000 6463.000000
967811 27.146069 12.032176 18456.000000 49741.000000 56191.000000 13245.000000 2198.000000 311.000000 2702.000000 31285.000000 6450.000000
968811 27.289363 12.114790 18685.000000 50172.000000 56625.000000 13943.000000 2275.000000 407.000000 2060.000000 31487.000000 6453.000000
969811 27.330617 12.162281 18808.000000 50340.000000 56815.000000 14197.000000 2460.000000 435.000000 1716.000000 31532.000000 6475.000000
970811 27.752502 12.353832 18747.000000 50254.000000 56784.000000 13952.000000 2687.000000 485.000000 1623.000000 31507.000000 6530.000000
971811 28.204317 12.571368 18745.000000 50199.000000 56748.000000 13608.000000 3070.000000 585.000000 1482.000000 31454.000000 6549.000000
972811 28.643773 12.777297 18693.000000 50080.000000 56663.000000 13128.000000 3494.000000 657.000000 1414.000000 31387.000000 6583.000000
973811 29.033795 12.929068 18507.000000 49873.000000 56547.000000 12482.000000 4015.000000 637.000000 1373.000000 31366.000000 6674.000000
974811 29.319706 13.024972 18361.000000 49697.000000 56384.000000 11837.000000 4477.000000 657.000000 1390.000000 31336.000000 6687.000000
975811 29.805572 13.219893 18201.000000 49497.000000 56241.000000 11117.000000 4956.000000 691.000000 1437.000000 31296.000000 6744.000000
976811 30.402842 13.441599 17970.000000 49231.000000 56035.000000 10291.000000 5298.000000 728.000000 1653.000000 31261.000000 6804.000000
977811 31.008884 13.679068 17781.000000 49011.000000 55881.000000 9373.000000 5752.000000 774.000000 1882.000000 31230.000000 6870.000000
978811 31.299486 13.763954 17582.000000 48798.000000 55718.000000 8496.000000 6197.000000 749.000000 2140.000000 31216.000000 6920.000000
979811 31.529171 13.839021 17505.000000 48727.000000 55647.000000 7705.000000 6508.000000 781.000000 2511.000000 31222.000000 6920.000000
980811 30.908494 13.542341 17420.000000 48657.000000 55596.000000 7164.000000 6729.000000 590.000000 2937.000000 31237.000000 6939.000000
981811 30.605437 13.361503 17242.000000 48577.000000 55615.000000 7156.000000 6450.000000 393.000000 3243.000000 31335.000000 7038.000000
982811 30.598333 13.361907 17326.000000 48738.000000 55763.000000 7311.000000 6078.000000 426.000000 3511.000000 31412.000000 7025.000000
983811 30.471050 13.325227 17404.000000 48872.000000 55924.000000 7492.000000 5764.000000 400.000000 3748.000000 31468.000000 7052.000000
984811 29.913348 13.093182 17551.000000 49129.000000 56159.000000 8031.000000 5280.000000 323.000000 3917.000000 31578.000000 7030.000000
985811 29.515010 12.945528 17765.000000 49487.000000 56506.000000 8688.000000 4702.000000 296.000000 4079.000000 31722.000000 7019.000000
986811 29.225719 12.841487 17978.000000 49847.000000 56847.000000 9378.000000 3990.000000 300.000000 4310.000000 31869.000000 7000.000000
987811 28.696101 12.641328 18250.000000 50266.000000 57225.000000 10208.000000 3273.000000 275.000000 4494.000000 32016.000000 6959.000000
988811 28.315595 12.521926 18546.000000 50662.000000 57579.000000 10970.000000 2902.000000 293.000000 4381.000000 32116.000000 6917.000000
989811 27.783393 12.323264 18856.000000 51128.000000 57996.000000 11833.000000 2769.000000 279.000000 3975.000000 32272.000000 6868.000000
990811 27.606512 12.274967 19175.000000 51628.000000 58436.000000 12681.000000 2636.000000 365.000000 3493.000000 32453.000000 6808.000000
991811 27.165714 12.110868 19428.000000 52059.000000 58881.000000 13596.000000 2543.000000 309.000000 2980.000000 32631.000000 6822.000000
992811 27.009282 12.077344 19739.000000 52505.000000 59268.000000 14382.000000 2554.000000 395.000000 2408.000000 32766.000000 6763.000000
993811 27.335484 12.245172 19844.000000 52691.000000 59501.000000 14579.000000 2689.000000 476.000000 2100.000000 32847.000000 6810.000000
994811 27.523073 12.326097 19811.000000 52673.000000 59516.000000 14434.000000 2919.000000 493.000000 1965.000000 32862.000000 6843.000000
995811 27.961267 12.519325 19785.000000 52649.000000 59508.000000 14107.000000 3281.000000 591.000000 1806.000000 32864.000000 6859.000000
996811 28.338774 12.698840 19770.000000 52591.000000 59470.000000 13685.000000 3764.000000 673.000000 1648.000000 32821.000000 6879.000000
997811 28.674753 12.823018 19614.000000 52430.000000 59362.000000 13121.000000 4220.000000 680.000000 1593.000000 32816.000000 6932.000000
998811 28.986931 12.952555 19489.000000 52262.000000 59247.000000 12575.000000 4616.000000 689.000000 1609.000000 32773.000000 6985.000000
999811 29.188800 13.021768 19340.000000 52062.000000 59078.000000 11930.000000 5075.000000 677.000000 1658.000000 32722.000000 7016.000000
1000811 29.735607 13.222720 19157.000000 51890.000000 58944.000000 11161.000000 5469.000000 740.000000 1787.000000 32733.000000 7054.000000
1001811 30.054582 13.315962 18965.000000 51668.000000 58719.000000 10262.000000 5938.000000 768.000000 1997.000000 32703.000000 7051.000000
1002811 30.386399 13.421398 18823.000000 51536.000000 58593.000000 9404.000000 6397.000000 807.000000 2215.000000 32713.000000 7057.000000
1003811 30.600923 13.476389 18673.000000 51428.000000 58532.000000 8552.000000 6726.000000 784.000000 2611.000000 32755.000000 7104.000000
1004811 30.001167 13.178308 18611.000000 51430.000000 58528.000000 7991.000000 7013.000000 615.000000 2992.000000 32819.000000 7098.000000
1005811 29.714686 13.040210 18523.000000 51374.000000 58542.000000 7954.000000 6764.000000 466.000000 3339.000000 32851.000000 7168.000000
1006811 29.526365 12.952254 18568.000000 51475.000000 58623.000000 8012.000000 6498.000000 445.000000 3613.000000 32907.000000 7148.000000
1007811 29.595317 12.989112 18643.000000 51625.000000 58780.000000 8105.000000 6205.000000 480.000000 3853.000000 32982.000000 7155.000000
1008811 29.153533 12.834876 18829.000000 51904.000000 59089.000000 8653.000000 5739.000000 399.000000 4038.000000 33075.000000 7185.000000
1009811 28.802231 12.694859 19004.000000 52224.000000 59402.000000 9233.000000 5163.000000 363.000000 4245.000000 33220.000000 7178.000000
1010811 28.318182 12.515276 19241.000000 52576.000000 59735.000000 9942.000000 4514.000000 317.000000 4468.000000 33335.000000 7159.000000
1011811 28.132867 12.462133 19453.000000 52918.000000 60078.000000 10627.000000 3715.000000 327.000000 4784.000000 33465.000000 7160.000000
1012811 27.722735 12.311433 19718.000000 53326.000000 60456.000000 11433.000000 3310.000000 313.000000 4662.000000 33608.000000 7130.000000
1013811 27.360230 12.184867 20013.000000 53784.000000 60887.000000 12283.000000 3118.000000 316.000000 4296.000000 33771.000000 7103.000000
1014811 27.074124 12.080460 20292.000000 54266.000000 61347.000000 13159.000000 2975.000000 330.000000 3828.000000 33974.000000 7081.000000
1015811 26.770626 11.954656 20517.000000 54692.000000 61750.000000 14028.000000 2808.000000 324.000000 3357.000000 34175.000000 7058.000000
1016811 26.915747 12.033762 20760.000000 55151.000000 62200.000000 14815.000000 2762.000000 436.000000 2747.000000 34391.000000 7049.000000
1017811 27.018879 12.066616 20811.000000 55336.000000 62387.000000 15035.000000 2889.000000 477.000000 2410.000000 34525.000000 7051.000000
1018811 27.161823 12.125581 20805.000000 55365.000000 62430.000000 14961.000000 3094.000000 505.000000 2245.000000 34560.000000 7065.000000
1019811 27.939857 12.462984 20753.000000 55359.000000 62473.000000 14569.000000 3469.000000 672.000000 2043.000000 34606.000000 7114.000000
1020811 28.421015 12.661693 20604.000000 55240.000000 62464.000000 14117.000000 3927.000000 685.000000 1875.000000 34636.000000 7224.000000
1021811 28.530301 12.704110 20516.000000 55133.000000 62405.000000 13698.000000 4377.000000 656.000000 1785.000000 34617.000000 7272.000000
1022811 28.725210 12.767734 20443.000000 55042.000000 62282.000000 13142.000000 4827.000000 712.000000 1762.000000 34599.000000 7240.000000
1023811 29.098361 12.904108 20270.000000 54872.000000 62174.000000 12524.000000 5286.000000 721.000000 1739.000000 34602.000000 7302.000000
1024811 29.475871 13.038291 20112.000000 54701.000000 62025.000000 11701.000000 5741.000000 763.000000 1907.000000 34589.000000 7324.000000
1025811 29.806953 13.149007 19971.000000 54555.000000 61883.000000 10869.000000 6204.000000 809.000000 2089.000000 34584.000000 7328.000000
1026811 30.050004 13.223207 19833.000000 54443.000000 61808.000000 10035.000000 6632.000000 808.000000 2358.000000 34610.000000 7365.000000
1027811 30.183039 13.250709 19711.000000 54338.000000 61725.000000 9195.000000 6991.000000 792.000000 2733.000000 34627.000000 7387.000000
1028811 29.747725 13.033191 19633.000000 54303.000000 61704.000000 8644.000000 7160.000000 641.000000 3188.000000 34670.000000 7401.000000
1029811 29.649116 12.964373 19498.000000 54232.000000 61723.000000 8514.000000 6956.000000 511.000000 3517.000000 34734.000000 7491.000000
1030811 29.704804 12.971469 19462.000000 54291.000000 61828.000000 8518.000000 6663.000000 483.000000 3798.000000 34829.000000 7537.000000
1031811 29.857802 13.035976 19518.000000 54456.000000 62013.000000 8663.000000 6328.000000 527.000000 4000.000000 34938.000000 7557.000000
1032811 29.535415 12.896433 19583.000000 54630.000000 62211.000000 9036.000000 5896.000000 442.000000 4209.000000 35047.000000 7581.000000
1033811 29.208228 12.780993 19780.000000 54957.000000 62546.000000 9683.000000 5297.000000 405.000000 4395.000000 35177.000000 7589.000000
1034811 28.921302 12.677535 19976.000000 55290.000000 62875.000000 10331.000000 4610.000000 386.000000 4649.000000 35314.000000 7585.000000
1035811 28.360254 12.444627 20171.000000 55643.000000 63208.000000 11081.000000 3918.000000 301.000000 4871.000000 35472.000000 7565.000000
1036811 27.990858 12.325837 20502.000000 56090.000000 63590.000000 11910.000000 3521.000000 338.000000 4733.000000 35588.000000 7500.000000
1037811 27.646538 12.198400 20749.000000 56506.000000 63992.000000 12727.000000 3308.000000 320.000000 4394.000000 35757.000000 7486.000000
1038811 27.359320 12.079641 21011.000000 56999.000000 64439.000000 13587.000000 3151.000000 344.000000 3929.000000 35988.000000 7440.000000
1039811 27.018915 11.935374 21297.000000 57509.000000 64866.000000 14528.000000 3002.000000 385.000000 3382.000000 36212.000000 7357.000000
1040811 26.976390 11.947153 21581.000000 57973.000000 65321.000000 15339.000000 2950.000000 456.000000 2836.000000 36392.000000 7348.000000
1041811 27.032891 11.974796 21648.000000 58159.000000 65546.000000 15613.000000 3033.000000 462.000000 2540.000000 36511.000000 7387.000000
1042811 27.411360 12.133541 21645.000000 58223.000000 65628.000000 15501.000000 3189.000000 558.000000 2397.000000 36578.000000 7405.000000
1043811 27.826447 12.295594 21548.000000 58171.000000 65617.000000 15149.000000 3600.000000 622.000000 2177.000000 36623.000000 7446.000000
1044811 28.292178 12.492566 21514.000000 58134.000000 65575.000000 14681.000000 4043.000000 751.000000 2039.000000 36620.000000 7441.000000
1045811 28.536763 12.570434 21325.000000 57965.000000 65487.000000 14156.000000 4533.000000 710.000000 1926.000000 36640.000000 7522.000000
1046811 28.908524 12.744604 21226.000000 57829.000000 65463.000000 13677.000000 4957.000000 709.000000 1883.000000 36603.000000 7634.000000
1047811 29.322340 12.894689 21080.000000 57702.000000 65368.000000 13043.000000 5421.000000 763.000000 1853.000000 36622.000000 7666.000000
1048811 29.476700 12.939932 20935.000000 57518.000000 65209.000000 12276.000000 5921.000000 747.000000 1991.000000 36583.000000 7691.000000
1049811 29.915308 13.126334 20840.000000 57387.000000 65121.000000 11514.000000 6347.000000 814.000000 2165.000000 36547.000000 7734.000000
1050811 30.355198 13.287606 20683.000000 57243.000000 65023.000000 10611.000000 6810.000000 860.000000 2402.000000 36560.000000 7780.000000
1051811 30.427128 13.298961 20571.000000 57147.000000 64975.000000 9747.000000 7231.000000 813.000000 2780.000000 36576.000000 7828.000000
1052811 29.852484 13.018853 20486.000000 57125.000000 64975.000000 9206.000000 7423.000000 609.000000 3248.000000 36639.000000 7850.000000
1053811 29.781218 12.971458 20390.000000 57055.000000 64958.000000 9054.000000 7226.000000 523.000000 3587.000000 36665.000000 7903.000000
1054811 29.706965 12.912257 20337.000000 57089.000000 65008.000000 9076.000000 6935.000000 475.000000 3851.000000 36752.000000 7919.000000
1055811 29.780996 12.941899 20395.000000 57230.000000 65145.000000 9171.000000 6540.000000 516.000000 4168.000000 36835.000000 7915.000000
1056811 29.495085 12.804981 20494.000000 57486.000000 65373.000000 9544.000000 6161.000000 484.000000 4305.000000 36992.000000 7887.000000
1057811 29.207539 12.693942 20696.000000 57829.000000 65677.000000 10101.000000 5602.000000 489.000000 4504.000000 37133.000000 7848.000000
1058811 28.557984 12.421918 20863.000000 58130.000000 65956.000000 10676.000000 5020.000000 367.000000 4800.000000 37267.000000 7826.000000
1059811 28.163604 12.275463 21106.000000 58510.000000 66303.000000 11415.000000 4250.000000 346.000000 5095.000000 37404.000000 7793.000000
1060811 27.988448 12.208692 21338.000000 58933.000000 66682.000000 12146.000000 3856.000000 392.000000 4944.000000 37595.000000 7749.000000
1061811 27.430639 11.986460 21621.000000 59377.000000 67059.000000 12987.000000 3714.000000 356.000000 4564.000000 37756.000000 7682.000000
1062811 27.215468 11.898910 21858.000000 59871.000000 67544.000000 13885.000000 3570.000000 364.000000 4039.000000 38013.000000 7673.000000
1063811 26.864819 11.755629 22134.000000 60403.000000 68044.000000 14824.000000 3384.000000 358.000000 3568.000000 38269.000000 7641.000000
1064811 26.815327 11.771829 22475.000000 60929.000000 68545.000000 15754.000000 3287.000000 453.000000 2981.000000 38454.000000 7616.000000
1065811 26.958801 11.822639 22527.000000 61122.000000 68741.000000 15968.000000 3290.000000 508.000000 2761.000000 38595.000000 7619.000000
1066811 27.196417 11.912686 22499.000000 61168.000000 68809.000000 15878.000000 3450.000000 556.000000 2615.000000 38669.000000 7641.000000
1067811 27.742129 12.125263 22419.000000 61157.000000 68815.000000 15515.000000 3754.000000 686.000000 2464.000000 38738.000000 7658.000000
1068811 28.184634 12.299084 22304.000000 61087.000000 68810.000000 15101.000000 4162.000000 740.000000 2301.000000 38783.000000 7723.000000
1069811 28.257242 12.318145 22231.000000 61003.000000 68736.000000 14690.000000 4626.000000 734.000000 2181.000000 38772.000000 7733.000000
1070811 28.205386 12.276870 22191.000000 60978.000000 68682.000000 14296.000000 5073.000000 728.000000 2094.000000 38787.000000 7704.000000
1071811 28.444430 12.363663 22097.000000 60868.000000 68580.000000 13712.000000 5552.000000 767.000000 2066.000000 38771.000000 7712.000000
1072811 28.672507 12.429346 21953.000000 60740.000000 68467.000000 12982.000000 6063.000000 783.000000 2125.000000 38787.000000 7727.000000
1073811 29.071342 12.560316 21783.000000 60625.000000 68390.000000 12147.000000 6517.000000 825.000000 2294.000000 38842.000000 7765.000000
1074811 29.546460 12.718033 21596.000000 60486.000000 68281.000000 11262.000000 6942.000000 889.000000 2503.000000 38890.000000 7795.000000
1075811 29.905074 12.831670 21437.000000 60404.000000 68253.000000 10315.000000 7389.000000 909.000000 2824.000000 38967.000000 7849.000000
1076811 29.153122 12.486627 21344.000000 60352.000000 68233.000000 9817.000000 7638.000000 639.000000 3250.000000 39008.000000 7881.000000
1077811 29.049205 12.407239 21209.000000 60272.000000 68186.000000 9621.000000 7380.000000 546.000000 3662.000000 39063.000000 7914.000000
1078811 28.960923 12.354251 21222.000000 60368.000000 68268.000000 9638.000000 7092.000000 534.000000 3958.000000 39146.000000 7900.000000
1079811 29.133966 12.422732 21224.000000 60476.000000 68431.000000 9710.000000 6681.000000 546.000000 4287.000000 39252.000000 7955.000000
1080811 29.062340 12.390592 21285.000000 60675.000000 68665.000000 9999.000000 6297.000000 518.000000 4471.000000 39390.000000 7990.000000
1081811 28.948890 12.345375 21414.000000 60964.000000 68957.000000 10404.000000 5806.000000 520.000000 4684.000000 39550.000000 7993.000000
1082811 28.756047 12.269939 21516.000000 61232.000000 69275.000000 10981.000000 5166.000000 457.000000 4912.000000 39716.000000 8043.000000
1083811 28.412490 12.137616 21699.000000 61591.000000 69643.000000 11686.000000 4450.000000 401.000000 5162.000000 39892.000000 8052.000000
1084811 27.995200 11.986184 21962.000000 62028.000000 70064.000000 12532.000000 4072.000000 362.000000 4996.000000 40066.000000 8036.000000
1085811 27.851204 11.934028 22167.000000 62432.000000 70454.000000 13253.000000 3868.000000 386.000000 4660.000000 40265.000000 8022.000000
1086811 27.623782 11.834812 22375.000000 62900.000000 70901.000000 14109.000000 3693.000000 390.000000 4183.000000 40525.000000 8001.000000
1087811 27.367904 11.720282 22573.000000 63380.000000 71372.000000 14969.000000 3562.000000 373.000000 3669.000000 40807.000000 7992.000000
1088811 27.340142 11.703935 22780.000000 63856.000000 71822.000000 15827.000000 3372.000000 440.000000 3141.000000 41076.000000 7966.000000
1089811 27.618801 11.840790 22903.000000 64067.000000 72056.000000 16118.000000 3340.000000 543.000000 2902.000000 41164.000000 7989.000000
1090811 27.738053 11.882849 22895.000000 64134.000000 72146.000000 16050.000000 3521.000000 561.000000 2763.000000 41239.000000 8012.000000
1091811 28.191111 12.075989 22851.000000 64105.000000 72168.000000 15789.000000 3798.000000 652.000000 2612.000000 41254.000000 8063.000000
1092811 28.501491 12.188055 22781.000000 64065.000000 72128.000000 15410.000000 4206.000000 728.000000 2437.000000 41284.000000 8063.000000
1093811 28.951644 12.351653 22623.000000 63979.000000 72128.000000 14955.000000 4642.000000 760.000000 2266.000000 41356.000000 8149.000000
1094811 29.059885 12.378456 22502.000000 63886.000000 72093.000000 14501.000000 5122.000000 717.000000 2162.000000 41384.000000 8207.000000
1095811 29.395048 12.500000 22412.000000 63790.000000 71992.000000 13937.000000 5588.000000 797.000000 2090.000000 41378.000000 8202.000000
1096811 29.780759 12.654514 22269.000000 63628.000000 71919.000000 13214.000000 6093.000000 810.000000 2152.000000 41359.000000 8291.000000
1097811 30.191033 12.803630 22124.000000 63497.000000 71839.000000 12426.000000 6539.000000 856.000000 2303.000000 41373.000000 8342.000000
1098811 30.368078 12.853420 21967.000000 63356.000000 71763.000000 11654.000000 6914.000000 817.000000 2582.000000 41389.000000 8407.000000
1099811 30.845903 13.029598 21839.000000 63269.000000 71729.000000 10764.000000 7305.000000 886.000000 2884.000000 41430.000000 8460.000000
1100811 30.187682 12.740026 21817.000000 63264.000000 71711.000000 10262.000000 7586.000000 689.000000 3280.000000 41447.000000 8447.000000
