762434 1.186131 0.260000 8768.000000 40000.000000 40000.000000 1143.000000 4828.000000 104.000000 2693.000000 31232.000000 0.000000
763434 1.680672 0.368434 8730.000000 40094.000000 40170.000000 1403.000000 4044.000000 72.000000 3211.000000 31364.000000 76.000000
764434 1.812210 0.396403 8699.000000 40233.000000 40363.000000 1795.000000 3114.000000 30.000000 3760.000000 31534.000000 130.000000
765434 1.947540 0.425616 8738.000000 40502.000000 40647.000000 2402.000000 2306.000000 28.000000 4002.000000 31764.000000 145.000000
766434 2.013423 0.438864 8774.000000 40849.000000 41015.000000 3162.000000 1595.000000 14.000000 4003.000000 32075.000000 166.000000
767434 1.962088 0.426928 8849.000000 41287.000000 41459.000000 4061.000000 1036.000000 5.000000 3747.000000 32438.000000 172.000000
768434 2.129294 0.462897 8935.000000 41734.000000 41910.000000 4944.000000 599.000000 18.000000 3374.000000 32799.000000 176.000000
769434 2.238080 0.487885 9061.000000 42240.000000 42428.000000 5955.000000 315.000000 19.000000 2772.000000 33179.000000 188.000000
770434 2.654394 0.578723 9130.000000 42640.000000 42853.000000 6737.000000 194.000000 35.000000 2164.000000 33510.000000 213.000000
771434 3.282018 0.710566 9099.000000 42950.000000 43205.000000 7349.000000 160.000000 52.000000 1538.000000 33851.000000 255.000000
772434 4.072735 0.880379 9097.000000 43197.000000 43504.000000 7827.000000 172.000000 76.000000 1022.000000 34100.000000 307.000000
773434 5.488579 1.186177 9066.000000 43364.000000 43754.000000 8086.000000 263.000000 129.000000 588.000000 34298.000000 390.000000
774434 7.457341 1.611802 8955.000000 43387.000000 43926.000000 8094.000000 392.000000 169.000000 300.000000 34432.000000 539.000000
775434 9.803303 2.117652 8783.000000 43287.000000 44011.000000 7870.000000 553.000000 208.000000 152.000000 34504.000000 724.000000
776434 13.331232 2.880621 8569.000000 43103.000000 44053.000000 7388.000000 766.000000 319.000000 96.000000 34534.000000 950.000000
777434 17.241017 3.723537 8256.000000 42809.000000 44071.000000 6706.000000 1091.000000 379.000000 80.000000 34553.000000 1262.000000
778434 21.576458 4.657758 7902.000000 42464.000000 44077.000000 5888.000000 1479.000000 440.000000 95.000000 34562.000000 1613.000000
779434 26.731113 5.770409 7498.000000 42068.000000 44087.000000 4976.000000 1884.000000 525.000000 113.000000 34570.000000 2019.000000
780434 31.687848 6.842201 7059.000000 41632.000000 44094.000000 3983.000000 2349.000000 555.000000 172.000000 34573.000000 2462.000000
781434 35.125486 7.584518 6643.000000 41223.000000 44103.000000 3086.000000 2812.000000 465.000000 280.000000 34580.000000 2880.000000
782434 37.906781 8.185424 6311.000000 40900.000000 44115.000000 2355.000000 3144.000000 396.000000 416.000000 34589.000000 3215.000000
783434 40.547629 8.757817 6052.000000 40652.000000 44132.000000 1691.000000 3404.000000 385.000000 572.000000 34600.000000 3480.000000
784434 42.608513 9.204358 5794.000000 40409.000000 44153.000000 1120.000000 3539.000000 320.000000 815.000000 34615.000000 3744.000000
785434 43.292811 9.348269 5647.000000 40295.000000 44190.000000 763.000000 3520.000000 236.000000 1128.000000 34648.000000 3895.000000
786434 42.925961 9.263277 5559.000000 40260.000000 44250.000000 699.000000 3327.000000 109.000000 1424.000000 34701.000000 3990.000000
787434 42.779292 9.213199 5521.000000 40285.000000 44306.000000 823.000000 2838.000000 61.000000 1799.000000 34764.000000 4021.000000
788434 42.274205 9.084351 5521.000000 40350.000000 44362.000000 1029.000000 2298.000000 18.000000 2176.000000 34829.000000 4012.000000
789434 41.395107 8.930015 5646.000000 40565.000000 44524.000000 1475.000000 1743.000000 17.000000 2411.000000 34919.000000 3959.000000
790434 40.574321 8.779419 5768.000000 40828.000000 44741.000000 2021.000000 1250.000000 15.000000 2482.000000 35060.000000 3913.000000
791434 39.782854 8.635333 5885.000000 41100.000000 44978.000000 2586.000000 860.000000 6.000000 2433.000000 35215.000000 3878.000000
792434 39.075801 8.515337 6022.000000 41437.000000 45283.000000 3260.000000 487.000000 10.000000 2265.000000 35415.000000 3846.000000
793434 38.358492 8.411522 6186.000000 41799.000000 45616.000000 3972.000000 223.000000 20.000000 1971.000000 35613.000000 3817.000000
794434 37.779537 8.317720 6312.000000 42108.000000 45902.000000 4598.000000 116.000000 24.000000 1574.000000 35796.000000 3794.000000
795434 37.297457 8.230756 6407.000000 42368.000000 46144.000000 5126.000000 94.000000 22.000000 1165.000000 35961.000000 3776.000000
796434 36.896518 8.164455 6514.000000 42596.000000 46335.000000 5550.000000 103.000000 44.000000 817.000000 36082.000000 3739.000000
797434 36.520982 8.122231 6647.000000 42807.000000 46502.000000 5947.000000 142.000000 82.000000 476.000000 36160.000000 3695.000000
798434 36.089862 8.006789 6699.000000 42920.000000 46548.000000 6169.000000 216.000000 99.000000 215.000000 36221.000000 3628.000000
799434 35.935055 7.907708 6693.000000 42930.000000 46461.000000 6140.000000 311.000000 143.000000 99.000000 36237.000000 3531.000000
800434 36.419013 7.883701 6574.000000 42820.000000 46260.000000 5847.000000 462.000000 207.000000 58.000000 36246.000000 3440.000000
801434 37.041225 7.836016 6395.000000 42648.000000 45980.000000 5398.000000 687.000000 271.000000 39.000000 36253.000000 3332.000000
802434 37.937640 7.809077 6140.000000 42395.000000 45652.000000 4853.000000 934.000000 308.000000 45.000000 36255.000000 3257.000000
803434 38.935698 7.757040 5881.000000 42136.000000 45275.000000 4195.000000 1244.000000 373.000000 69.000000 36255.000000 3139.000000
804434 39.674229 7.603291 5571.000000 41825.000000 44849.000000 3492.000000 1593.000000 386.000000 100.000000 36254.000000 3024.000000
805434 40.543505 7.482458 5270.000000 41528.000000 44464.000000 2773.000000 1953.000000 391.000000 153.000000 36258.000000 2936.000000
806434 41.451104 7.435155 4977.000000 41234.000000 44182.000000 2151.000000 2263.000000 337.000000 226.000000 36257.000000 2948.000000
807434 41.763402 7.289698 4781.000000 41039.000000 43925.000000 1612.000000 2520.000000 316.000000 333.000000 36258.000000 2886.000000
808434 42.706526 7.314620 4633.000000 40888.000000 43748.000000 1048.000000 2750.000000 340.000000 495.000000 36255.000000 2860.000000
809434 42.787485 7.238772 4472.000000 40729.000000 43640.000000 646.000000 2860.000000 248.000000 718.000000 36257.000000 2911.000000
810434 41.728966 7.039024 4419.000000 40676.000000 43614.000000 515.000000 2819.000000 132.000000 953.000000 36257.000000 2938.000000
811434 41.661012 7.036927 4352.000000 40610.000000 43627.000000 557.000000 2517.000000 53.000000 1225.000000 36258.000000 3017.000000
812434 41.130657 7.008031 4408.000000 40668.000000 43707.000000 751.000000 2109.000000 24.000000 1524.000000 36260.000000 3039.000000
813434 40.065703 6.950714 4573.000000 40829.000000 43866.000000 1110.000000 1695.000000 12.000000 1756.000000 36256.000000 3037.000000
814434 38.774990 6.904136 4816.000000 41067.000000 44104.000000 1605.000000 1306.000000 8.000000 1897.000000 36251.000000 3037.000000
815434 37.447647 6.851322 5084.000000 41337.000000 44371.000000 2166.000000 931.000000 6.000000 1981.000000 36253.000000 3034.000000
816434 36.078431 6.794834 5387.000000 41653.000000 44681.000000 2806.000000 502.000000 8.000000 2071.000000 36266.000000 3028.000000
817434 34.281827 6.708075 5807.000000 42066.000000 45080.000000 3652.000000 223.000000 10.000000 1922.000000 36259.000000 3014.000000
818434 32.811651 6.641149 6194.000000 42452.000000 45459.000000 4441.000000 100.000000 12.000000 1641.000000 36258.000000 3007.000000
819434 31.586106 6.591127 6567.000000 42813.000000 45804.000000 5161.000000 87.000000 28.000000 1291.000000 36246.000000 2991.000000
820434 30.629810 6.556844 6887.000000 43146.000000 46135.000000 5823.000000 104.000000 36.000000 924.000000 36259.000000 2989.000000
821434 29.751419 6.539744 7242.000000 43509.000000 46485.000000 6549.000000 126.000000 64.000000 503.000000 36267.000000 2976.000000
822434 29.390232 6.538931 7426.000000 43704.000000 46659.000000 6927.000000 183.000000 96.000000 220.000000 36278.000000 2955.000000
823434 29.509143 6.568546 7454.000000 43741.000000 46677.000000 6963.000000 279.000000 130.000000 82.000000 36287.000000 2936.000000
824434 30.395876 6.710473 7346.000000 43634.000000 46569.000000 6675.000000 438.000000 190.000000 43.000000 36288.000000 2935.000000
825434 31.735341 6.907405 7162.000000 43451.000000 46385.000000 6213.000000 640.000000 270.000000 39.000000 36289.000000 2934.000000
826434 33.265823 7.115626 6886.000000 43177.000000 46166.000000 5686.000000 852.000000 296.000000 52.000000 36291.000000 2989.000000
827434 34.723670 7.257590 6615.000000 42908.000000 45883.000000 5021.000000 1167.000000 355.000000 72.000000 36293.000000 2975.000000
828434 36.936646 7.532354 6308.000000 42601.000000 45590.000000 4203.000000 1568.000000 445.000000 92.000000 36293.000000 2989.000000
829434 38.496558 7.653760 5965.000000 42257.000000 45298.000000 3412.000000 1994.000000 426.000000 133.000000 36292.000000 3041.000000
830434 40.342661 7.840352 5645.000000 41939.000000 45049.000000 2659.000000 2361.000000 422.000000 203.000000 36294.000000 3110.000000
831434 41.535042 7.917215 5386.000000 41678.000000 44839.000000 1981.000000 2718.000000 389.000000 298.000000 36292.000000 3161.000000
832434 43.641136 8.187658 5172.000000 41467.000000 44677.000000 1188.000000 3062.000000 448.000000 474.000000 36295.000000 3210.000000
833434 43.316742 8.011676 4948.000000 41246.000000 44535.000000 668.000000 3337.000000 279.000000 664.000000 36298.000000 3289.000000
834434 42.380137 7.790894 4876.000000 41175.000000 44475.000000 442.000000 3390.000000 165.000000 879.000000 36299.000000 3300.000000
835434 41.690280 7.617676 4785.000000 41091.000000 44423.000000 489.000000 3057.000000 52.000000 1187.000000 36306.000000 3332.000000
836434 40.861138 7.492296 4841.000000 41148.000000 44459.000000 678.000000 2603.000000 20.000000 1540.000000 36307.000000 3311.000000
837434 39.804655 7.400184 4998.000000 41312.000000 44607.000000 1046.000000 2146.000000 6.000000 1800.000000 36314.000000 3295.000000
838434 38.845517 7.333631 5176.000000 41502.000000 44780.000000 1437.000000 1674.000000 6.000000 2059.000000 36326.000000 3278.000000
839434 37.751929 7.282502 5418.000000 41747.000000 45012.000000 1936.000000 1180.000000 13.000000 2289.000000 36329.000000 3265.000000
840434 36.180124 7.192627 5759.000000 42095.000000 45352.000000 2670.000000 620.000000 5.000000 2464.000000 36336.000000 3257.000000
841434 34.557649 7.093997 6162.000000 42526.000000 45757.000000 3542.000000 226.000000 15.000000 2379.000000 36364.000000 3231.000000
842434 33.220478 7.017468 6529.000000 42924.000000 46142.000000 4344.000000 92.000000 20.000000 2073.000000 36395.000000 3218.000000
843434 32.068931 6.959849 6892.000000 43319.000000 46524.000000 5153.000000 73.000000 33.000000 1633.000000 36427.000000 3205.000000
844434 30.716267 6.845111 7273.000000 43740.000000 46924.000000 6012.000000 86.000000 28.000000 1147.000000 36467.000000 3184.000000
845434 29.474366 6.729632 7671.000000 44193.000000 47328.000000 6890.000000 113.000000 50.000000 618.000000 36522.000000 3135.000000
846434 29.148472 6.734771 7875.000000 44457.000000 47574.000000 7383.000000 162.000000 87.000000 243.000000 36582.000000 3117.000000
847434 29.106916 6.735555 7947.000000 44542.000000 47613.000000 7486.000000 251.000000 136.000000 74.000000 36595.000000 3071.000000
848434 29.758738 6.829186 7832.000000 44433.000000 47502.000000 7204.000000 409.000000 175.000000 44.000000 36601.000000 3069.000000
849434 30.472904 6.903036 7679.000000 44285.000000 47327.000000 6832.000000 584.000000 225.000000 38.000000 36606.000000 3042.000000
850434 31.149107 6.926802 7482.000000 44091.000000 47078.000000 6342.000000 826.000000 274.000000 40.000000 36609.000000 2987.000000
851434 32.879930 7.175194 7249.000000 43858.000000 46828.000000 5661.000000 1140.000000 390.000000 58.000000 36609.000000 2970.000000
852434 35.086659 7.482701 6910.000000 43520.000000 46534.000000 4823.000000 1541.000000 468.000000 78.000000 36610.000000 3014.000000
853434 36.724282 7.631721 6546.000000 43157.000000 46215.000000 3973.000000 1992.000000 469.000000 112.000000 36611.000000 3058.000000
854434 38.221076 7.748258 6200.000000 42811.000000 45920.000000 3153.000000 2421.000000 449.000000 177.000000 36611.000000 3109.000000
855434 40.414965 8.017691 5883.000000 42496.000000 45674.000000 2263.000000 2844.000000 484.000000 292.000000 36613.000000 3178.000000
856434 42.613315 8.293005 5585.000000 42198.000000 45460.000000 1367.000000 3259.000000 508.000000 451.000000 36613.000000 3262.000000
857434 42.556877 8.139509 5326.000000 41940.000000 45273.000000 691.000000 3649.000000 352.000000 634.000000 36614.000000 3333.000000
858434 41.243136 7.813538 5205.000000 41824.000000 45178.000000 399.000000 3753.000000 176.000000 877.000000 36619.000000 3354.000000
859434 40.621701 7.671348 5101.000000 41718.000000 45142.000000 462.000000 3436.000000 39.000000 1164.000000 36617.000000 3424.000000
860434 39.736259 7.535687 5180.000000 41796.000000 45185.000000 682.000000 2957.000000 16.000000 1525.000000 36616.000000 3389.000000
861434 38.882502 7.462654 5322.000000 41943.000000 45319.000000 1001.000000 2471.000000 6.000000 1844.000000 36621.000000 3376.000000
862434 38.086114 7.426374 5499.000000 42127.000000 45500.000000 1390.000000 1960.000000 6.000000 2143.000000 36628.000000 3373.000000
863434 36.973684 7.369847 5755.000000 42389.000000 45754.000000 1932.000000 1353.000000 7.000000 2463.000000 36634.000000 3365.000000
864434 35.643670 7.279161 6058.000000 42714.000000 46063.000000 2607.000000 725.000000 4.000000 2722.000000 36656.000000 3349.000000
865434 34.090909 7.194322 6477.000000 43160.000000 46495.000000 3502.000000 249.000000 10.000000 2716.000000 36683.000000 3335.000000
866434 32.447017 7.049970 6894.000000 43610.000000 46908.000000 4411.000000 86.000000 9.000000 2388.000000 36716.000000 3298.000000
867434 31.176693 6.964459 7299.000000 44053.000000 47326.000000 5297.000000 67.000000 23.000000 1912.000000 36754.000000 3273.000000
868434 29.778709 6.841863 7740.000000 44553.000000 47794.000000 6300.000000 81.000000 29.000000 1330.000000 36813.000000 3241.000000
869434 28.805209 6.784227 8146.000000 45039.000000 48259.000000 7262.000000 100.000000 54.000000 730.000000 36893.000000 3220.000000
870434 28.114246 6.724557 8428.000000 45402.000000 48598.000000 7935.000000 164.000000 72.000000 257.000000 36974.000000 3196.000000
871434 28.494023 6.810566 8465.000000 45483.000000 48645.000000 7963.000000 274.000000 151.000000 77.000000 37018.000000 3162.000000
872434 29.049066 6.890656 8349.000000 45378.000000 48544.000000 7720.000000 419.000000 179.000000 31.000000 37029.000000 3166.000000
873434 29.935858 7.038093 8200.000000 45227.000000 48408.000000 7363.000000 579.000000 226.000000 32.000000 37027.000000 3181.000000
874434 31.066571 7.202722 8015.000000 45043.000000 48204.000000 6812.000000 853.000000 311.000000 39.000000 37028.000000 3161.000000
875434 32.706183 7.464149 7740.000000 44767.000000 47976.000000 6149.000000 1170.000000 372.000000 49.000000 37027.000000 3209.000000
876434 34.911243 7.796212 7429.000000 44459.000000 47677.000000 5304.000000 1551.000000 499.000000 75.000000 37030.000000 3218.000000
877434 35.989518 7.833858 7050.000000 44080.000000 47333.000000 4407.000000 2072.000000 455.000000 116.000000 37030.000000 3253.000000
878434 38.168168 8.108970 6680.000000 43712.000000 47022.000000 3509.000000 2480.000000 503.000000 188.000000 37032.000000 3310.000000
879434 40.206186 8.345816 6346.000000 43376.000000 46730.000000 2528.000000 2970.000000 546.000000 302.000000 37030.000000 3354.000000
880434 42.494423 8.613079 6004.000000 43032.000000 46441.000000 1498.000000 3467.000000 591.000000 448.000000 37028.000000 3409.000000
881434 42.815217 8.520810 5693.000000 42721.000000 46228.000000 693.000000 3940.000000 432.000000 628.000000 37028.000000 3507.000000
882434 41.111111 8.102775 5501.000000 42531.000000 46120.000000 402.000000 4040.000000 148.000000 911.000000 37030.000000 3589.000000
883434 40.330084 7.905422 5433.000000 42462.000000 46057.000000 474.000000 3702.000000 46.000000 1211.000000 37029.000000 3595.000000
884434 39.500994 7.763409 5497.000000 42527.000000 46088.000000 676.000000 3244.000000 17.000000 1560.000000 37030.000000 3561.000000
885434 38.711082 7.694139 5637.000000 42668.000000 46217.000000 984.000000 2731.000000 7.000000 1915.000000 37031.000000 3549.000000
886434 37.850816 7.644397 5831.000000 42860.000000 46400.000000 1384.000000 2170.000000 7.000000 2270.000000 37029.000000 3540.000000
887434 36.514523 7.540380 6120.000000 43162.000000 46682.000000 2017.000000 1531.000000 0.000000 2572.000000 37042.000000 3520.000000
888434 35.125088 7.435450 6463.000000 43528.000000 47018.000000 2757.000000 822.000000 6.000000 2878.000000 37065.000000 3490.000000
889434 33.559125 7.314295 6876.000000 43956.000000 47414.000000 3615.000000 270.000000 10.000000 2981.000000 37080.000000 3458.000000
890434 32.062989 7.190020 7313.000000 44439.000000 47858.000000 4576.000000 95.000000 22.000000 2620.000000 37126.000000 3419.000000
891434 30.494481 7.031703 7761.000000 44942.000000 48324.000000 5581.000000 83.000000 16.000000 2081.000000 37181.000000 3382.000000
892434 29.381175 6.945725 8183.000000 45452.000000 48807.000000 6599.000000 84.000000 35.000000 1465.000000 37269.000000 3355.000000
893434 28.178464 6.815969 8605.000000 45977.000000 49296.000000 7651.000000 105.000000 41.000000 808.000000 37372.000000 3319.000000
894434 27.763685 6.829160 8914.000000 46377.000000 49684.000000 8384.000000 163.000000 86.000000 281.000000 37463.000000 3307.000000
895434 27.981427 6.901609 8984.000000 46479.000000 49771.000000 8491.000000 278.000000 143.000000 72.000000 37495.000000 3292.000000
896434 28.505747 6.988587 8871.000000 46372.000000 49681.000000 8252.000000 415.000000 163.000000 41.000000 37501.000000 3309.000000
897434 29.252888 7.105513 8738.000000 46244.000000 49539.000000 7872.000000 608.000000 225.000000 33.000000 37506.000000 3295.000000
898434 30.607240 7.335563 8531.000000 46042.000000 49335.000000 7281.000000 879.000000 326.000000 45.000000 37511.000000 3293.000000
899434 31.711105 7.484877 8298.000000 45808.000000 49099.000000 6564.000000 1294.000000 384.000000 56.000000 37510.000000 3291.000000
900434 33.259502 7.693096 7982.000000 45492.000000 48797.000000 5717.000000 1733.000000 449.000000 83.000000 37510.000000 3305.000000
901434 35.034231 7.918953 7634.000000 45145.000000 48466.000000 4760.000000 2247.000000 517.000000 110.000000 37511.000000 3321.000000
902434 36.873351 8.131416 7232.000000 44742.000000 48122.000000 3738.000000 2769.000000 533.000000 192.000000 37510.000000 3380.000000
903434 38.709677 8.334554 6890.000000 44399.000000 47801.000000 2726.000000 3286.000000 582.000000 296.000000 37509.000000 3402.000000
904434 41.267620 8.688331 6490.000000 43999.000000 47512.000000 1638.000000 3783.000000 615.000000 454.000000 37509.000000 3513.000000
905434 42.002667 8.663083 6133.000000 43644.000000 47258.000000 781.000000 4207.000000 480.000000 665.000000 37511.000000 3614.000000
906434 40.325441 8.208765 5928.000000 43437.000000 47096.000000 399.000000 4326.000000 207.000000 996.000000 37509.000000 3659.000000
907434 39.673059 8.046930 5793.000000 43299.000000 47049.000000 480.000000 3923.000000 36.000000 1354.000000 37506.000000 3750.000000
908434 38.966451 7.940383 5876.000000 43379.000000 47101.000000 702.000000 3430.000000 18.000000 1726.000000 37503.000000 3722.000000
909434 38.174530 7.863147 6024.000000 43528.000000 47233.000000 1036.000000 2835.000000 9.000000 2144.000000 37504.000000 3705.000000
910434 37.292233 7.803706 6229.000000 43741.000000 47439.000000 1482.000000 2203.000000 4.000000 2540.000000 37512.000000 3698.000000
911434 35.974597 7.709380 6553.000000 44078.000000 47760.000000 2182.000000 1547.000000 0.000000 2824.000000 37525.000000 3682.000000
912434 34.674981 7.623598 6925.000000 44481.000000 48140.000000 2990.000000 856.000000 11.000000 3068.000000 37556.000000 3659.000000
913434 33.193698 7.504169 7347.000000 44939.000000 48573.000000 3932.000000 267.000000 11.000000 3137.000000 37592.000000 3634.000000
914434 31.936530 7.427267 7795.000000 45437.000000 49049.000000 4940.000000 87.000000 31.000000 2737.000000 37642.000000 3612.000000
915434 30.460159 7.266380 8235.000000 45970.000000 49557.000000 6028.000000 71.000000 14.000000 2122.000000 37735.000000 3587.000000
916434 29.209257 7.135580 8680.000000 46510.000000 50059.000000 7114.000000 83.000000 23.000000 1460.000000 37830.000000 3549.000000
917434 28.117321 7.018203 9111.000000 47036.000000 50540.000000 8140.000000 107.000000 43.000000 821.000000 37925.000000 3504.000000
918434 27.588345 6.989712 9438.000000 47466.000000 50932.000000 8918.000000 169.000000 94.000000 257.000000 38028.000000 3466.000000
919434 27.724532 7.033885 9468.000000 47526.000000 50996.000000 8995.000000 290.000000 117.000000 66.000000 38058.000000 3470.000000
920434 28.451296 7.177513 9394.000000 47460.000000 50909.000000 8716.000000 441.000000 205.000000 32.000000 38066.000000 3449.000000
921434 29.260222 7.316641 9228.000000 47296.000000 50761.000000 8275.000000 670.000000 249.000000 34.000000 38068.000000 3465.000000
922434 30.814791 7.613962 9025.000000 47096.000000 50565.000000 7591.000000 1010.000000 381.000000 43.000000 38071.000000 3469.000000
923434 32.497558 7.927871 8749.000000 46819.000000 50354.000000 6823.000000 1413.000000 457.000000 56.000000 38070.000000 3535.000000
924434 33.888843 8.122466 8407.000000 46477.000000 50071.000000 5890.000000 1967.000000 473.000000 77.000000 38070.000000 3594.000000
925434 35.831261 8.402702 8054.000000 46125.000000 49734.000000 4880.000000 2482.000000 570.000000 122.000000 38071.000000 3609.000000
926434 37.589594 8.604067 7632.000000 45703.000000 49372.000000 3807.000000 3043.000000 579.000000 203.000000 38071.000000 3669.000000
927434 39.279839 8.768744 7247.000000 45320.000000 49015.000000 2720.000000 3606.000000 603.000000 318.000000 38073.000000 3695.000000
928434 40.608178 8.836101 6861.000000 44936.000000 48664.000000 1659.000000 4138.000000 572.000000 492.000000 38075.000000 3728.000000
929434 41.715116 8.895731 6519.000000 44593.000000 48394.000000 741.000000 4526.000000 504.000000 748.000000 38074.000000 3801.000000
930434 39.820743 8.383271 6302.000000 44376.000000 48227.000000 387.000000 4608.000000 192.000000 1115.000000 38074.000000 3851.000000
931434 38.706151 8.091321 6204.000000 44279.000000 48138.000000 490.000000 4155.000000 36.000000 1523.000000 38075.000000 3859.000000
932434 37.858698 7.940890 6291.000000 44366.000000 48181.000000 734.000000 3592.000000 11.000000 1954.000000 38075.000000 3815.000000
933434 37.048957 7.859566 6462.000000 44544.000000 48336.000000 1110.000000 2988.000000 7.000000 2357.000000 38082.000000 3792.000000
934434 36.055264 7.789855 6720.000000 44801.000000 48576.000000 1647.000000 2306.000000 9.000000 2758.000000 38081.000000 3775.000000
935434 34.843302 7.703471 7051.000000 45160.000000 48926.000000 2395.000000 1599.000000 3.000000 3054.000000 38109.000000 3766.000000
936434 33.461745 7.572686 7434.000000 45594.000000 49322.000000 3275.000000 891.000000 7.000000 3261.000000 38160.000000 3728.000000
937434 32.017316 7.428239 7858.000000 46091.000000 49783.000000 4303.000000 279.000000 6.000000 3270.000000 38233.000000 3692.000000
938434 30.656203 7.305282 8333.000000 46620.000000 50265.000000 5354.000000 81.000000 27.000000 2871.000000 38287.000000 3645.000000
939434 29.245817 7.126536 8767.000000 47164.000000 50768.000000 6470.000000 70.000000 14.000000 2213.000000 38397.000000 3604.000000
940434 28.000000 6.997272 9265.000000 47760.000000 51320.000000 7652.000000 87.000000 31.000000 1495.000000 38495.000000 3560.000000
941434 27.105204 6.922958 9709.000000 48310.000000 51842.000000 8721.000000 116.000000 57.000000 815.000000 38601.000000 3532.000000
942434 26.679505 6.898665 9992.000000 48704.000000 52213.000000 9433.000000 189.000000 93.000000 277.000000 38712.000000 3509.000000
943434 26.940133 6.970340 10028.000000 48791.000000 52293.000000 9508.000000 315.000000 143.000000 62.000000 38763.000000 3502.000000
944434 27.754222 7.146141 9932.000000 48699.000000 52210.000000 9176.000000 499.000000 220.000000 37.000000 38767.000000 3511.000000
945434 28.490779 7.271435 9781.000000 48549.000000 52053.000000 8664.000000 801.000000 281.000000 35.000000 38768.000000 3504.000000
946434 29.937280 7.549717 9578.000000 48347.000000 51843.000000 7945.000000 1174.000000 418.000000 41.000000 38769.000000 3496.000000
947434 31.260255 7.758537 9261.000000 48031.000000 51569.000000 7079.000000 1666.000000 463.000000 53.000000 38770.000000 3538.000000
948434 33.085413 8.068417 8909.000000 47679.000000 51274.000000 6089.000000 2197.000000 542.000000 81.000000 38770.000000 3595.000000
949434 34.864798 8.327771 8493.000000 47264.000000 50938.000000 5037.000000 2760.000000 568.000000 128.000000 38771.000000 3674.000000
950434 36.603134 8.543578 8091.000000 46862.000000 50576.000000 3918.000000 3339.000000 607.000000 227.000000 38771.000000 3714.000000
951434 38.276465 8.715139 7692.000000 46462.000000 50200.000000 2733.000000 3954.000000 637.000000 368.000000 38770.000000 3738.000000
952434 40.003601 8.909740 7295.000000 46064.000000 49878.000000 1607.000000 4449.000000 630.000000 609.000000 38769.000000 3814.000000
953434 40.252325 8.807351 6943.000000 45713.000000 49629.000000 761.000000 4810.000000 455.000000 917.000000 38770.000000 3916.000000
954434 38.447856 8.305359 6746.000000 45514.000000 49450.000000 437.000000 4826.000000 171.000000 1312.000000 38768.000000 3936.000000
955434 37.674200 8.101322 6656.000000 45423.000000 49387.000000 557.000000 4322.000000 37.000000 1740.000000 38767.000000 3964.000000
956434 36.992706 7.998059 6750.000000 45518.000000 49462.000000 835.000000 3722.000000 12.000000 2181.000000 38768.000000 3944.000000
957434 36.124885 7.920433 6964.000000 45743.000000 49669.000000 1319.000000 3106.000000 8.000000 2531.000000 38779.000000 3926.000000
958434 35.061221 7.850082 7272.000000 46057.000000 49974.000000 1979.000000 2355.000000 6.000000 2932.000000 38785.000000 3917.000000
959434 33.772538 7.738604 7647.000000 46456.000000 50345.000000 2807.000000 1584.000000 7.000000 3249.000000 38809.000000 3889.000000
960434 32.431751 7.604435 8049.000000 46917.000000 50773.000000 3756.000000 843.000000 5.000000 3445.000000 38868.000000 3856.000000
961434 31.092164 7.470199 8494.000000 47436.000000 51257.000000 4808.000000 269.000000 8.000000 3409.000000 38942.000000 3821.000000
962434 29.778197 7.317215 8943.000000 47970.000000 51741.000000 5884.000000 82.000000 15.000000 2962.000000 39027.000000 3771.000000
963434 28.416173 7.149550 9439.000000 48578.000000 52297.000000 7108.000000 74.000000 20.000000 2237.000000 39139.000000 3719.000000
964434 27.204530 6.997068 9930.000000 49198.000000 52865.000000 8319.000000 102.000000 32.000000 1477.000000 39268.000000 3667.000000
965434 26.597421 6.957744 10316.000000 49721.000000 53365.000000 9317.000000 153.000000 69.000000 777.000000 39405.000000 3644.000000
966434 26.377260 6.977999 10574.000000 50087.000000 53726.000000 9969.000000 240.000000 110.000000 255.000000 39513.000000 3639.000000
967434 26.735038 7.075007 10599.000000 50158.000000 53795.000000 9978.000000 391.000000 169.000000 61.000000 39559.000000 3637.000000
968434 27.725085 7.294771 10501.000000 50069.000000 53696.000000 9545.000000 634.000000 290.000000 32.000000 39568.000000 3627.000000
969434 28.761442 7.510457 10302.000000 49870.000000 53552.000000 8914.000000 1009.000000 340.000000 39.000000 39568.000000 3682.000000
970434 30.397562 7.853501 10027.000000 49595.000000 53352.000000 8102.000000 1438.000000 433.000000 54.000000 39568.000000 3757.000000
971434 31.692285 8.047364 9705.000000 49274.000000 53036.000000 7161.000000 1969.000000 506.000000 69.000000 39569.000000 3762.000000
972434 33.254842 8.302202 9336.000000 48904.000000 52733.000000 6148.000000 2536.000000 549.000000 103.000000 39568.000000 3829.000000
973434 34.711779 8.467873 8914.000000 48485.000000 52339.000000 5057.000000 3109.000000 578.000000 170.000000 39571.000000 3854.000000
974434 36.456064 8.694481 8520.000000 48091.000000 51964.000000 3887.000000 3689.000000 645.000000 299.000000 39571.000000 3873.000000
975434 38.958126 9.086153 8043.000000 47613.000000 51606.000000 2669.000000 4212.000000 696.000000 466.000000 39570.000000 3993.000000
976434 40.152098 9.164668 7580.000000 47150.000000 51273.000000 1589.000000 4643.000000 576.000000 772.000000 39570.000000 4123.000000
977434 40.875657 9.154736 7224.000000 46794.000000 50990.000000 768.000000 4866.000000 472.000000 1118.000000 39570.000000 4196.000000
978434 39.101542 8.678466 7044.000000 46608.000000 50850.000000 503.000000 4810.000000 171.000000 1560.000000 39564.000000 4242.000000
979434 38.234772 8.471042 6993.000000 46563.000000 50832.000000 701.000000 4257.000000 37.000000 1998.000000 39570.000000 4269.000000
980434 37.372314 8.333661 7119.000000 46689.000000 50926.000000 1036.000000 3623.000000 7.000000 2453.000000 39570.000000 4237.000000
981434 36.274171 8.210238 7387.000000 46983.000000 51180.000000 1651.000000 2953.000000 5.000000 2778.000000 39596.000000 4197.000000
982434 35.256897 8.117085 7688.000000 47319.000000 51484.000000 2345.000000 2244.000000 14.000000 3085.000000 39631.000000 4165.000000
983434 34.023911 8.006243 8069.000000 47754.000000 51897.000000 3261.000000 1510.000000 12.000000 3286.000000 39685.000000 4143.000000
984434 32.674289 7.860704 8482.000000 48237.000000 52349.000000 4266.000000 795.000000 3.000000 3418.000000 39755.000000 4112.000000
985434 31.325023 7.704682 8937.000000 48779.000000 52838.000000 5351.000000 242.000000 12.000000 3332.000000 39842.000000 4059.000000
986434 30.052045 7.572692 9425.000000 49351.000000 53376.000000 6503.000000 86.000000 17.000000 2819.000000 39926.000000 4025.000000
987434 28.959538 7.437372 9864.000000 49914.000000 53890.000000 7623.000000 85.000000 32.000000 2124.000000 40050.000000 3976.000000
988434 28.029505 7.331729 10302.000000 50488.000000 54421.000000 8725.000000 117.000000 57.000000 1403.000000 40186.000000 3933.000000
989434 27.459044 7.296771 10660.000000 50972.000000 54901.000000 9666.000000 179.000000 77.000000 738.000000 40312.000000 3929.000000
990434 27.434583 7.364629 10911.000000 51320.000000 55237.000000 10221.000000 295.000000 151.000000 244.000000 40409.000000 3917.000000
991434 27.911363 7.493942 10915.000000 51366.000000 55298.000000 10169.000000 477.000000 212.000000 57.000000 40451.000000 3932.000000
992434 29.154776 7.777073 10770.000000 51227.000000 55175.000000 9605.000000 785.000000 343.000000 37.000000 40457.000000 3948.000000
993434 30.103164 7.958182 10538.000000 50998.000000 55000.000000 8909.000000 1213.000000 375.000000 41.000000 40460.000000 4002.000000
994434 31.843614 8.314767 10236.000000 50696.000000 54758.000000 8001.000000 1687.000000 491.000000 57.000000 40460.000000 4062.000000
995434 33.400057 8.580191 9863.000000 50326.000000 54451.000000 7040.000000 2193.000000 547.000000 83.000000 40463.000000 4125.000000
996434 35.329912 8.907249 9431.000000 49893.000000 54102.000000 5963.000000 2730.000000 610.000000 128.000000 40462.000000 4209.000000
997434 36.956685 9.129820 8981.000000 49442.000000 53736.000000 4837.000000 3324.000000 612.000000 208.000000 40461.000000 4294.000000
998434 38.459749 9.294175 8538.000000 49000.000000 53356.000000 3688.000000 3875.000000 603.000000 372.000000 40462.000000 4356.000000
999434 39.863673 9.392004 8121.000000 48579.000000 52928.000000 2570.000000 4342.000000 622.000000 587.000000 40458.000000 4349.000000
1000434 40.725106 9.364650 7746.000000 48203.000000 52538.000000 1510.000000 4699.000000 585.000000 952.000000 40457.000000 4335.000000
1001434 40.934183 9.226646 7406.000000 47871.000000 52240.000000 757.000000 4859.000000 451.000000 1339.000000 40465.000000 4369.000000
1002434 39.296137 8.785093 7234.000000 47695.000000 52111.000000 541.000000 4769.000000 162.000000 1762.000000 40461.000000 4416.000000
1003434 38.275626 8.566551 7226.000000 47691.000000 52133.000000 826.000000 4230.000000 24.000000 2146.000000 40465.000000 4442.000000
1004434 37.473470 8.445261 7374.000000 47861.000000 52266.000000 1222.000000 3605.000000 9.000000 2538.000000 40487.000000 4405.000000
1005434 36.246893 8.321129 7700.000000 48207.000000 52577.000000 1968.000000 2928.000000 5.000000 2799.000000 40507.000000 4370.000000
1006434 35.219465 8.231471 8023.000000 48583.000000 52931.000000 2745.000000 2184.000000 9.000000 3085.000000 40560.000000 4348.000000
1007434 34.117554 8.130661 8382.000000 49002.000000 53329.000000 3631.000000 1421.000000 9.000000 3321.000000 40620.000000 4327.000000
1008434 32.922063 7.993004 8761.000000 49459.000000 53747.000000 4568.000000 740.000000 8.000000 3445.000000 40698.000000 4288.000000
1009434 31.576208 7.830592 9218.000000 50004.000000 54236.000000 5681.000000 232.000000 15.000000 3290.000000 40786.000000 4232.000000
1010434 30.210958 7.661968 9711.000000 50586.000000 54764.000000 6826.000000 91.000000 18.000000 2776.000000 40875.000000 4178.000000
1011434 29.052970 7.526668 10199.000000 51180.000000 55310.000000 8001.000000 110.000000 33.000000 2055.000000 40981.000000 4130.000000
1012434 28.106529 7.408800 10638.000000 51758.000000 55839.000000 9120.000000 142.000000 56.000000 1320.000000 41120.000000 4081.000000
1013434 27.490542 7.358715 11027.000000 52247.000000 56287.000000 10008.000000 222.000000 102.000000 695.000000 41220.000000 4040.000000
1014434 27.482061 7.440702 11284.000000 52575.000000 56621.000000 10499.000000 392.000000 167.000000 226.000000 41291.000000 4046.000000
1015434 27.986971 7.581266 11297.000000 52613.000000 56666.000000 10397.000000 610.000000 243.000000 47.000000 41316.000000 4053.000000
1016434 29.470155 7.929601 11125.000000 52448.000000 56535.000000 9703.000000 987.000000 396.000000 39.000000 41323.000000 4087.000000
1017434 30.342708 8.068642 10874.000000 52197.000000 56292.000000 8929.000000 1452.000000 447.000000 46.000000 41323.000000 4095.000000
1018434 31.880905 8.369769 10528.000000 51852.000000 56035.000000 8053.000000 1892.000000 507.000000 76.000000 41324.000000 4183.000000
1019434 32.747191 8.432003 10116.000000 51442.000000 55657.000000 7118.000000 2413.000000 478.000000 107.000000 41326.000000 4215.000000
1020434 34.654318 8.735387 9706.000000 51035.000000 55258.000000 6012.000000 2930.000000 604.000000 160.000000 41329.000000 4223.000000
1021434 36.381093 8.977420 9255.000000 50586.000000 54871.000000 4907.000000 3436.000000 641.000000 271.000000 41331.000000 4285.000000
1022434 38.394827 9.264800 8783.000000 50113.000000 54475.000000 3674.000000 3954.000000 685.000000 470.000000 41330.000000 4362.000000
1023434 39.772905 9.387823 8319.000000 49651.000000 54102.000000 2554.000000 4420.000000 628.000000 717.000000 41332.000000 4451.000000
1024434 40.956592 9.474839 7929.000000 49263.000000 53774.000000 1531.000000 4687.000000 584.000000 1127.000000 41334.000000 4511.000000
1025434 40.861362 9.306280 7623.000000 48956.000000 53523.000000 830.000000 4837.000000 414.000000 1542.000000 41333.000000 4567.000000
1026434 39.157424 8.855736 7505.000000 48846.000000 53423.000000 654.000000 4768.000000 154.000000 1929.000000 41341.000000 4577.000000
1027434 38.055212 8.637103 7540.000000 48872.000000 53467.000000 1000.000000 4237.000000 23.000000 2280.000000 41332.000000 4595.000000
1028434 37.002190 8.500410 7776.000000 49115.000000 53668.000000 1554.000000 3618.000000 9.000000 2595.000000 41339.000000 4553.000000
1029434 35.810277 8.386715 8126.000000 49490.000000 54014.000000 2366.000000 2926.000000 6.000000 2828.000000 41364.000000 4524.000000
1030434 34.704112 8.272792 8465.000000 49875.000000 54371.000000 3188.000000 2189.000000 2.000000 3086.000000 41410.000000 4496.000000
1031434 33.511238 8.138155 8852.000000 50328.000000 54779.000000 4110.000000 1454.000000 7.000000 3281.000000 41476.000000 4451.000000
1032434 32.392512 8.022892 9258.000000 50799.000000 55217.000000 5072.000000 786.000000 12.000000 3388.000000 41541.000000 4418.000000
1033434 31.162197 7.883966 9723.000000 51337.000000 55708.000000 6159.000000 249.000000 21.000000 3294.000000 41614.000000 4371.000000
1034434 29.924998 7.731968 10220.000000 51934.000000 56247.000000 7319.000000 99.000000 36.000000 2766.000000 41714.000000 4313.000000
1035434 28.916873 7.605440 10651.000000 52484.000000 56762.000000 8423.000000 107.000000 39.000000 2082.000000 41833.000000 4278.000000
1036434 28.106066 7.526694 11112.000000 53079.000000 57316.000000 9555.000000 162.000000 77.000000 1318.000000 41967.000000 4237.000000
1037434 27.834196 7.548542 11448.000000 53524.000000 57733.000000 10320.000000 263.000000 149.000000 716.000000 42076.000000 4209.000000
1038434 28.132670 7.701187 11650.000000 53804.000000 58043.000000 10726.000000 451.000000 231.000000 242.000000 42154.000000 4239.000000
1039434 28.883297 7.904887 11619.000000 53802.000000 58078.000000 10491.000000 764.000000 315.000000 49.000000 42183.000000 4276.000000
1040434 30.169729 8.194061 11399.000000 53588.000000 57920.000000 9784.000000 1177.000000 414.000000 24.000000 42189.000000 4332.000000
1041434 30.981456 8.314981 11091.000000 53281.000000 57667.000000 8953.000000 1677.000000 409.000000 52.000000 42190.000000 4386.000000
1042434 32.383778 8.562313 10720.000000 52911.000000 57356.000000 8052.000000 2129.000000 466.000000 73.000000 42191.000000 4445.000000
1043434 33.574471 8.715033 10351.000000 52542.000000 56982.000000 7057.000000 2645.000000 526.000000 123.000000 42191.000000 4440.000000
1044434 35.000000 8.905852 9929.000000 52121.000000 56592.000000 6006.000000 3160.000000 569.000000 194.000000 42192.000000 4471.000000
1045434 36.580830 9.104018 9490.000000 51683.000000 56173.000000 4845.000000 3680.000000 624.000000 341.000000 42193.000000 4490.000000
1046434 38.219047 9.303451 9024.000000 51222.000000 55775.000000 3714.000000 4120.000000 636.000000 554.000000 42198.000000 4553.000000
1047434 39.951316 9.489394 8563.000000 50763.000000 55346.000000 2527.000000 4475.000000 669.000000 892.000000 42200.000000 4583.000000
1048434 40.602616 9.475788 8183.000000 50374.000000 55035.000000 1655.000000 4637.000000 554.000000 1337.000000 42191.000000 4661.000000
1049434 40.830231 9.403050 7916.000000 50105.000000 54812.000000 935.000000 4807.000000 447.000000 1727.000000 42189.000000 4707.000000
1050434 39.047695 8.955769 7832.000000 50031.000000 54758.000000 776.000000 4785.000000 177.000000 2094.000000 42199.000000 4727.000000
1051434 38.005860 8.751390 7862.000000 50072.000000 54837.000000 1164.000000 4228.000000 34.000000 2436.000000 42210.000000 4765.000000
1052434 36.754993 8.586885 8148.000000 50363.000000 55084.000000 1841.000000 3608.000000 9.000000 2690.000000 42215.000000 4721.000000
1053434 35.522727 8.454285 8515.000000 50778.000000 55463.000000 2713.000000 2909.000000 4.000000 2889.000000 42263.000000 4685.000000
1054434 34.375924 8.325424 8878.000000 51195.000000 55841.000000 3577.000000 2222.000000 3.000000 3076.000000 42317.000000 4646.000000
1055434 33.098541 8.184484 9311.000000 51663.000000 56265.000000 4535.000000 1496.000000 3.000000 3277.000000 42352.000000 4602.000000
1056434 31.890231 8.049137 9760.000000 52178.000000 56739.000000 5595.000000 869.000000 6.000000 3290.000000 42418.000000 4561.000000
1057434 30.887349 7.946163 10197.000000 52689.000000 57210.000000 6612.000000 292.000000 25.000000 3268.000000 42492.000000 4521.000000
1058434 29.982142 7.852342 10622.000000 53231.000000 57728.000000 7702.000000 98.000000 36.000000 2786.000000 42609.000000 4497.000000
1059434 29.102028 7.761773 11075.000000 53787.000000 58247.000000 8780.000000 132.000000 61.000000 2102.000000 42712.000000 4460.000000
1060434 28.275862 7.674244 11521.000000 54339.000000 58768.000000 9844.000000 206.000000 81.000000 1390.000000 42818.000000 4429.000000
1061434 27.948860 7.682820 11863.000000 54778.000000 59184.000000 10576.000000 357.000000 141.000000 789.000000 42915.000000 4406.000000
1062434 27.903030 7.739766 12139.000000 55124.000000 59485.000000 10996.000000 617.000000 243.000000 283.000000 42985.000000 4361.000000
1063434 28.775844 7.974326 12131.000000 55154.000000 59516.000000 10730.000000 967.000000 384.000000 50.000000 43023.000000 4362.000000
1064434 29.980349 8.231188 11891.000000 54918.000000 59311.000000 9959.000000 1412.000000 489.000000 31.000000 43027.000000 4393.000000
1065434 30.649189 8.315691 11557.000000 54582.000000 59045.000000 9115.000000 1943.000000 447.000000 52.000000 43025.000000 4463.000000
1066434 31.753524 8.480120 11209.000000 54234.000000 58702.000000 8191.000000 2419.000000 510.000000 89.000000 43025.000000 4468.000000
1067434 33.433558 8.770275 10790.000000 53813.000000 58322.000000 7117.000000 2913.000000 606.000000 154.000000 43023.000000 4509.000000
1068434 34.527556 8.896404 10312.000000 53335.000000 57956.000000 6084.000000 3435.000000 535.000000 258.000000 43023.000000 4621.000000
1069434 36.424935 9.198158 9857.000000 52878.000000 57555.000000 4926.000000 3865.000000 617.000000 449.000000 43021.000000 4677.000000
1070434 37.758279 9.336833 9422.000000 52440.000000 57150.000000 3849.000000 4198.000000 626.000000 749.000000 43018.000000 4710.000000
1071434 39.039848 9.444170 8988.000000 52005.000000 56744.000000 2744.000000 4479.000000 620.000000 1145.000000 43017.000000 4739.000000
1072434 39.936031 9.509556 8636.000000 51651.000000 56459.000000 1853.000000 4674.000000 561.000000 1548.000000 43015.000000 4808.000000
1073434 40.265620 9.485548 8427.000000 51429.000000 56254.000000 1184.000000 4784.000000 511.000000 1948.000000 43002.000000 4825.000000
1074434 38.542767 9.082184 8355.000000 51361.000000 56264.000000 1091.000000 4791.000000 207.000000 2266.000000 43006.000000 4903.000000
1075434 37.252262 8.832187 8419.000000 51444.000000 56396.000000 1618.000000 4229.000000 29.000000 2543.000000 43025.000000 4952.000000
1076434 36.045828 8.660209 8725.000000 51782.000000 56673.000000 2368.000000 3619.000000 17.000000 2721.000000 43057.000000 4891.000000
1077434 34.792577 8.511981 9105.000000 52197.000000 57049.000000 3251.000000 2961.000000 4.000000 2889.000000 43092.000000 4852.000000
1078434 33.697021 8.386131 9483.000000 52637.000000 57452.000000 4172.000000 2274.000000 3.000000 3034.000000 43154.000000 4815.000000
1079434 32.551320 8.248082 9894.000000 53099.000000 57868.000000 5115.000000 1578.000000 4.000000 3197.000000 43205.000000 4769.000000
1080434 31.511126 8.131503 10324.000000 53610.000000 58341.000000 6158.000000 919.000000 13.000000 3234.000000 43286.000000 4731.000000
1081434 30.677161 8.023820 10696.000000 54098.000000 58775.000000 7097.000000 364.000000 39.000000 3196.000000 43402.000000 4677.000000
1082434 29.711709 7.897446 11111.000000 54610.000000 59247.000000 8107.000000 164.000000 42.000000 2798.000000 43499.000000 4637.000000
1083434 28.914321 7.820631 11571.000000 55171.000000 59765.000000 9177.000000 182.000000 80.000000 2132.000000 43600.000000 4594.000000
1084434 28.457350 7.808506 11974.000000 55686.000000 60242.000000 10059.000000 298.000000 148.000000 1469.000000 43712.000000 4556.000000
1085434 28.367661 7.896211 12330.000000 56134.000000 60700.000000 10762.000000 505.000000 227.000000 836.000000 43804.000000 4566.000000
1086434 28.745981 8.061317 12511.000000 56401.000000 60995.000000 11027.000000 830.000000 323.000000 331.000000 43890.000000 4594.000000
1087434 29.683014 8.303149 12404.000000 56350.000000 61013.000000 10685.000000 1234.000000 403.000000 82.000000 43946.000000 4663.000000
1088434 30.799359 8.535061 12148.000000 56105.000000 60808.000000 9888.000000 1714.000000 487.000000 59.000000 43957.000000 4703.000000
1089434 31.727515 8.675459 11798.000000 55758.000000 60504.000000 8971.000000 2236.000000 503.000000 88.000000 43960.000000 4746.000000
1090434 32.628399 8.793765 11414.000000 55374.000000 60179.000000 8057.000000 2744.000000 487.000000 126.000000 43960.000000 4805.000000
1091434 34.141414 9.043629 11014.000000 54973.000000 59799.000000 6986.000000 3228.000000 582.000000 218.000000 43959.000000 4826.000000
1092434 34.778945 9.034268 10586.000000 54545.000000 59385.000000 6034.000000 3651.000000 525.000000 376.000000 43959.000000 4840.000000
1093434 36.298269 9.243655 10180.000000 54141.000000 58981.000000 4999.000000 3948.000000 612.000000 621.000000 43961.000000 4840.000000
1094434 37.756078 9.434027 9738.000000 53701.000000 58607.000000 3926.000000 4233.000000 623.000000 956.000000 43963.000000 4906.000000
1095434 38.799579 9.495422 9318.000000 53280.000000 58207.000000 2903.000000 4429.000000 600.000000 1386.000000 43962.000000 4927.000000
1096434 40.025786 9.645792 8970.000000 52941.000000 57932.000000 1966.000000 4605.000000 597.000000 1802.000000 43971.000000 4991.000000
1097434 40.015928 9.564766 8738.000000 52711.000000 57785.000000 1408.000000 4682.000000 453.000000 2195.000000 43973.000000 5074.000000
1098434 38.694706 9.234390 8698.000000 52692.000000 57784.000000 1376.000000 4647.000000 244.000000 2431.000000 43994.000000 5092.000000
