764520 0.817313 0.177500 8687.000000 40000.000000 40000.000000 2149.000000 3375.000000 71.000000 3092.000000 31313.000000 0.000000
765520 1.228191 0.265766 8664.000000 40213.000000 40261.000000 2615.000000 2660.000000 59.000000 3330.000000 31549.000000 48.000000
766520 1.514461 0.327635 8691.000000 40503.000000 40594.000000 3252.000000 2005.000000 42.000000 3392.000000 31812.000000 91.000000
767520 1.800680 0.388373 8704.000000 40814.000000 40940.000000 3913.000000 1425.000000 33.000000 3333.000000 32110.000000 126.000000
768520 2.226721 0.479280 8739.000000 41159.000000 41312.000000 4596.000000 930.000000 45.000000 3168.000000 32420.000000 153.000000
769520 2.629812 0.564036 8744.000000 41472.000000 41664.000000 5236.000000 656.000000 43.000000 2809.000000 32728.000000 192.000000
770520 3.027615 0.649150 8787.000000 41825.000000 42055.000000 5942.000000 468.000000 43.000000 2334.000000 33038.000000 230.000000
771520 3.532519 0.756612 8815.000000 42154.000000 42426.000000 6597.000000 328.000000 49.000000 1841.000000 33339.000000 272.000000
772520 4.770279 1.015870 8754.000000 42378.000000 42722.000000 7012.000000 306.000000 90.000000 1346.000000 33624.000000 344.000000
773520 6.257561 1.323748 8652.000000 42543.000000 42984.000000 7302.000000 350.000000 128.000000 872.000000 33891.000000 441.000000
774520 8.341554 1.763411 8536.000000 42568.000000 43155.000000 7324.000000 447.000000 174.000000 591.000000 34032.000000 587.000000
775520 11.069788 2.338479 8369.000000 42503.000000 43276.000000 7122.000000 610.000000 239.000000 398.000000 34134.000000 773.000000
776520 14.240541 3.010188 8153.000000 42368.000000 43386.000000 6823.000000 802.000000 288.000000 240.000000 34215.000000 1018.000000
777520 17.930283 3.789483 7902.000000 42158.000000 43436.000000 6278.000000 1076.000000 368.000000 180.000000 34256.000000 1278.000000
778520 21.677560 4.578712 7555.000000 41837.000000 43462.000000 5673.000000 1347.000000 365.000000 170.000000 34282.000000 1625.000000
779520 26.052345 5.495112 7205.000000 41510.000000 43475.000000 4901.000000 1705.000000 424.000000 175.000000 34305.000000 1965.000000
780520 29.175752 6.153139 6872.000000 41190.000000 43490.000000 4227.000000 2028.000000 376.000000 241.000000 34318.000000 2300.000000
781520 32.962235 6.942529 6568.000000 40906.000000 43500.000000 3423.000000 2417.000000 426.000000 302.000000 34338.000000 2594.000000
782520 35.981665 7.576524 6259.000000 40612.000000 43516.000000 2701.000000 2737.000000 393.000000 428.000000 34353.000000 2904.000000
783520 38.471601 8.104260 5999.000000 40371.000000 43545.000000 2089.000000 2974.000000 355.000000 581.000000 34372.000000 3174.000000
784520 40.357182 8.505657 5786.000000 40174.000000 43571.000000 1569.000000 3093.000000 309.000000 815.000000 34388.000000 3397.000000
785520 41.028149 8.653493 5633.000000 40056.000000 43624.000000 1285.000000 3082.000000 207.000000 1059.000000 34423.000000 3568.000000
786520 41.357555 8.707402 5547.000000 40018.000000 43664.000000 1076.000000 3015.000000 156.000000 1300.000000 34471.000000 3646.000000
787520 41.747151 8.792339 5504.000000 40043.000000 43754.000000 1022.000000 2784.000000 136.000000 1562.000000 34539.000000 3711.000000
788520 40.919913 8.619628 5524.000000 40149.000000 43865.000000 1191.000000 2484.000000 65.000000 1784.000000 34625.000000 3716.000000
789520 40.601666 8.529211 5521.000000 40270.000000 43990.000000 1490.000000 1996.000000 32.000000 2003.000000 34749.000000 3720.000000
790520 39.809606 8.340510 5581.000000 40459.000000 44122.000000 1878.000000 1566.000000 17.000000 2120.000000 34878.000000 3663.000000
791520 39.173483 8.218003 5671.000000 40672.000000 44293.000000 2309.000000 1150.000000 19.000000 2193.000000 35001.000000 3621.000000
792520 38.402392 8.078720 5782.000000 40930.000000 44512.000000 2852.000000 813.000000 14.000000 2103.000000 35148.000000 3582.000000
793520 37.708202 7.990796 5934.000000 41212.000000 44764.000000 3409.000000 551.000000 25.000000 1949.000000 35278.000000 3552.000000
794520 37.087197 7.903383 6069.000000 41514.000000 45044.000000 4027.000000 363.000000 30.000000 1649.000000 35445.000000 3530.000000
795520 36.438582 7.808497 6195.000000 41775.000000 45284.000000 4572.000000 197.000000 27.000000 1399.000000 35580.000000 3509.000000
796520 35.880127 7.713620 6325.000000 42026.000000 45478.000000 5046.000000 164.000000 56.000000 1059.000000 35701.000000 3452.000000
797520 35.103455 7.553460 6423.000000 42207.000000 45595.000000 5403.000000 182.000000 56.000000 782.000000 35784.000000 3388.000000
798520 34.595088 7.462131 6543.000000 42373.000000 45684.000000 5681.000000 242.000000 98.000000 522.000000 35830.000000 3311.000000
799520 34.285714 7.357933 6570.000000 42435.000000 45665.000000 5789.000000 330.000000 130.000000 321.000000 35865.000000 3230.000000
800520 33.962848 7.222015 6562.000000 42441.000000 45569.000000 5800.000000 444.000000 163.000000 155.000000 35879.000000 3128.000000
801520 34.078684 7.121603 6455.000000 42343.000000 45369.000000 5549.000000 600.000000 205.000000 101.000000 35888.000000 3026.000000
802520 34.421236 7.018789 6284.000000 42171.000000 45079.000000 5154.000000 790.000000 256.000000 84.000000 35887.000000 2908.000000
803520 34.925642 6.924589 6057.000000 41949.000000 44768.000000 4632.000000 1050.000000 281.000000 94.000000 35892.000000 2819.000000
804520 35.707602 6.869937 5841.000000 41731.000000 44440.000000 4056.000000 1320.000000 344.000000 121.000000 35890.000000 2709.000000
805520 37.068758 6.955479 5576.000000 41467.000000 44181.000000 3415.000000 1640.000000 359.000000 162.000000 35891.000000 2714.000000
806520 37.940075 6.922709 5350.000000 41239.000000 43899.000000 2785.000000 1952.000000 379.000000 234.000000 35889.000000 2660.000000
807520 38.059223 6.795916 5132.000000 41019.000000 43688.000000 2227.000000 2280.000000 300.000000 325.000000 35887.000000 2669.000000
808520 38.345569 6.721975 4961.000000 40847.000000 43514.000000 1737.000000 2516.000000 258.000000 450.000000 35886.000000 2667.000000
809520 39.510768 6.846033 4837.000000 40727.000000 43412.000000 1283.000000 2673.000000 287.000000 594.000000 35890.000000 2685.000000
810520 39.153651 6.761804 4763.000000 40648.000000 43376.000000 995.000000 2765.000000 205.000000 798.000000 35885.000000 2728.000000
811520 38.839464 6.738234 4785.000000 40663.000000 43409.000000 847.000000 2764.000000 179.000000 995.000000 35878.000000 2746.000000
812520 37.115030 6.486636 4852.000000 40728.000000 43474.000000 908.000000 2634.000000 74.000000 1236.000000 35876.000000 2746.000000
813520 36.635975 6.481885 4927.000000 40799.000000 43583.000000 1136.000000 2273.000000 41.000000 1477.000000 35872.000000 2784.000000
814520 35.900369 6.459062 5064.000000 40932.000000 43737.000000 1453.000000 1844.000000 20.000000 1747.000000 35868.000000 2805.000000
815520 34.817013 6.405678 5287.000000 41160.000000 43961.000000 1926.000000 1477.000000 15.000000 1869.000000 35873.000000 2801.000000
816520 33.609014 6.342026 5549.000000 41419.000000 44213.000000 2463.000000 1101.000000 10.000000 1975.000000 35870.000000 2794.000000
817520 32.413395 6.302483 5878.000000 41756.000000 44538.000000 3126.000000 759.000000 25.000000 1968.000000 35878.000000 2782.000000
818520 31.002668 6.215319 6221.000000 42098.000000 44873.000000 3842.000000 479.000000 14.000000 1886.000000 35877.000000 2775.000000
819520 29.762539 6.173930 6633.000000 42513.000000 45271.000000 4668.000000 227.000000 37.000000 1701.000000 35880.000000 2758.000000
820520 28.724500 6.115108 6962.000000 42848.000000 45592.000000 5345.000000 165.000000 44.000000 1408.000000 35886.000000 2744.000000
821520 28.079311 6.110264 7248.000000 43152.000000 45890.000000 5958.000000 172.000000 66.000000 1052.000000 35904.000000 2738.000000
822520 27.474252 6.073419 7480.000000 43404.000000 46119.000000 6422.000000 249.000000 86.000000 723.000000 35924.000000 2715.000000
823520 27.518404 6.139119 7605.000000 43558.000000 46277.000000 6735.000000 304.000000 122.000000 444.000000 35953.000000 2719.000000
824520 27.401076 6.151889 7717.000000 43681.000000 46376.000000 6953.000000 410.000000 158.000000 196.000000 35964.000000 2695.000000
825520 28.164373 6.276729 7614.000000 43594.000000 46298.000000 6771.000000 539.000000 202.000000 102.000000 35980.000000 2704.000000
826520 29.483013 6.489509 7441.000000 43422.000000 46136.000000 6332.000000 744.000000 280.000000 85.000000 35981.000000 2714.000000
827520 30.297229 6.549629 7217.000000 43203.000000 45911.000000 5819.000000 992.000000 299.000000 107.000000 35986.000000 2708.000000
828520 32.108676 6.826088 6969.000000 42959.000000 45707.000000 5154.000000 1330.000000 372.000000 113.000000 35990.000000 2748.000000
829520 33.801330 7.042780 6692.000000 42684.000000 45465.000000 4458.000000 1657.000000 421.000000 156.000000 35992.000000 2781.000000
830520 35.461147 7.235896 6412.000000 42404.000000 45219.000000 3637.000000 2098.000000 457.000000 220.000000 35992.000000 2815.000000
831520 36.788483 7.378451 6104.000000 42097.000000 45023.000000 2922.000000 2481.000000 396.000000 305.000000 35993.000000 2926.000000
832520 37.853681 7.484509 5901.000000 41896.000000 44866.000000 2258.000000 2852.000000 388.000000 403.000000 35995.000000 2970.000000
833520 38.656904 7.553032 5709.000000 41705.000000 44737.000000 1653.000000 3145.000000 347.000000 564.000000 35996.000000 3032.000000
834520 38.771748 7.531671 5608.000000 41607.000000 44678.000000 1200.000000 3363.000000 294.000000 751.000000 35999.000000 3071.000000
835520 38.886322 7.536440 5546.000000 41553.000000 44663.000000 859.000000 3457.000000 256.000000 974.000000 36007.000000 3110.000000
836520 37.665477 7.319256 5535.000000 41552.000000 44704.000000 796.000000 3347.000000 120.000000 1272.000000 36017.000000 3152.000000
837520 36.910755 7.207006 5553.000000 41575.000000 44762.000000 997.000000 2940.000000 39.000000 1577.000000 36022.000000 3187.000000
838520 36.087499 7.096846 5659.000000 41701.000000 44865.000000 1301.000000 2426.000000 20.000000 1912.000000 36042.000000 3164.000000
839520 35.185391 7.014896 5837.000000 41903.000000 45047.000000 1720.000000 1937.000000 16.000000 2164.000000 36066.000000 3144.000000
840520 34.223670 6.958211 6074.000000 42163.000000 45299.000000 2264.000000 1447.000000 16.000000 2347.000000 36089.000000 3136.000000
841520 33.031769 6.882795 6387.000000 42502.000000 45621.000000 2955.000000 993.000000 21.000000 2418.000000 36115.000000 3119.000000
842520 31.681758 6.772215 6731.000000 42884.000000 45982.000000 3753.000000 572.000000 16.000000 2390.000000 36153.000000 3098.000000
843520 30.493937 6.670836 7088.000000 43311.000000 46366.000000 4577.000000 255.000000 38.000000 2218.000000 36223.000000 3055.000000
844520 29.335634 6.548396 7399.000000 43697.000000 46729.000000 5359.000000 171.000000 28.000000 1841.000000 36298.000000 3032.000000
845520 28.444735 6.471413 7725.000000 44097.000000 47084.000000 6108.000000 195.000000 60.000000 1362.000000 36372.000000 2987.000000
846520 27.744126 6.384372 7954.000000 44408.000000 47350.000000 6701.000000 241.000000 81.000000 931.000000 36454.000000 2942.000000
847520 26.938406 6.251839 8151.000000 44681.000000 47570.000000 7227.000000 308.000000 85.000000 531.000000 36530.000000 2889.000000
848520 26.918919 6.264282 8260.000000 44859.000000 47699.000000 7508.000000 389.000000 148.000000 215.000000 36599.000000 2840.000000
849520 27.194414 6.293413 8195.000000 44820.000000 47653.000000 7402.000000 534.000000 166.000000 93.000000 36625.000000 2833.000000
850520 27.657807 6.314259 8082.000000 44710.000000 47464.000000 7019.000000 737.000000 243.000000 83.000000 36628.000000 2754.000000
851520 28.814356 6.486749 7869.000000 44506.000000 47281.000000 6493.000000 977.000000 292.000000 107.000000 36637.000000 2775.000000
852520 30.149885 6.670351 7651.000000 44287.000000 47044.000000 5828.000000 1314.000000 381.000000 128.000000 36636.000000 2757.000000
853520 32.031865 6.958807 7365.000000 44001.000000 46804.000000 5060.000000 1680.000000 454.000000 171.000000 36636.000000 2803.000000
854520 33.632785 7.158817 7047.000000 43684.000000 46544.000000 4252.000000 2096.000000 472.000000 227.000000 36637.000000 2860.000000
855520 34.549223 7.202731 6761.000000 43399.000000 46288.000000 3462.000000 2563.000000 445.000000 291.000000 36638.000000 2889.000000
856520 36.063841 7.401623 6492.000000 43129.000000 46098.000000 2664.000000 2997.000000 443.000000 388.000000 36637.000000 2969.000000
857520 36.872048 7.475354 6274.000000 42909.000000 45951.000000 1962.000000 3387.000000 393.000000 532.000000 36635.000000 3042.000000
858520 37.500000 7.542192 6133.000000 42771.000000 45862.000000 1366.000000 3669.000000 368.000000 730.000000 36638.000000 3091.000000
859520 37.178649 7.449037 6059.000000 42697.000000 45818.000000 931.000000 3843.000000 292.000000 993.000000 36638.000000 3121.000000
860520 35.460684 7.105912 6038.000000 42677.000000 45821.000000 802.000000 3848.000000 112.000000 1276.000000 36639.000000 3144.000000
861520 34.617472 6.956560 6060.000000 42701.000000 45856.000000 1005.000000 3399.000000 35.000000 1621.000000 36641.000000 3155.000000
862520 33.733262 6.849524 6201.000000 42840.000000 45974.000000 1332.000000 2875.000000 15.000000 1979.000000 36639.000000 3134.000000
863520 32.878724 6.785165 6411.000000 43068.000000 46189.000000 1808.000000 2353.000000 13.000000 2237.000000 36657.000000 3121.000000
864520 31.996326 6.746869 6686.000000 43354.000000 46466.000000 2397.000000 1770.000000 23.000000 2496.000000 36668.000000 3112.000000
865520 30.788299 6.638729 6992.000000 43678.000000 46771.000000 3067.000000 1228.000000 12.000000 2685.000000 36686.000000 3093.000000
866520 29.556980 6.548654 7388.000000 44107.000000 47170.000000 3956.000000 694.000000 26.000000 2712.000000 36719.000000 3063.000000
867520 28.538369 6.478116 7756.000000 44544.000000 47591.000000 4840.000000 280.000000 36.000000 2600.000000 36788.000000 3047.000000
868520 27.667841 6.384088 8034.000000 44930.000000 47963.000000 5633.000000 177.000000 29.000000 2195.000000 36896.000000 3033.000000
869520 27.066279 6.357772 8355.000000 45360.000000 48366.000000 6438.000000 193.000000 69.000000 1655.000000 37005.000000 3006.000000
870520 26.215681 6.251924 8635.000000 45737.000000 48721.000000 7180.000000 256.000000 62.000000 1137.000000 37102.000000 2984.000000
871520 25.663792 6.189204 8876.000000 46087.000000 49037.000000 7825.000000 329.000000 85.000000 637.000000 37211.000000 2950.000000
872520 25.762769 6.255836 9036.000000 46339.000000 49266.000000 8222.000000 428.000000 155.000000 231.000000 37303.000000 2927.000000
873520 26.043938 6.306087 9009.000000 46337.000000 49254.000000 8126.000000 600.000000 189.000000 94.000000 37328.000000 2917.000000
874520 27.038481 6.492581 8864.000000 46199.000000 49133.000000 7715.000000 812.000000 256.000000 81.000000 37335.000000 2934.000000
875520 28.250194 6.699083 8651.000000 45991.000000 48947.000000 7154.000000 1069.000000 323.000000 105.000000 37340.000000 2956.000000
876520 29.548047 6.908792 8416.000000 45756.000000 48735.000000 6482.000000 1406.000000 388.000000 140.000000 37340.000000 2979.000000
877520 31.289945 7.174110 8133.000000 45476.000000 48452.000000 5614.000000 1833.000000 500.000000 186.000000 37343.000000 2976.000000
878520 31.878698 7.159617 7845.000000 45188.000000 48159.000000 4774.000000 2349.000000 477.000000 245.000000 37343.000000 2971.000000
879520 33.017796 7.280621 7527.000000 44871.000000 47908.000000 3956.000000 2806.000000 451.000000 314.000000 37344.000000 3037.000000
880520 34.500774 7.478243 7251.000000 44600.000000 47685.000000 3083.000000 3255.000000 481.000000 432.000000 37349.000000 3085.000000
881520 35.583366 7.602105 7014.000000 44366.000000 47500.000000 2277.000000 3664.000000 477.000000 596.000000 37352.000000 3134.000000
882520 36.386287 7.704807 6838.000000 44190.000000 47386.000000 1579.000000 4025.000000 455.000000 779.000000 37352.000000 3196.000000
883520 36.303432 7.645493 6698.000000 44054.000000 47322.000000 1023.000000 4273.000000 350.000000 1052.000000 37356.000000 3268.000000
884520 34.716223 7.303620 6642.000000 44006.000000 47319.000000 859.000000 4238.000000 143.000000 1402.000000 37364.000000 3313.000000
885520 34.180254 7.212208 6622.000000 44003.000000 47378.000000 1066.000000 3707.000000 42.000000 1807.000000 37381.000000 3375.000000
886520 33.254321 7.086780 6769.000000 44155.000000 47511.000000 1447.000000 3177.000000 11.000000 2134.000000 37386.000000 3356.000000
887520 32.539605 7.019604 6959.000000 44365.000000 47695.000000 1878.000000 2611.000000 18.000000 2452.000000 37406.000000 3330.000000
888520 31.517917 6.913807 7216.000000 44657.000000 47962.000000 2480.000000 1975.000000 11.000000 2750.000000 37441.000000 3305.000000
889520 30.542235 6.853454 7557.000000 45039.000000 48326.000000 3257.000000 1356.000000 25.000000 2919.000000 37482.000000 3287.000000
890520 29.283100 6.726687 7950.000000 45510.000000 48761.000000 4218.000000 778.000000 29.000000 2925.000000 37560.000000 3251.000000
891520 28.173913 6.591260 8285.000000 45941.000000 49156.000000 5106.000000 309.000000 25.000000 2845.000000 37656.000000 3215.000000
892520 27.478128 6.528891 8589.000000 46365.000000 49549.000000 5919.000000 176.000000 51.000000 2443.000000 37776.000000 3184.000000
893520 26.645172 6.448063 8940.000000 46828.000000 49984.000000 6850.000000 200.000000 67.000000 1823.000000 37888.000000 3156.000000
894520 26.012499 6.365442 9191.000000 47220.000000 50350.000000 7610.000000 255.000000 75.000000 1251.000000 38029.000000 3130.000000
895520 25.827498 6.401483 9437.000000 47576.000000 50707.000000 8268.000000 326.000000 115.000000 728.000000 38139.000000 3131.000000
896520 25.634200 6.420489 9651.000000 47872.000000 50993.000000 8756.000000 465.000000 153.000000 277.000000 38221.000000 3121.000000
897520 26.040521 6.501323 9642.000000 47913.000000 51005.000000 8652.000000 664.000000 224.000000 102.000000 38271.000000 3092.000000
898520 26.508227 6.556958 9494.000000 47775.000000 50862.000000 8263.000000 904.000000 248.000000 79.000000 38281.000000 3087.000000
899520 27.577590 6.749531 9315.000000 47595.000000 50685.000000 7682.000000 1202.000000 331.000000 100.000000 38280.000000 3090.000000
900520 29.016353 6.999148 9075.000000 47355.000000 50449.000000 6951.000000 1552.000000 437.000000 135.000000 38280.000000 3094.000000
901520 31.165675 7.406154 8768.000000 47050.000000 50215.000000 5968.000000 2057.000000 554.000000 189.000000 38282.000000 3165.000000
902520 31.955048 7.458652 8408.000000 46693.000000 49942.000000 5130.000000 2551.000000 476.000000 251.000000 38285.000000 3249.000000
903520 32.761503 7.500352 8117.000000 46401.000000 49651.000000 4260.000000 3029.000000 474.000000 354.000000 38284.000000 3250.000000
904520 34.479035 7.757242 7834.000000 46119.000000 49399.000000 3311.000000 3469.000000 552.000000 502.000000 38285.000000 3280.000000
905520 34.837529 7.734515 7560.000000 45843.000000 49208.000000 2521.000000 3920.000000 441.000000 678.000000 38283.000000 3365.000000
906520 35.750766 7.847534 7374.000000 45665.000000 49060.000000 1761.000000 4256.000000 455.000000 902.000000 38291.000000 3395.000000
907520 36.271663 7.907366 7217.000000 45509.000000 48967.000000 1088.000000 4531.000000 414.000000 1184.000000 38292.000000 3458.000000
908520 34.376468 7.474000 7158.000000 45460.000000 48943.000000 937.000000 4484.000000 175.000000 1562.000000 38302.000000 3483.000000
909520 33.514019 7.317173 7157.000000 45465.000000 49008.000000 1200.000000 3950.000000 43.000000 1964.000000 38308.000000 3543.000000
910520 32.671347 7.197216 7307.000000 45625.000000 49144.000000 1590.000000 3386.000000 18.000000 2313.000000 38318.000000 3519.000000
911520 31.944823 7.130558 7517.000000 45863.000000 49365.000000 2096.000000 2810.000000 18.000000 2593.000000 38346.000000 3502.000000
912520 31.105193 7.058255 7773.000000 46152.000000 49644.000000 2718.000000 2171.000000 12.000000 2872.000000 38379.000000 3492.000000
913520 30.057005 6.957078 8119.000000 46562.000000 50021.000000 3565.000000 1502.000000 21.000000 3031.000000 38443.000000 3459.000000
914520 28.793970 6.813588 8521.000000 47039.000000 50458.000000 4548.000000 865.000000 19.000000 3089.000000 38518.000000 3419.000000
915520 27.793137 6.712886 8915.000000 47534.000000 50917.000000 5540.000000 330.000000 35.000000 3010.000000 38619.000000 3383.000000
916520 26.836225 6.597838 9290.000000 48004.000000 51335.000000 6448.000000 208.000000 56.000000 2578.000000 38714.000000 3331.000000
917520 25.964885 6.485327 9630.000000 48464.000000 51763.000000 7354.000000 247.000000 58.000000 1971.000000 38834.000000 3299.000000
918520 25.383098 6.414385 9913.000000 48895.000000 52164.000000 8181.000000 304.000000 77.000000 1351.000000 38982.000000 3269.000000
919520 25.199433 6.435031 10176.000000 49288.000000 52525.000000 8848.000000 411.000000 143.000000 774.000000 39112.000000 3237.000000
920520 24.950524 6.441480 10407.000000 49609.000000 52845.000000 9369.000000 593.000000 168.000000 277.000000 39202.000000 3236.000000
921520 25.518505 6.583849 10387.000000 49629.000000 52887.000000 9241.000000 818.000000 224.000000 104.000000 39242.000000 3258.000000
922520 26.286561 6.729220 10248.000000 49498.000000 52755.000000 8790.000000 1077.000000 293.000000 88.000000 39250.000000 3257.000000
923520 26.928281 6.815068 10067.000000 49325.000000 52560.000000 8188.000000 1421.000000 347.000000 111.000000 39258.000000 3235.000000
924520 28.265361 7.059588 9841.000000 49098.000000 52326.000000 7380.000000 1826.000000 466.000000 169.000000 39257.000000 3228.000000
925520 29.482570 7.246739 9520.000000 48777.000000 52051.000000 6454.000000 2329.000000 498.000000 239.000000 39257.000000 3274.000000
926520 30.816097 7.430891 9202.000000 48458.000000 51730.000000 5425.000000 2886.000000 572.000000 319.000000 39256.000000 3272.000000
927520 32.001310 7.593510 8867.000000 48120.000000 51465.000000 4474.000000 3368.000000 563.000000 462.000000 39253.000000 3345.000000
928520 32.651864 7.612518 8543.000000 47800.000000 51192.000000 3593.000000 3833.000000 505.000000 612.000000 39257.000000 3392.000000
929520 33.763680 7.750280 8275.000000 47532.000000 50953.000000 2720.000000 4208.000000 528.000000 819.000000 39257.000000 3421.000000
930520 35.006056 7.960963 8017.000000 47282.000000 50823.000000 1935.000000 4496.000000 505.000000 1081.000000 39265.000000 3541.000000
931520 34.960342 7.905473 7896.000000 47160.000000 50737.000000 1263.000000 4807.000000 434.000000 1392.000000 39264.000000 3577.000000
932520 32.761175 7.409451 7896.000000 47165.000000 50746.000000 1152.000000 4829.000000 179.000000 1736.000000 39269.000000 3581.000000
933520 31.758165 7.197417 7896.000000 47180.000000 50796.000000 1435.000000 4269.000000 40.000000 2152.000000 39284.000000 3616.000000
934520 30.983860 7.082303 8062.000000 47372.000000 50958.000000 1872.000000 3614.000000 23.000000 2553.000000 39310.000000 3586.000000
935520 30.184235 7.003435 8318.000000 47663.000000 51232.000000 2504.000000 2945.000000 19.000000 2850.000000 39345.000000 3569.000000
936520 29.246215 6.895347 8620.000000 48010.000000 51542.000000 3221.000000 2301.000000 22.000000 3076.000000 39390.000000 3532.000000
937520 28.275363 6.778747 8952.000000 48430.000000 51927.000000 4091.000000 1655.000000 23.000000 3183.000000 39478.000000 3497.000000
938520 27.326810 6.667176 9315.000000 48901.000000 52361.000000 5038.000000 994.000000 31.000000 3252.000000 39586.000000 3460.000000
939520 26.419546 6.567396 9725.000000 49439.000000 52852.000000 6103.000000 395.000000 58.000000 3169.000000 39714.000000 3413.000000
940520 25.775035 6.503958 10048.000000 49903.000000 53306.000000 7038.000000 223.000000 64.000000 2723.000000 39855.000000 3403.000000
941520 25.063567 6.419560 10394.000000 50371.000000 53742.000000 7934.000000 271.000000 79.000000 2110.000000 39977.000000 3371.000000
942520 24.506041 6.365617 10731.000000 50827.000000 54166.000000 8744.000000 384.000000 109.000000 1494.000000 40096.000000 3339.000000
943520 24.707195 6.492626 10987.000000 51228.000000 54585.000000 9415.000000 527.000000 187.000000 858.000000 40241.000000 3357.000000
944520 24.755274 6.542294 11114.000000 51497.000000 54889.000000 9852.000000 735.000000 199.000000 328.000000 40383.000000 3392.000000
945520 25.265188 6.675402 11114.000000 51544.000000 54948.000000 9782.000000 960.000000 264.000000 108.000000 40430.000000 3404.000000
946520 26.302988 6.903029 10962.000000 51403.000000 54831.000000 9221.000000 1292.000000 357.000000 92.000000 40441.000000 3428.000000
947520 27.229882 7.082868 10753.000000 51190.000000 54653.000000 8546.000000 1660.000000 408.000000 139.000000 40437.000000 3463.000000
948520 28.858245 7.419450 10455.000000 50897.000000 54438.000000 7650.000000 2108.000000 498.000000 199.000000 40442.000000 3541.000000
949520 30.269009 7.665608 10124.000000 50571.000000 54164.000000 6709.000000 2564.000000 559.000000 292.000000 40447.000000 3593.000000
950520 31.610693 7.878765 9778.000000 50228.000000 53879.000000 5662.000000 3120.000000 594.000000 402.000000 40450.000000 3651.000000
951520 32.077922 7.842002 9401.000000 49856.000000 53545.000000 4707.000000 3610.000000 510.000000 574.000000 40455.000000 3689.000000
952520 33.252787 8.004653 9112.000000 49577.000000 53294.000000 3794.000000 4020.000000 549.000000 749.000000 40465.000000 3717.000000
953520 34.152940 8.092006 8815.000000 49288.000000 53040.000000 2935.000000 4373.000000 540.000000 967.000000 40473.000000 3752.000000
954520 35.025831 8.206923 8604.000000 49086.000000 52870.000000 2116.000000 4684.000000 555.000000 1249.000000 40482.000000 3784.000000
955520 35.044262 8.171575 8462.000000 48954.000000 52805.000000 1459.000000 4965.000000 464.000000 1574.000000 40492.000000 3851.000000
956520 33.155037 7.741069 8442.000000 48951.000000 52848.000000 1343.000000 4973.000000 194.000000 1932.000000 40509.000000 3897.000000
957520 32.320464 7.574756 8450.000000 48982.000000 52939.000000 1666.000000 4426.000000 53.000000 2305.000000 40532.000000 3957.000000
958520 31.371925 7.417727 8638.000000 49195.000000 53116.000000 2178.000000 3735.000000 19.000000 2706.000000 40557.000000 3921.000000
959520 30.323387 7.269527 8926.000000 49525.000000 53401.000000 2896.000000 3083.000000 6.000000 2941.000000 40599.000000 3876.000000
960520 29.397388 7.161063 9260.000000 49916.000000 53749.000000 3695.000000 2409.000000 16.000000 3140.000000 40656.000000 3833.000000
961520 28.422542 7.049223 9643.000000 50372.000000 54162.000000 4620.000000 1763.000000 28.000000 3232.000000 40729.000000 3790.000000
962520 27.619117 6.944495 9973.000000 50837.000000 54590.000000 5569.000000 1030.000000 38.000000 3336.000000 40864.000000 3753.000000
963520 26.801850 6.840509 10349.000000 51363.000000 55069.000000 6638.000000 437.000000 61.000000 3213.000000 41014.000000 3706.000000
964520 26.126756 6.740094 10637.000000 51800.000000 55474.000000 7509.000000 268.000000 65.000000 2795.000000 41163.000000 3674.000000
965520 25.910903 6.745052 10902.000000 52234.000000 55878.000000 8286.000000 308.000000 125.000000 2183.000000 41332.000000 3644.000000
966520 25.505085 6.687881 11125.000000 52626.000000 56251.000000 8979.000000 450.000000 137.000000 1559.000000 41501.000000 3625.000000
967520 25.390911 6.732890 11403.000000 53051.000000 56677.000000 9666.000000 653.000000 190.000000 894.000000 41648.000000 3626.000000
968520 25.261703 6.735951 11566.000000 53340.000000 56963.000000 10112.000000 892.000000 214.000000 348.000000 41774.000000 3623.000000
969520 25.797732 6.865394 11551.000000 53379.000000 56996.000000 9938.000000 1174.000000 296.000000 143.000000 41828.000000 3617.000000
970520 26.577476 7.021524 11397.000000 53241.000000 56868.000000 9379.000000 1542.000000 366.000000 110.000000 41844.000000 3627.000000
971520 27.720504 7.257012 11153.000000 53002.000000 56690.000000 8575.000000 2002.000000 426.000000 150.000000 41849.000000 3688.000000
972520 29.034029 7.500222 10853.000000 52702.000000 56425.000000 7656.000000 2465.000000 509.000000 223.000000 41849.000000 3723.000000
973520 30.112800 7.657906 10509.000000 52361.000000 56125.000000 6690.000000 2937.000000 534.000000 348.000000 41852.000000 3764.000000
974520 31.785663 7.957659 10131.000000 51986.000000 55833.000000 5630.000000 3408.000000 596.000000 497.000000 41855.000000 3847.000000
975520 32.093160 7.894358 9799.000000 51653.000000 55508.000000 4723.000000 3866.000000 527.000000 683.000000 41854.000000 3855.000000
976520 32.527867 7.873531 9534.000000 51390.000000 55223.000000 3889.000000 4220.000000 515.000000 910.000000 41856.000000 3833.000000
977520 32.970463 7.875118 9299.000000 51159.000000 54996.000000 3095.000000 4527.000000 494.000000 1183.000000 41860.000000 3837.000000
978520 34.434689 8.149985 9129.000000 51004.000000 54859.000000 2264.000000 4758.000000 616.000000 1491.000000 41875.000000 3855.000000
979520 33.833308 7.984527 9034.000000 50906.000000 54806.000000 1717.000000 4987.000000 476.000000 1854.000000 41872.000000 3900.000000
980520 32.103350 7.568711 8984.000000 50888.000000 54831.000000 1646.000000 4916.000000 207.000000 2215.000000 41904.000000 3943.000000
981520 31.479063 7.456276 8990.000000 50922.000000 54947.000000 1988.000000 4413.000000 72.000000 2517.000000 41932.000000 4025.000000
982520 30.399515 7.269234 9205.000000 51178.000000 55164.000000 2605.000000 3721.000000 24.000000 2855.000000 41973.000000 3986.000000
983520 29.390788 7.130112 9508.000000 51531.000000 55483.000000 3387.000000 3073.000000 4.000000 3044.000000 42023.000000 3952.000000
984520 28.488583 7.031795 9883.000000 51977.000000 55889.000000 4316.000000 2418.000000 18.000000 3131.000000 42094.000000 3912.000000
985520 27.545249 6.917736 10272.000000 52447.000000 56319.000000 5274.000000 1790.000000 24.000000 3184.000000 42175.000000 3872.000000
986520 26.729930 6.800359 10609.000000 52919.000000 56747.000000 6220.000000 1021.000000 31.000000 3337.000000 42310.000000 3828.000000
987520 25.982548 6.711398 11009.000000 53457.000000 57231.000000 7257.000000 472.000000 67.000000 3213.000000 42448.000000 3774.000000
988520 25.231849 6.605050 11359.000000 53931.000000 57668.000000 8193.000000 336.000000 72.000000 2758.000000 42572.000000 3737.000000
989520 25.081625 6.616482 11629.000000 54367.000000 58052.000000 8898.000000 376.000000 156.000000 2199.000000 42738.000000 3685.000000
990520 24.871267 6.614966 11854.000000 54731.000000 58413.000000 9471.000000 579.000000 182.000000 1622.000000 42877.000000 3682.000000
991520 24.726836 6.650020 12152.000000 55191.000000 58872.000000 10233.000000 784.000000 234.000000 901.000000 43039.000000 3681.000000
992520 24.812453 6.709605 12295.000000 55453.000000 59154.000000 10584.000000 1070.000000 268.000000 373.000000 43158.000000 3701.000000
993520 25.629963 6.924571 12258.000000 55460.000000 59195.000000 10318.000000 1399.000000 364.000000 177.000000 43202.000000 3735.000000
994520 26.610202 7.130396 12038.000000 55260.000000 59043.000000 9659.000000 1804.000000 427.000000 148.000000 43222.000000 3783.000000
995520 27.704215 7.358263 11785.000000 55011.000000 58859.000000 8820.000000 2291.000000 483.000000 191.000000 43226.000000 3848.000000
996520 28.704670 7.515369 11443.000000 54671.000000 58560.000000 7845.000000 2812.000000 512.000000 274.000000 43228.000000 3889.000000
997520 29.841397 7.689006 11088.000000 54321.000000 58239.000000 6839.000000 3255.000000 560.000000 434.000000 43233.000000 3918.000000
998520 30.923832 7.837618 10723.000000 53958.000000 57913.000000 5806.000000 3704.000000 584.000000 629.000000 43235.000000 3955.000000
999520 32.463205 8.111718 10328.000000 53569.000000 57645.000000 4847.000000 4054.000000 600.000000 827.000000 43241.000000 4076.000000
1000520 32.793579 8.108908 10039.000000 53278.000000 57443.000000 4058.000000 4421.000000 493.000000 1067.000000 43239.000000 4165.000000
1001520 33.464314 8.183089 9825.000000 53068.000000 57240.000000 3303.000000 4608.000000 512.000000 1402.000000 43243.000000 4172.000000
1002520 34.870649 8.467636 9650.000000 52920.000000 57147.000000 2482.000000 4820.000000 612.000000 1736.000000 43270.000000 4227.000000
1003520 34.264216 8.292623 9536.000000 52825.000000 57111.000000 1973.000000 5057.000000 450.000000 2056.000000 43289.000000 4286.000000
1004520 32.482699 7.880240 9577.000000 52886.000000 57181.000000 1983.000000 4957.000000 211.000000 2426.000000 43309.000000 4295.000000
1005520 31.518152 7.668674 9621.000000 52968.000000 57285.000000 2383.000000 4396.000000 76.000000 2766.000000 43347.000000 4317.000000
1006520 30.560272 7.507299 9846.000000 53254.000000 57544.000000 3067.000000 3797.000000 30.000000 2952.000000 43408.000000 4290.000000
1007520 29.553193 7.346946 10151.000000 53648.000000 57888.000000 3907.000000 3136.000000 13.000000 3095.000000 43497.000000 4240.000000
1008520 28.683546 7.212974 10465.000000 54082.000000 58270.000000 4796.000000 2523.000000 15.000000 3131.000000 43617.000000 4188.000000
1009520 27.771482 7.092996 10856.000000 54589.000000 58734.000000 5845.000000 1874.000000 21.000000 3116.000000 43733.000000 4145.000000
1010520 27.081697 6.992901 11190.000000 55074.000000 59160.000000 6802.000000 1133.000000 51.000000 3204.000000 43884.000000 4086.000000
1011520 26.624048 6.924756 11443.000000 55497.000000 59540.000000 7592.000000 583.000000 80.000000 3188.000000 44054.000000 4043.000000
1012520 25.932741 6.815642 11766.000000 55971.000000 59965.000000 8451.000000 446.000000 93.000000 2776.000000 44205.000000 3994.000000
1013520 25.847484 6.838981 12001.000000 56358.000000 60316.000000 9045.000000 553.000000 167.000000 2236.000000 44357.000000 3958.000000
1014520 25.738344 6.852047 12195.000000 56712.000000 60668.000000 9594.000000 751.000000 201.000000 1649.000000 44517.000000 3956.000000
1015520 25.827571 6.916271 12402.000000 57089.000000 61030.000000 10114.000000 1021.000000 280.000000 987.000000 44687.000000 3941.000000
1016520 25.944111 6.979664 12525.000000 57349.000000 61321.000000 10422.000000 1356.000000 308.000000 439.000000 44824.000000 3972.000000
1017520 26.604278 7.137384 12486.000000 57369.000000 61339.000000 10120.000000 1755.000000 408.000000 203.000000 44883.000000 3970.000000
1018520 27.089355 7.202184 12268.000000 57169.000000 61162.000000 9444.000000 2216.000000 412.000000 196.000000 44901.000000 3993.000000
1019520 28.144497 7.402363 12010.000000 56922.000000 60940.000000 8624.000000 2638.000000 493.000000 255.000000 44912.000000 4018.000000
1020520 29.703096 7.703723 11636.000000 56553.000000 60646.000000 7585.000000 3069.000000 579.000000 403.000000 44917.000000 4093.000000
1021520 30.661388 7.830526 11221.000000 56142.000000 60328.000000 6596.000000 3505.000000 538.000000 582.000000 44921.000000 4186.000000
1022520 31.080542 7.798639 10885.000000 55809.000000 59972.000000 5729.000000 3837.000000 514.000000 805.000000 44924.000000 4163.000000
1023520 31.943128 7.902715 10577.000000 55508.000000 59701.000000 4874.000000 4097.000000 525.000000 1081.000000 44931.000000 4193.000000
1024520 32.107438 7.841356 10337.000000 55271.000000 59454.000000 4197.000000 4311.000000 479.000000 1350.000000 44934.000000 4183.000000
1025520 32.808143 7.935919 10155.000000 55111.000000 59300.000000 3529.000000 4444.000000 517.000000 1665.000000 44956.000000 4189.000000
1026520 33.577259 8.061492 10003.000000 54986.000000 59195.000000 2841.000000 4619.000000 563.000000 1980.000000 44983.000000 4209.000000
1027520 33.288685 7.976486 9953.000000 54967.000000 59199.000000 2353.000000 4855.000000 490.000000 2255.000000 45014.000000 4232.000000
1028520 31.466031 7.565618 10014.000000 55072.000000 59321.000000 2423.000000 4822.000000 239.000000 2530.000000 45058.000000 4249.000000
1029520 30.454451 7.355611 10072.000000 55195.000000 59492.000000 2930.000000 4315.000000 79.000000 2748.000000 45123.000000 4297.000000
1030520 29.443262 7.176441 10328.000000 55526.000000 59765.000000 3684.000000 3773.000000 50.000000 2821.000000 45198.000000 4239.000000
1031520 28.436658 7.019178 10637.000000 55918.000000 60121.000000 4544.000000 3170.000000 17.000000 2906.000000 45281.000000 4203.000000
1032520 27.734711 6.920724 10927.000000 56319.000000 60485.000000 5373.000000 2595.000000 20.000000 2939.000000 45392.000000 4166.000000
1033520 27.001560 6.821764 11267.000000 56787.000000 60908.000000 6314.000000 1949.000000 34.000000 2970.000000 45520.000000 4121.000000
1034520 26.335222 6.744266 11637.000000 57269.000000 61341.000000 7225.000000 1277.000000 65.000000 3070.000000 45632.000000 4072.000000
1035520 26.054000 6.739588 11914.000000 57661.000000 61710.000000 7900.000000 725.000000 110.000000 3179.000000 45747.000000 4049.000000
1036520 25.576249 6.696817 12245.000000 58110.000000 62134.000000 8660.000000 621.000000 137.000000 2827.000000 45865.000000 4024.000000
1037520 25.566284 6.739666 12456.000000 58455.000000 62466.000000 9179.000000 730.000000 199.000000 2348.000000 45999.000000 4011.000000
1038520 25.422817 6.766666 12712.000000 58846.000000 62867.000000 9796.000000 953.000000 233.000000 1730.000000 46134.000000 4021.000000
1039520 25.728988 6.881387 12851.000000 59158.000000 63214.000000 10193.000000 1259.000000 294.000000 1105.000000 46307.000000 4056.000000
1040520 26.142489 7.025112 12979.000000 59426.000000 63515.000000 10480.000000 1606.000000 373.000000 520.000000 46447.000000 4089.000000
1041520 26.985899 7.229314 12880.000000 59393.000000 63533.000000 10128.000000 2017.000000 453.000000 282.000000 46513.000000 4140.000000
1042520 27.824641 7.389994 12608.000000 59157.000000 63383.000000 9412.000000 2462.000000 458.000000 276.000000 46549.000000 4226.000000
1043520 28.473310 7.483413 12319.000000 58874.000000 63153.000000 8663.000000 2836.000000 447.000000 373.000000 46555.000000 4279.000000
1044520 29.544615 7.642836 11978.000000 58545.000000 62817.000000 7747.000000 3160.000000 529.000000 542.000000 46567.000000 4272.000000
1045520 30.296730 7.701054 11591.000000 58164.000000 62446.000000 6776.000000 3543.000000 527.000000 745.000000 46573.000000 4282.000000
1046520 31.221169 7.835917 11230.000000 57810.000000 62188.000000 5989.000000 3770.000000 495.000000 976.000000 46580.000000 4378.000000
1047520 31.949341 7.903874 10953.000000 57554.000000 61919.000000 5178.000000 4001.000000 529.000000 1245.000000 46601.000000 4365.000000
1048520 32.065613 7.852411 10745.000000 57365.000000 61739.000000 4568.000000 4204.000000 474.000000 1499.000000 46620.000000 4374.000000
1049520 32.939291 8.004544 10604.000000 57246.000000 61615.000000 3894.000000 4339.000000 563.000000 1808.000000 46642.000000 4369.000000
1050520 33.194463 8.025343 10460.000000 57133.000000 61555.000000 3322.000000 4521.000000 518.000000 2099.000000 46673.000000 4422.000000
1051520 33.221228 8.019810 10435.000000 57153.000000 61585.000000 2863.000000 4763.000000 507.000000 2302.000000 46718.000000 4432.000000
1052520 31.584590 7.639204 10482.000000 57265.000000 61708.000000 2868.000000 4857.000000 271.000000 2486.000000 46783.000000 4443.000000
1053520 30.420325 7.390651 10531.000000 57384.000000 61889.000000 3398.000000 4444.000000 69.000000 2620.000000 46853.000000 4505.000000
1054520 29.542321 7.233933 10783.000000 57747.000000 62193.000000 4154.000000 3919.000000 53.000000 2657.000000 46964.000000 4446.000000
1055520 28.646204 7.089624 11080.000000 58133.000000 62528.000000 4937.000000 3356.000000 38.000000 2749.000000 47053.000000 4395.000000
1056520 27.889815 6.972786 11359.000000 58513.000000 62873.000000 5722.000000 2775.000000 24.000000 2838.000000 47154.000000 4360.000000
1057520 27.438223 6.934058 11653.000000 58921.000000 63253.000000 6500.000000 2100.000000 54.000000 2999.000000 47268.000000 4332.000000
1058520 27.066141 6.906360 11934.000000 59333.000000 63637.000000 7259.000000 1466.000000 91.000000 3118.000000 47399.000000 4304.000000
1059520 26.811638 6.898061 12194.000000 59720.000000 63989.000000 7917.000000 902.000000 145.000000 3230.000000 47526.000000 4269.000000
1060520 26.760733 6.928123 12394.000000 60071.000000 64332.000000 8433.000000 793.000000 196.000000 2972.000000 47677.000000 4261.000000
1061520 26.554542 6.930770 12612.000000 60423.000000 64697.000000 9005.000000 926.000000 210.000000 2471.000000 47811.000000 4274.000000
1062520 26.383203 6.934559 12848.000000 60801.000000 65051.000000 9554.000000 1176.000000 261.000000 1857.000000 47953.000000 4250.000000
1063520 26.372171 6.997677 13093.000000 61166.000000 65436.000000 10085.000000 1487.000000 309.000000 1212.000000 48073.000000 4270.000000
1064520 26.379527 7.027315 13242.000000 61451.000000 65715.000000 10415.000000 1847.000000 354.000000 626.000000 48209.000000 4264.000000
1065520 27.018491 7.160794 13166.000000 61457.000000 65705.000000 10108.000000 2219.000000 457.000000 382.000000 48291.000000 4248.000000
1066520 27.641427 7.268511 12899.000000 61207.000000 65543.000000 9490.000000 2616.000000 428.000000 365.000000 48308.000000 4336.000000
1067520 28.256643 7.345576 12589.000000 60907.000000 65291.000000 8761.000000 2919.000000 412.000000 497.000000 48318.000000 4384.000000
1068520 29.025869 7.440687 12287.000000 60620.000000 64994.000000 7989.000000 3142.000000 462.000000 694.000000 48333.000000 4374.000000
1069520 29.809338 7.539296 11980.000000 60317.000000 64701.000000 7183.000000 3407.000000 494.000000 896.000000 48337.000000 4384.000000
1070520 30.430188 7.597157 11665.000000 60011.000000 64432.000000 6415.000000 3641.000000 474.000000 1135.000000 48346.000000 4421.000000
1071520 30.904840 7.620754 11382.000000 59736.000000 64180.000000 5755.000000 3741.000000 447.000000 1439.000000 48354.000000 4444.000000
1072520 31.778444 7.775054 11202.000000 59582.000000 64051.000000 5151.000000 3874.000000 511.000000 1666.000000 48380.000000 4469.000000
1073520 32.398074 7.885730 11093.000000 59507.000000 63989.000000 4593.000000 4039.000000 564.000000 1897.000000 48414.000000 4482.000000
1074520 33.288149 8.064995 10967.000000 59418.000000 63943.000000 3850.000000 4397.000000 632.000000 2088.000000 48451.000000 4525.000000
1075520 33.290314 8.060686 10915.000000 59420.000000 64002.000000 3342.000000 4750.000000 577.000000 2246.000000 48505.000000 4582.000000
1076520 31.443266 7.624318 10968.000000 59563.000000 64150.000000 3418.000000 4939.000000 304.000000 2307.000000 48595.000000 4587.000000
1077520 30.354746 7.383970 11005.000000 59675.000000 64315.000000 3886.000000 4568.000000 109.000000 2442.000000 48670.000000 4640.000000
1078520 29.278142 7.182329 11260.000000 60015.000000 64603.000000 4612.000000 4113.000000 52.000000 2483.000000 48755.000000 4588.000000
1079520 28.613202 7.084977 11513.000000 60352.000000 64912.000000 5290.000000 3670.000000 39.000000 2514.000000 48839.000000 4560.000000
1080520 28.197104 7.044089 11764.000000 60700.000000 65232.000000 5973.000000 3071.000000 63.000000 2657.000000 48936.000000 4532.000000
1081520 27.821506 7.008633 12017.000000 61063.000000 65562.000000 6625.000000 2419.000000 96.000000 2877.000000 49046.000000 4499.000000
1082520 27.257037 6.946446 12324.000000 61454.000000 65933.000000 7346.000000 1681.000000 101.000000 3196.000000 49130.000000 4479.000000
1083520 27.251352 6.996152 12550.000000 61803.000000 66265.000000 7876.000000 1107.000000 174.000000 3393.000000 49253.000000 4462.000000
1084520 27.213096 7.042211 12774.000000 62117.000000 66570.000000 8318.000000 1005.000000 235.000000 3216.000000 49343.000000 4453.000000
1085520 26.881597 7.004066 12990.000000 62462.000000 66904.000000 8854.000000 1168.000000 244.000000 2724.000000 49472.000000 4442.000000
1086520 26.934827 7.075135 13209.000000 62825.000000 67292.000000 9404.000000 1413.000000 294.000000 2098.000000 49616.000000 4467.000000
1087520 26.981206 7.144756 13469.000000 63252.000000 67714.000000 10021.000000 1700.000000 376.000000 1372.000000 49783.000000 4462.000000
1088520 26.954118 7.166583 13603.000000 63551.000000 68038.000000 10425.000000 2051.000000 389.000000 738.000000 49948.000000 4487.000000
1089520 27.303981 7.235218 13524.000000 63546.000000 68056.000000 10192.000000 2424.000000 414.000000 494.000000 50022.000000 4510.000000
1090520 27.693258 7.269807 13276.000000 63319.000000 67856.000000 9623.000000 2741.000000 396.000000 516.000000 50043.000000 4537.000000
1091520 28.064976 7.282623 13013.000000 63081.000000 67613.000000 9015.000000 2955.000000 392.000000 651.000000 50068.000000 4532.000000
1092520 28.608620 7.340934 12773.000000 62850.000000 67362.000000 8344.000000 3142.000000 433.000000 854.000000 50077.000000 4512.000000
1093520 29.623318 7.511212 12477.000000 62573.000000 67113.000000 7579.000000 3321.000000 501.000000 1076.000000 50096.000000 4540.000000
1094520 29.707288 7.438153 12211.000000 62329.000000 66858.000000 6937.000000 3524.000000 444.000000 1306.000000 50118.000000 4529.000000
1095520 30.000606 7.432524 12010.000000 62150.000000 66653.000000 6358.000000 3638.000000 451.000000 1563.000000 50140.000000 4503.000000
1096520 30.585351 7.503759 11842.000000 62027.000000 66500.000000 5795.000000 3763.000000 517.000000 1767.000000 50185.000000 4473.000000
1097520 31.344481 7.645191 11708.000000 61948.000000 66447.000000 5142.000000 4039.000000 581.000000 1946.000000 50240.000000 4499.000000
1098520 32.077696 7.782880 11594.000000 61895.000000 66415.000000 4361.000000 4493.000000 649.000000 2091.000000 50301.000000 4520.000000
1099520 31.930262 7.718010 11526.000000 61908.000000 66442.000000 3796.000000 4970.000000 594.000000 2166.000000 50382.000000 4534.000000
1100520 30.012415 7.263468 11586.000000 62042.000000 66566.000000 3801.000000 5251.000000 311.000000 2223.000000 50456.000000 4524.000000
