767259 0.240645 0.050000 8311.000000 40000.000000 40000.000000 4463.000000 982.000000 20.000000 2846.000000 31689.000000 0.000000
768259 0.358594 0.074307 8353.000000 40360.000000 40373.000000 5159.000000 695.000000 17.000000 2482.000000 32007.000000 13.000000
769259 0.715137 0.147427 8362.000000 40670.000000 40698.000000 5748.000000 500.000000 32.000000 2082.000000 32308.000000 28.000000
770259 1.401259 0.287854 8367.000000 40939.000000 40993.000000 6233.000000 406.000000 64.000000 1664.000000 32572.000000 54.000000
771259 2.391948 0.489543 8336.000000 41154.000000 41263.000000 6607.000000 394.000000 93.000000 1242.000000 32818.000000 109.000000
772259 3.429582 0.701239 8289.000000 41302.000000 41498.000000 6891.000000 418.000000 95.000000 885.000000 33013.000000 196.000000
773259 5.714621 1.168398 8215.000000 41374.000000 41681.000000 6942.000000 474.000000 180.000000 619.000000 33159.000000 307.000000
774259 8.336256 1.705456 8076.000000 41330.000000 41807.000000 6770.000000 635.000000 236.000000 435.000000 33254.000000 477.000000
775259 11.366554 2.325082 7863.000000 41185.000000 41891.000000 6452.000000 822.000000 268.000000 321.000000 33322.000000 706.000000
776259 15.078253 3.078207 7584.000000 40962.000000 41940.000000 5982.000000 1039.000000 313.000000 250.000000 33378.000000 978.000000
777259 19.644943 4.006861 7288.000000 40704.000000 41978.000000 5333.000000 1333.000000 408.000000 214.000000 33416.000000 1274.000000
778259 24.288381 4.955373 6917.000000 40360.000000 42015.000000 4601.000000 1671.000000 427.000000 218.000000 33443.000000 1655.000000
779259 28.461359 5.800757 6522.000000 39985.000000 42029.000000 3877.000000 1981.000000 394.000000 270.000000 33463.000000 2044.000000
780259 32.170769 6.558391 6185.000000 39665.000000 42053.000000 3215.000000 2273.000000 370.000000 327.000000 33480.000000 2388.000000
781259 34.833819 7.100071 5902.000000 39397.000000 42070.000000 2633.000000 2502.000000 314.000000 453.000000 33495.000000 2673.000000
782259 37.660070 7.684268 5654.000000 39163.000000 42099.000000 2111.000000 2620.000000 299.000000 624.000000 33509.000000 2936.000000
783259 39.757773 8.102912 5463.000000 39009.000000 42133.000000 1659.000000 2728.000000 290.000000 786.000000 33546.000000 3124.000000
784259 41.047730 8.359808 5291.000000 38879.000000 42178.000000 1331.000000 2761.000000 227.000000 972.000000 33588.000000 3299.000000
785259 41.848016 8.515475 5168.000000 38804.000000 42229.000000 1143.000000 2617.000000 171.000000 1237.000000 33636.000000 3425.000000
786259 41.762319 8.511543 5138.000000 38832.000000 42319.000000 1148.000000 2367.000000 115.000000 1508.000000 33694.000000 3487.000000
787259 41.261574 8.401876 5132.000000 38923.000000 42431.000000 1302.000000 2090.000000 57.000000 1683.000000 33791.000000 3508.000000
788259 41.147161 8.347045 5124.000000 39036.000000 42542.000000 1481.000000 1749.000000 45.000000 1849.000000 33912.000000 3506.000000
789259 40.819861 8.279658 5165.000000 39200.000000 42695.000000 1759.000000 1443.000000 40.000000 1923.000000 34035.000000 3495.000000
790259 40.358744 8.182581 5214.000000 39413.000000 42896.000000 2160.000000 1137.000000 27.000000 1890.000000 34199.000000 3483.000000
791259 39.745194 8.098836 5318.000000 39669.000000 43142.000000 2652.000000 867.000000 21.000000 1778.000000 34351.000000 3473.000000
792259 39.578375 8.055735 5353.000000 39878.000000 43348.000000 3066.000000 628.000000 22.000000 1637.000000 34525.000000 3470.000000
793259 39.056371 7.996237 5459.000000 40119.000000 43583.000000 3543.000000 463.000000 21.000000 1432.000000 34660.000000 3464.000000
794259 38.783904 7.969028 5542.000000 40328.000000 43782.000000 3941.000000 355.000000 35.000000 1211.000000 34786.000000 3454.000000
795259 38.289430 7.904437 5651.000000 40528.000000 43950.000000 4309.000000 318.000000 52.000000 972.000000 34877.000000 3422.000000
796259 37.554633 7.795949 5777.000000 40712.000000 44087.000000 4672.000000 310.000000 62.000000 733.000000 34935.000000 3375.000000
797259 37.360717 7.745968 5830.000000 40828.000000 44152.000000 4877.000000 328.000000 96.000000 529.000000 34998.000000 3324.000000
798259 37.241985 7.684814 5855.000000 40886.000000 44139.000000 4949.000000 385.000000 139.000000 382.000000 35031.000000 3253.000000
799259 36.914692 7.537015 5809.000000 40854.000000 44036.000000 4939.000000 450.000000 137.000000 283.000000 35045.000000 3182.000000
800259 36.793422 7.352304 5717.000000 40783.000000 43823.000000 4762.000000 558.000000 182.000000 215.000000 35066.000000 3040.000000
801259 37.347131 7.288750 5578.000000 40648.000000 43574.000000 4467.000000 670.000000 250.000000 191.000000 35070.000000 2926.000000
802259 37.960478 7.192549 5373.000000 40442.000000 43267.000000 4036.000000 865.000000 287.000000 185.000000 35069.000000 2825.000000
803259 37.644518 6.900326 5153.000000 40222.000000 42940.000000 3671.000000 1050.000000 245.000000 187.000000 35069.000000 2718.000000
804259 39.000000 6.947309 4950.000000 40014.000000 42664.000000 3182.000000 1249.000000 314.000000 205.000000 35064.000000 2650.000000
805259 39.132214 6.765268 4731.000000 39795.000000 42393.000000 2743.000000 1447.000000 270.000000 271.000000 35064.000000 2598.000000
806259 40.433870 6.845485 4555.000000 39613.000000 42203.000000 2283.000000 1655.000000 299.000000 318.000000 35058.000000 2590.000000
807259 41.177311 6.852605 4377.000000 39435.000000 42057.000000 1858.000000 1861.000000 260.000000 398.000000 35058.000000 2622.000000
808259 41.990714 6.898360 4236.000000 39296.000000 41952.000000 1488.000000 2016.000000 238.000000 494.000000 35060.000000 2656.000000
809259 41.956712 6.847746 4142.000000 39201.000000 41897.000000 1248.000000 2096.000000 173.000000 625.000000 35059.000000 2696.000000
810259 41.716538 6.819049 4131.000000 39192.000000 41912.000000 1164.000000 2045.000000 138.000000 784.000000 35061.000000 2720.000000
811259 40.907115 6.727836 4151.000000 39210.000000 41960.000000 1156.000000 1996.000000 73.000000 926.000000 35059.000000 2750.000000
812259 40.377736 6.711537 4232.000000 39290.000000 42047.000000 1262.000000 1811.000000 65.000000 1094.000000 35058.000000 2757.000000
813259 39.625299 6.672043 4339.000000 39401.000000 42161.000000 1442.000000 1611.000000 53.000000 1233.000000 35062.000000 2760.000000
814259 38.833747 6.656899 4490.000000 39553.000000 42317.000000 1691.000000 1380.000000 53.000000 1366.000000 35063.000000 2764.000000
815259 37.516743 6.585165 4704.000000 39773.000000 42535.000000 2086.000000 1139.000000 39.000000 1440.000000 35069.000000 2762.000000
816259 36.634051 6.570419 4894.000000 39966.000000 42737.000000 2475.000000 888.000000 37.000000 1494.000000 35072.000000 2771.000000
817259 35.806533 6.580111 5108.000000 40188.000000 42978.000000 2922.000000 697.000000 38.000000 1451.000000 35080.000000 2790.000000
818259 34.949074 6.587713 5344.000000 40427.000000 43232.000000 3418.000000 545.000000 43.000000 1338.000000 35083.000000 2805.000000
819259 33.980005 6.564577 5594.000000 40683.000000 43491.000000 3934.000000 458.000000 47.000000 1155.000000 35089.000000 2808.000000
820259 33.090193 6.535559 5831.000000 40924.000000 43730.000000 4430.000000 396.000000 52.000000 953.000000 35093.000000 2806.000000
821259 32.651670 6.545057 6013.000000 41122.000000 43911.000000 4800.000000 389.000000 85.000000 739.000000 35109.000000 2789.000000
822259 31.856422 6.450294 6159.000000 41273.000000 44029.000000 5094.000000 387.000000 84.000000 594.000000 35114.000000 2756.000000
823259 31.739470 6.446416 6236.000000 41356.000000 44071.000000 5211.000000 437.000000 126.000000 462.000000 35120.000000 2715.000000
824259 31.775910 6.437700 6224.000000 41352.000000 44053.000000 5205.000000 531.000000 135.000000 353.000000 35128.000000 2701.000000
825259 32.414028 6.499033 6178.000000 41312.000000 43945.000000 5026.000000 638.000000 223.000000 291.000000 35134.000000 2633.000000
826259 32.928381 6.500834 6025.000000 41161.000000 43779.000000 4731.000000 819.000000 228.000000 247.000000 35136.000000 2618.000000
827259 33.404005 6.499966 5869.000000 41010.000000 43631.000000 4464.000000 983.000000 215.000000 207.000000 35141.000000 2621.000000
828259 34.556870 6.590067 5675.000000 40822.000000 43429.000000 4051.000000 1163.000000 255.000000 206.000000 35147.000000 2607.000000
829259 35.988091 6.714034 5470.000000 40617.000000 43208.000000 3535.000000 1367.000000 310.000000 258.000000 35147.000000 2591.000000
830259 37.434987 6.857687 5248.000000 40397.000000 43032.000000 3015.000000 1618.000000 316.000000 299.000000 35149.000000 2635.000000
831259 38.560311 6.936699 5057.000000 40206.000000 42859.000000 2481.000000 1880.000000 320.000000 376.000000 35149.000000 2653.000000
832259 39.791474 7.056098 4875.000000 40027.000000 42729.000000 2033.000000 2086.000000 313.000000 443.000000 35152.000000 2702.000000
833259 39.766943 6.965886 4735.000000 39891.000000 42622.000000 1664.000000 2239.000000 238.000000 594.000000 35156.000000 2731.000000
834259 39.506339 6.878332 4665.000000 39834.000000 42583.000000 1455.000000 2314.000000 180.000000 716.000000 35169.000000 2749.000000
835259 39.232323 6.838670 4652.000000 39823.000000 42596.000000 1326.000000 2340.000000 140.000000 846.000000 35171.000000 2773.000000
836259 38.746820 6.785145 4694.000000 39877.000000 42652.000000 1329.000000 2245.000000 119.000000 1001.000000 35183.000000 2775.000000
837259 38.028169 6.699595 4749.000000 39942.000000 42719.000000 1374.000000 2078.000000 85.000000 1212.000000 35193.000000 2777.000000
838259 37.168487 6.665734 4908.000000 40107.000000 42891.000000 1606.000000 1865.000000 75.000000 1362.000000 35199.000000 2784.000000
839259 36.081685 6.565868 5056.000000 40277.000000 43056.000000 1874.000000 1625.000000 48.000000 1509.000000 35221.000000 2779.000000
840259 35.379604 6.534617 5194.000000 40428.000000 43216.000000 2202.000000 1318.000000 36.000000 1638.000000 35234.000000 2788.000000
841259 34.488247 6.488092 5400.000000 40650.000000 43418.000000 2628.000000 1032.000000 49.000000 1691.000000 35250.000000 2768.000000
842259 33.408685 6.429455 5631.000000 40900.000000 43674.000000 3166.000000 816.000000 34.000000 1615.000000 35269.000000 2774.000000
843259 32.538764 6.399199 5884.000000 41185.000000 43943.000000 3716.000000 638.000000 54.000000 1476.000000 35301.000000 2758.000000
844259 31.672879 6.344609 6112.000000 41454.000000 44195.000000 4249.000000 519.000000 63.000000 1281.000000 35342.000000 2741.000000
845259 30.993568 6.294620 6293.000000 41678.000000 44403.000000 4707.000000 434.000000 70.000000 1082.000000 35385.000000 2725.000000
846259 30.391730 6.261770 6471.000000 41885.000000 44604.000000 5138.000000 361.000000 74.000000 898.000000 35414.000000 2719.000000
847259 30.224283 6.267188 6572.000000 42023.000000 44725.000000 5387.000000 375.000000 101.000000 709.000000 35451.000000 2702.000000
848259 29.991394 6.227524 6612.000000 42085.000000 44769.000000 5537.000000 429.000000 104.000000 542.000000 35473.000000 2684.000000
849259 30.968858 6.400286 6605.000000 42105.000000 44748.000000 5427.000000 540.000000 221.000000 417.000000 35500.000000 2643.000000
850259 30.943520 6.331183 6508.000000 42024.000000 44652.000000 5309.000000 686.000000 199.000000 314.000000 35516.000000 2628.000000
851259 31.379272 6.365125 6422.000000 41952.000000 44571.000000 5174.000000 811.000000 218.000000 219.000000 35530.000000 2619.000000
852259 32.337355 6.459314 6281.000000 41813.000000 44401.000000 4825.000000 970.000000 280.000000 206.000000 35532.000000 2588.000000
853259 33.909039 6.659732 6052.000000 41588.000000 44221.000000 4302.000000 1219.000000 312.000000 219.000000 35536.000000 2633.000000
854259 35.250354 6.783320 5822.000000 41359.000000 44005.000000 3774.000000 1460.000000 339.000000 249.000000 35537.000000 2646.000000
855259 36.567345 6.893009 5561.000000 41103.000000 43798.000000 3197.000000 1739.000000 324.000000 301.000000 35542.000000 2695.000000
856259 37.683483 6.998374 5349.000000 40895.000000 43653.000000 2687.000000 2007.000000 297.000000 358.000000 35546.000000 2758.000000
857259 38.770656 7.114307 5196.000000 40740.000000 43532.000000 2225.000000 2172.000000 305.000000 494.000000 35544.000000 2792.000000
858259 38.918373 7.087140 5071.000000 40616.000000 43459.000000 1851.000000 2372.000000 237.000000 611.000000 35545.000000 2843.000000
859259 38.931781 7.079890 5023.000000 40569.000000 43447.000000 1598.000000 2500.000000 198.000000 727.000000 35546.000000 2878.000000
860259 38.607116 7.038366 5027.000000 40577.000000 43476.000000 1460.000000 2525.000000 161.000000 881.000000 35550.000000 2899.000000
861259 38.223503 7.008637 5070.000000 40620.000000 43532.000000 1408.000000 2424.000000 139.000000 1099.000000 35550.000000 2912.000000
862259 37.831504 7.023771 5188.000000 40747.000000 43666.000000 1507.000000 2285.000000 148.000000 1248.000000 35559.000000 2919.000000
863259 36.351499 6.836963 5314.000000 40881.000000 43806.000000 1683.000000 2135.000000 70.000000 1426.000000 35567.000000 2925.000000
864259 35.692969 6.803031 5436.000000 41010.000000 43951.000000 1973.000000 1788.000000 49.000000 1626.000000 35574.000000 2941.000000
865259 34.804437 6.753053 5627.000000 41205.000000 44143.000000 2372.000000 1440.000000 43.000000 1772.000000 35578.000000 2938.000000
866259 33.534365 6.639182 5872.000000 41472.000000 44388.000000 2917.000000 1136.000000 31.000000 1788.000000 35600.000000 2916.000000
867259 32.807115 6.611552 6091.000000 41730.000000 44634.000000 3417.000000 884.000000 47.000000 1743.000000 35639.000000 2904.000000
868259 31.828074 6.519413 6314.000000 41990.000000 44866.000000 3955.000000 686.000000 49.000000 1624.000000 35676.000000 2876.000000
869259 30.799448 6.426673 6567.000000 42288.000000 45140.000000 4557.000000 542.000000 49.000000 1419.000000 35721.000000 2852.000000
870259 30.192809 6.385417 6786.000000 42560.000000 45369.000000 5059.000000 401.000000 88.000000 1238.000000 35774.000000 2809.000000
871259 29.618587 6.325473 6929.000000 42748.000000 45546.000000 5465.000000 376.000000 83.000000 1005.000000 35819.000000 2798.000000
872259 29.196410 6.269297 7051.000000 42912.000000 45667.000000 5752.000000 420.000000 108.000000 771.000000 35861.000000 2755.000000
873259 29.312449 6.303863 7126.000000 43012.000000 45718.000000 5857.000000 515.000000 176.000000 578.000000 35886.000000 2706.000000
874259 29.422586 6.299643 7089.000000 43005.000000 45701.000000 5827.000000 647.000000 183.000000 432.000000 35916.000000 2696.000000
875259 29.161105 6.217435 7090.000000 43029.000000 45678.000000 5833.000000 796.000000 191.000000 270.000000 35939.000000 2649.000000
876259 29.674670 6.265087 6996.000000 42945.000000 45570.000000 5581.000000 969.000000 230.000000 216.000000 35949.000000 2625.000000
877259 30.880630 6.394285 6798.000000 42760.000000 45353.000000 5079.000000 1188.000000 307.000000 224.000000 35962.000000 2593.000000
878259 31.920227 6.487839 6575.000000 42545.000000 45146.000000 4590.000000 1409.000000 328.000000 248.000000 35970.000000 2601.000000
879259 32.819482 6.539643 6363.000000 42337.000000 44926.000000 4018.000000 1714.000000 349.000000 282.000000 35974.000000 2589.000000
880259 33.752142 6.606157 6164.000000 42140.000000 44731.000000 3440.000000 2021.000000 364.000000 339.000000 35976.000000 2591.000000
881259 34.826102 6.715715 5955.000000 41940.000000 44582.000000 2862.000000 2277.000000 352.000000 464.000000 35985.000000 2642.000000
882259 34.987037 6.675210 5805.000000 41797.000000 44478.000000 2378.000000 2551.000000 288.000000 588.000000 35992.000000 2681.000000
883259 35.537877 6.737653 5700.000000 41700.000000 44422.000000 1990.000000 2721.000000 271.000000 718.000000 36000.000000 2722.000000
884259 35.428300 6.713948 5666.000000 41664.000000 44415.000000 1694.000000 2853.000000 231.000000 888.000000 35998.000000 2751.000000
885259 34.743060 6.614637 5685.000000 41682.000000 44462.000000 1561.000000 2883.000000 161.000000 1080.000000 35997.000000 2780.000000
886259 34.848662 6.691200 5770.000000 41779.000000 44566.000000 1501.000000 2836.000000 195.000000 1238.000000 36009.000000 2787.000000
887259 33.341019 6.470957 5882.000000 41900.000000 44692.000000 1617.000000 2709.000000 100.000000 1456.000000 36018.000000 2792.000000
888259 32.472409 6.367267 5976.000000 42010.000000 44823.000000 1914.000000 2346.000000 41.000000 1675.000000 36034.000000 2813.000000
889259 31.701866 6.304444 6150.000000 42201.000000 45000.000000 2308.000000 1914.000000 38.000000 1890.000000 36051.000000 2799.000000
890259 30.799433 6.242539 6385.000000 42454.000000 45238.000000 2805.000000 1564.000000 40.000000 1976.000000 36069.000000 2784.000000
891259 29.955338 6.192570 6630.000000 42716.000000 45490.000000 3324.000000 1237.000000 43.000000 2026.000000 36086.000000 2774.000000
892259 28.986261 6.085702 6856.000000 43011.000000 45763.000000 3940.000000 916.000000 33.000000 1967.000000 36155.000000 2752.000000
893259 28.275231 6.040604 7115.000000 43331.000000 46055.000000 4550.000000 684.000000 58.000000 1823.000000 36216.000000 2724.000000
894259 27.554272 5.970697 7348.000000 43649.000000 46343.000000 5167.000000 440.000000 73.000000 1668.000000 36301.000000 2694.000000
895259 26.744754 5.880333 7574.000000 43925.000000 46596.000000 5715.000000 386.000000 69.000000 1404.000000 36351.000000 2671.000000
896259 26.361971 5.842505 7732.000000 44156.000000 46795.000000 6110.000000 444.000000 95.000000 1083.000000 36424.000000 2639.000000
897259 26.491396 5.901395 7851.000000 44346.000000 46955.000000 6369.000000 546.000000 162.000000 774.000000 36495.000000 2609.000000
898259 26.399236 5.878725 7864.000000 44411.000000 47017.000000 6493.000000 669.000000 158.000000 544.000000 36547.000000 2606.000000
899259 26.702867 5.954202 7910.000000 44489.000000 47076.000000 6579.000000 789.000000 216.000000 326.000000 36579.000000 2587.000000
900259 27.062548 5.998427 7810.000000 44415.000000 47029.000000 6396.000000 983.000000 207.000000 224.000000 36605.000000 2614.000000
901259 28.132618 6.155061 7660.000000 44277.000000 46872.000000 5929.000000 1213.000000 290.000000 228.000000 36617.000000 2595.000000
902259 29.183653 6.287355 7439.000000 44063.000000 46681.000000 5411.000000 1457.000000 317.000000 254.000000 36624.000000 2618.000000
903259 30.423763 6.454457 7215.000000 43846.000000 46495.000000 4828.000000 1740.000000 352.000000 295.000000 36631.000000 2649.000000
904259 31.573510 6.598579 6982.000000 43616.000000 46313.000000 4233.000000 2032.000000 359.000000 358.000000 36634.000000 2697.000000
905259 32.326316 6.655830 6799.000000 43439.000000 46140.000000 3623.000000 2327.000000 370.000000 479.000000 36640.000000 2701.000000
906259 33.109190 6.741866 6621.000000 43263.000000 46011.000000 3009.000000 2661.000000 354.000000 597.000000 36642.000000 2748.000000
907259 33.732341 6.810808 6480.000000 43134.000000 45927.000000 2517.000000 2909.000000 335.000000 719.000000 36654.000000 2793.000000
908259 34.328035 6.915855 6393.000000 43053.000000 45909.000000 2106.000000 3085.000000 319.000000 883.000000 36660.000000 2856.000000
909259 34.212518 6.891671 6337.000000 43011.000000 45925.000000 1808.000000 3192.000000 251.000000 1086.000000 36674.000000 2914.000000
910259 34.152888 6.913865 6386.000000 43081.000000 46009.000000 1604.000000 3262.000000 253.000000 1267.000000 36695.000000 2928.000000
911259 32.716837 6.674328 6462.000000 43171.000000 46117.000000 1647.000000 3207.000000 132.000000 1476.000000 36709.000000 2946.000000
912259 31.830601 6.551314 6535.000000 43254.000000 46235.000000 1918.000000 2841.000000 48.000000 1728.000000 36719.000000 2981.000000
913259 30.987514 6.468637 6721.000000 43454.000000 46424.000000 2336.000000 2436.000000 33.000000 1916.000000 36733.000000 2970.000000
914259 30.301193 6.425204 6941.000000 43707.000000 46660.000000 2825.000000 1963.000000 45.000000 2108.000000 36766.000000 2953.000000
915259 29.595880 6.370459 7167.000000 43975.000000 46904.000000 3326.000000 1590.000000 59.000000 2192.000000 36808.000000 2929.000000
916259 28.701462 6.280726 7410.000000 44275.000000 47192.000000 3965.000000 1199.000000 47.000000 2199.000000 36865.000000 2917.000000
917259 27.997727 6.224337 7664.000000 44597.000000 47491.000000 4623.000000 825.000000 62.000000 2154.000000 36933.000000 2894.000000
918259 27.332837 6.144667 7874.000000 44901.000000 47765.000000 5220.000000 487.000000 71.000000 2096.000000 37027.000000 2864.000000
919259 26.538217 6.069677 8154.000000 45259.000000 48108.000000 5912.000000 421.000000 71.000000 1750.000000 37105.000000 2849.000000
920259 26.335672 6.058850 8295.000000 45503.000000 48326.000000 6325.000000 468.000000 105.000000 1397.000000 37208.000000 2823.000000
921259 26.282108 6.092008 8431.000000 45719.000000 48539.000000 6691.000000 568.000000 137.000000 1035.000000 37288.000000 2820.000000
922259 26.196785 6.090974 8510.000000 45883.000000 48695.000000 6985.000000 658.000000 154.000000 713.000000 37373.000000 2812.000000
923259 26.172493 6.102306 8613.000000 46061.000000 48834.000000 7217.000000 801.000000 207.000000 388.000000 37448.000000 2773.000000
924259 26.766917 6.201455 8541.000000 46031.000000 48795.000000 7030.000000 999.000000 262.000000 250.000000 37490.000000 2764.000000
925259 27.572311 6.326279 8370.000000 45873.000000 48670.000000 6579.000000 1272.000000 282.000000 237.000000 37503.000000 2797.000000
926259 28.115307 6.358441 8183.000000 45692.000000 48471.000000 6066.000000 1537.000000 303.000000 277.000000 37509.000000 2779.000000
927259 29.215468 6.510077 7986.000000 45507.000000 48279.000000 5493.000000 1820.000000 371.000000 302.000000 37521.000000 2772.000000
928259 30.118315 6.615935 7764.000000 45295.000000 48096.000000 4836.000000 2182.000000 381.000000 365.000000 37531.000000 2801.000000
929259 30.776634 6.673483 7566.000000 45096.000000 47921.000000 4247.000000 2477.000000 373.000000 469.000000 37530.000000 2825.000000
930259 32.094067 6.883489 7383.000000 44916.000000 47781.000000 3577.000000 2783.000000 424.000000 599.000000 37533.000000 2865.000000
931259 31.965677 6.797827 7241.000000 44779.000000 47677.000000 3047.000000 3110.000000 343.000000 741.000000 37538.000000 2898.000000
932259 32.273814 6.806624 7144.000000 44694.000000 47586.000000 2533.000000 3337.000000 347.000000 927.000000 37550.000000 2892.000000
933259 32.387896 6.817035 7111.000000 44670.000000 47572.000000 2136.000000 3491.000000 341.000000 1143.000000 37559.000000 2902.000000
934259 32.699960 6.901403 7094.000000 44670.000000 47628.000000 1734.000000 3675.000000 329.000000 1356.000000 37576.000000 2958.000000
935259 30.872219 6.567952 7173.000000 44762.000000 47747.000000 1756.000000 3673.000000 151.000000 1593.000000 37589.000000 2985.000000
936259 30.078049 6.441436 7231.000000 44843.000000 47862.000000 2019.000000 3322.000000 64.000000 1826.000000 37612.000000 3019.000000
937259 29.302728 6.350032 7406.000000 45041.000000 48047.000000 2446.000000 2903.000000 45.000000 2012.000000 37635.000000 3006.000000
938259 28.703094 6.318841 7626.000000 45293.000000 48300.000000 2985.000000 2372.000000 45.000000 2224.000000 37667.000000 3007.000000
939259 28.096733 6.270471 7839.000000 45550.000000 48545.000000 3496.000000 1943.000000 49.000000 2351.000000 37711.000000 2995.000000
940259 27.096133 6.140333 8111.000000 45884.000000 48841.000000 4175.000000 1443.000000 42.000000 2451.000000 37773.000000 2957.000000
941259 26.311606 6.058449 8399.000000 46248.000000 49171.000000 4891.000000 1012.000000 56.000000 2440.000000 37849.000000 2923.000000
942259 25.593074 5.975459 8660.000000 46579.000000 49469.000000 5540.000000 583.000000 66.000000 2471.000000 37919.000000 2890.000000
943259 24.915082 5.890029 8931.000000 46968.000000 49813.000000 6253.000000 462.000000 89.000000 2127.000000 38037.000000 2845.000000
944259 24.749666 5.919096 9145.000000 47270.000000 50109.000000 6820.000000 479.000000 127.000000 1719.000000 38125.000000 2839.000000
945259 24.410678 5.898230 9347.000000 47560.000000 50388.000000 7358.000000 573.000000 144.000000 1272.000000 38213.000000 2828.000000
946259 24.333333 5.912216 9483.000000 47807.000000 50624.000000 7744.000000 712.000000 176.000000 851.000000 38324.000000 2817.000000
947259 24.444981 5.977812 9620.000000 48026.000000 50838.000000 8062.000000 868.000000 227.000000 463.000000 38406.000000 2812.000000
948259 24.989904 6.086597 9558.000000 48010.000000 50833.000000 7943.000000 1071.000000 271.000000 273.000000 38452.000000 2823.000000
949259 25.710552 6.206992 9405.000000 47878.000000 50717.000000 7494.000000 1348.000000 309.000000 254.000000 38473.000000 2839.000000
950259 26.389808 6.308961 9199.000000 47674.000000 50563.000000 6967.000000 1647.000000 301.000000 284.000000 38475.000000 2889.000000
951259 27.638655 6.528643 9019.000000 47497.000000 50378.000000 6306.000000 1969.000000 408.000000 336.000000 38478.000000 2881.000000
952259 28.388638 6.628558 8794.000000 47278.000000 50207.000000 5667.000000 2346.000000 399.000000 382.000000 38484.000000 2929.000000
953259 29.225169 6.740495 8569.000000 47057.000000 50026.000000 4965.000000 2688.000000 403.000000 513.000000 38488.000000 2969.000000
954259 30.484055 6.957672 8364.000000 46854.000000 49873.000000 4242.000000 3038.000000 451.000000 633.000000 38490.000000 3019.000000
955259 30.946882 7.002734 8170.000000 46664.000000 49752.000000 3620.000000 3338.000000 396.000000 816.000000 38494.000000 3088.000000
956259 31.869017 7.169599 8059.000000 46564.000000 49682.000000 2982.000000 3630.000000 444.000000 1003.000000 38505.000000 3118.000000
957259 32.181949 7.222972 7969.000000 46484.000000 49661.000000 2416.000000 3909.000000 410.000000 1234.000000 38515.000000 3177.000000
958259 32.327933 7.267459 7976.000000 46504.000000 49701.000000 1966.000000 4152.000000 415.000000 1443.000000 38528.000000 3197.000000
959259 30.538976 6.886300 8007.000000 46562.000000 49780.000000 1865.000000 4202.000000 210.000000 1730.000000 38555.000000 3218.000000
960259 29.550869 6.710078 8073.000000 46650.000000 49910.000000 2168.000000 3860.000000 89.000000 1956.000000 38577.000000 3260.000000
961259 28.547754 6.535021 8241.000000 46860.000000 50084.000000 2617.000000 3405.000000 49.000000 2170.000000 38619.000000 3224.000000
962259 27.825490 6.440328 8454.000000 47118.000000 50308.000000 3144.000000 2870.000000 50.000000 2390.000000 38664.000000 3190.000000
963259 27.232143 6.391096 8697.000000 47411.000000 50586.000000 3719.000000 2350.000000 58.000000 2570.000000 38714.000000 3175.000000
964259 26.416962 6.289160 8969.000000 47761.000000 50913.000000 4465.000000 1776.000000 50.000000 2678.000000 38792.000000 3152.000000
965259 25.867380 6.228164 9210.000000 48109.000000 51235.000000 5134.000000 1217.000000 65.000000 2794.000000 38899.000000 3126.000000
966259 25.304951 6.154860 9449.000000 48475.000000 51569.000000 5832.000000 734.000000 80.000000 2803.000000 39026.000000 3094.000000
967259 24.672163 6.053483 9674.000000 48843.000000 51904.000000 6516.000000 545.000000 81.000000 2532.000000 39169.000000 3061.000000
968259 24.373982 6.021489 9874.000000 49188.000000 52213.000000 7106.000000 562.000000 119.000000 2087.000000 39314.000000 3025.000000
969259 24.265439 6.023844 10026.000000 49499.000000 52508.000000 7620.000000 681.000000 154.000000 1571.000000 39473.000000 3009.000000
970259 23.990014 6.002271 10232.000000 49844.000000 52830.000000 8204.000000 819.000000 185.000000 1024.000000 39612.000000 2986.000000
971259 24.328369 6.123564 10354.000000 50081.000000 53090.000000 8532.000000 1009.000000 242.000000 571.000000 39727.000000 3009.000000
972259 24.562195 6.153035 10318.000000 50125.000000 53112.000000 8457.000000 1255.000000 281.000000 325.000000 39807.000000 2987.000000
973259 25.398150 6.317438 10180.000000 50006.000000 53012.000000 8011.000000 1529.000000 343.000000 297.000000 39826.000000 3006.000000
974259 26.020447 6.405162 9971.000000 49810.000000 52848.000000 7449.000000 1829.000000 347.000000 346.000000 39839.000000 3038.000000
975259 27.123801 6.601606 9765.000000 49615.000000 52669.000000 6764.000000 2175.000000 423.000000 403.000000 39850.000000 3054.000000
976259 27.864955 6.699823 9517.000000 49378.000000 52479.000000 6099.000000 2536.000000 415.000000 467.000000 39861.000000 3101.000000
977259 28.627862 6.793052 9282.000000 49152.000000 52274.000000 5390.000000 2853.000000 429.000000 610.000000 39870.000000 3122.000000
978259 28.930149 6.787956 9104.000000 48985.000000 52107.000000 4735.000000 3210.000000 415.000000 744.000000 39881.000000 3122.000000
979259 29.207428 6.780607 8974.000000 48869.000000 51957.000000 4113.000000 3490.000000 435.000000 936.000000 39895.000000 3088.000000
980259 29.647905 6.833603 8832.000000 48751.000000 51876.000000 3494.000000 3793.000000 420.000000 1125.000000 39919.000000 3125.000000
981259 30.847572 7.071604 8748.000000 48694.000000 51827.000000 2752.000000 4083.000000 532.000000 1381.000000 39946.000000 3133.000000
982259 30.273766 6.948996 8732.000000 48702.000000 51878.000000 2280.000000 4419.000000 429.000000 1604.000000 39970.000000 3176.000000
983259 28.777398 6.642045 8816.000000 48804.000000 51987.000000 2147.000000 4555.000000 270.000000 1844.000000 39988.000000 3183.000000
984259 28.086547 6.523449 8811.000000 48837.000000 52135.000000 2441.000000 4207.000000 103.000000 2060.000000 40026.000000 3298.000000
985259 27.180031 6.368988 8978.000000 49035.000000 52316.000000 2892.000000 3715.000000 51.000000 2320.000000 40057.000000 3281.000000
986259 26.342793 6.248811 9231.000000 49343.000000 52586.000000 3530.000000 3192.000000 43.000000 2466.000000 40112.000000 3243.000000
987259 25.703254 6.170434 9478.000000 49652.000000 52865.000000 4135.000000 2673.000000 49.000000 2621.000000 40174.000000 3213.000000
988259 25.050302 6.087333 9745.000000 49999.000000 53176.000000 4830.000000 2097.000000 60.000000 2758.000000 40254.000000 3177.000000
989259 24.299561 5.993985 10071.000000 50402.000000 53537.000000 5605.000000 1387.000000 74.000000 3005.000000 40331.000000 3135.000000
990259 23.854649 5.933666 10290.000000 50767.000000 53879.000000 6305.000000 867.000000 85.000000 3033.000000 40477.000000 3112.000000
991259 23.461709 5.868675 10472.000000 51104.000000 54186.000000 6938.000000 642.000000 98.000000 2794.000000 40632.000000 3082.000000
992259 23.316327 5.869079 10647.000000 51433.000000 54506.000000 7519.000000 643.000000 126.000000 2359.000000 40786.000000 3073.000000
993259 23.457412 5.941027 10810.000000 51760.000000 54839.000000 8064.000000 743.000000 179.000000 1824.000000 40950.000000 3079.000000
994259 23.301934 5.955074 11048.000000 52176.000000 55247.000000 8719.000000 947.000000 219.000000 1163.000000 41128.000000 3071.000000
995259 23.640329 6.053836 11127.000000 52416.000000 55502.000000 9017.000000 1171.000000 274.000000 665.000000 41289.000000 3086.000000
996259 23.943464 6.125643 11115.000000 52480.000000 55586.000000 9003.000000 1422.000000 299.000000 391.000000 41365.000000 3106.000000
997259 25.108225 6.375349 10929.000000 52333.000000 55495.000000 8478.000000 1712.000000 376.000000 363.000000 41404.000000 3162.000000
998259 25.563314 6.418901 10725.000000 52155.000000 55321.000000 7889.000000 2069.000000 385.000000 382.000000 41430.000000 3166.000000
999259 26.301950 6.531597 10494.000000 51935.000000 55132.000000 7211.000000 2428.000000 404.000000 451.000000 41441.000000 3197.000000
1000259 27.297699 6.695681 10276.000000 51722.000000 54916.000000 6451.000000 2807.000000 483.000000 535.000000 41446.000000 3194.000000
1001259 27.839627 6.759941 10055.000000 51510.000000 54749.000000 5771.000000 3144.000000 462.000000 678.000000 41455.000000 3239.000000
1002259 28.125238 6.761657 9864.000000 51339.000000 54602.000000 5141.000000 3456.000000 429.000000 838.000000 41475.000000 3263.000000
1003259 28.607731 6.819392 9698.000000 51189.000000 54477.000000 4524.000000 3677.000000 427.000000 1070.000000 41491.000000 3288.000000
1004259 29.301533 6.954220 9597.000000 51096.000000 54413.000000 3901.000000 3951.000000 467.000000 1278.000000 41499.000000 3317.000000
1005259 31.063962 7.349048 9483.000000 51004.000000 54388.000000 3069.000000 4263.000000 613.000000 1538.000000 41521.000000 3384.000000
1006259 30.146031 7.130914 9448.000000 50999.000000 54425.000000 2542.000000 4668.000000 455.000000 1783.000000 41551.000000 3426.000000
1007259 28.812118 6.837356 9498.000000 51083.000000 54524.000000 2409.000000 4770.000000 287.000000 2032.000000 41585.000000 3441.000000
1008259 27.950073 6.674957 9534.000000 51157.000000 54682.000000 2783.000000 4363.000000 125.000000 2263.000000 41623.000000 3525.000000
1009259 27.069725 6.497366 9667.000000 51354.000000 54853.000000 3255.000000 3895.000000 65.000000 2452.000000 41687.000000 3499.000000
1010259 26.401257 6.399420 9888.000000 51655.000000 55130.000000 3883.000000 3390.000000 53.000000 2562.000000 41767.000000 3475.000000
1011259 25.897266 6.340442 10128.000000 51981.000000 55422.000000 4506.000000 2850.000000 73.000000 2699.000000 41853.000000 3441.000000
1012259 25.264838 6.244732 10367.000000 52344.000000 55759.000000 5240.000000 2251.000000 67.000000 2809.000000 41977.000000 3415.000000
1013259 24.785346 6.175679 10603.000000 52718.000000 56091.000000 5932.000000 1497.000000 91.000000 3083.000000 42115.000000 3373.000000
1014259 24.261484 6.084830 10803.000000 53072.000000 56419.000000 6591.000000 937.000000 86.000000 3189.000000 42269.000000 3347.000000
1015259 23.960230 6.034528 10966.000000 53391.000000 56707.000000 7156.000000 732.000000 106.000000 2972.000000 42425.000000 3316.000000
1016259 23.739016 6.015077 11153.000000 53740.000000 57040.000000 7728.000000 782.000000 131.000000 2512.000000 42587.000000 3300.000000
1017259 23.933083 6.106804 11364.000000 54114.000000 57395.000000 8293.000000 891.000000 224.000000 1956.000000 42750.000000 3281.000000
1018259 23.896489 6.133993 11533.000000 54503.000000 57809.000000 8929.000000 1110.000000 240.000000 1254.000000 42970.000000 3306.000000
1019259 24.125501 6.219132 11665.000000 54796.000000 58111.000000 9294.000000 1373.000000 299.000000 699.000000 43131.000000 3315.000000
1020259 24.574226 6.302449 11598.000000 54836.000000 58152.000000 9173.000000 1633.000000 349.000000 443.000000 43238.000000 3316.000000
1021259 24.947547 6.350464 11433.000000 54701.000000 58043.000000 8699.000000 1960.000000 344.000000 430.000000 43268.000000 3342.000000
1022259 25.653483 6.475740 11258.000000 54537.000000 57893.000000 8106.000000 2298.000000 393.000000 461.000000 43279.000000 3356.000000
1023259 26.351961 6.579312 11062.000000 54353.000000 57696.000000 7402.000000 2663.000000 453.000000 544.000000 43291.000000 3343.000000
1024259 26.664323 6.593540 10850.000000 54151.000000 57526.000000 6758.000000 3033.000000 418.000000 641.000000 43301.000000 3375.000000
1025259 26.958689 6.599480 10664.000000 53977.000000 57353.000000 6127.000000 3333.000000 409.000000 795.000000 43313.000000 3376.000000
1026259 27.044931 6.565401 10533.000000 53854.000000 57209.000000 5573.000000 3564.000000 401.000000 995.000000 43321.000000 3355.000000
1027259 27.651046 6.647627 10385.000000 53737.000000 57073.000000 4947.000000 3757.000000 458.000000 1223.000000 43352.000000 3336.000000
1028259 28.420899 6.810928 10321.000000 53681.000000 57026.000000 4285.000000 4041.000000 539.000000 1456.000000 43360.000000 3345.000000
1029259 28.901777 6.907866 10242.000000 53613.000000 56993.000000 3552.000000 4428.000000 557.000000 1705.000000 43371.000000 3380.000000
1030259 29.358135 7.003052 10165.000000 53582.000000 57018.000000 2879.000000 4781.000000 557.000000 1948.000000 43417.000000 3436.000000
1031259 27.460306 6.567619 10205.000000 53682.000000 57144.000000 2827.000000 4919.000000 291.000000 2168.000000 43477.000000 3462.000000
1032259 26.501896 6.348901 10182.000000 53720.000000 57254.000000 3165.000000 4569.000000 101.000000 2347.000000 43538.000000 3534.000000
1033259 25.812287 6.209958 10330.000000 53951.000000 57440.000000 3616.000000 4133.000000 78.000000 2503.000000 43621.000000 3489.000000
1034259 25.314735 6.133449 10513.000000 54233.000000 57700.000000 4195.000000 3651.000000 72.000000 2595.000000 43720.000000 3467.000000
1035259 24.797863 6.078100 10773.000000 54578.000000 58028.000000 4892.000000 3077.000000 77.000000 2727.000000 43805.000000 3450.000000
1036259 24.193548 5.988178 11038.000000 54957.000000 58365.000000 5615.000000 2411.000000 87.000000 2925.000000 43919.000000 3408.000000
1037259 23.772169 5.937271 11280.000000 55317.000000 58697.000000 6278.000000 1716.000000 105.000000 3181.000000 44037.000000 3380.000000
1038259 23.413581 5.883350 11463.000000 55648.000000 59014.000000 6907.000000 1066.000000 106.000000 3384.000000 44185.000000 3366.000000
1039259 23.092276 5.849639 11699.000000 56005.000000 59337.000000 7478.000000 920.000000 139.000000 3162.000000 44306.000000 3332.000000
1040259 23.000526 5.859094 11880.000000 56361.000000 59685.000000 8051.000000 970.000000 173.000000 2686.000000 44481.000000 3324.000000
1041259 22.960078 5.886367 12087.000000 56770.000000 60088.000000 8686.000000 1123.000000 219.000000 2059.000000 44683.000000 3318.000000
1042259 22.992419 5.919420 12256.000000 57152.000000 60462.000000 9246.000000 1341.000000 269.000000 1400.000000 44896.000000 3310.000000
1043259 23.021171 5.954515 12394.000000 57476.000000 60811.000000 9721.000000 1609.000000 286.000000 778.000000 45082.000000 3335.000000
1044259 23.367588 6.016236 12334.000000 57519.000000 60852.000000 9578.000000 1881.000000 328.000000 547.000000 45185.000000 3333.000000
1045259 23.702133 6.070130 12227.000000 57436.000000 60773.000000 9209.000000 2150.000000 352.000000 516.000000 45209.000000 3337.000000
1046259 24.586656 6.252679 12059.000000 57282.000000 60646.000000 8588.000000 2487.000000 428.000000 556.000000 45223.000000 3364.000000
1047259 25.684100 6.471133 11791.000000 57036.000000 60484.000000 7846.000000 2808.000000 466.000000 671.000000 45245.000000 3448.000000
1048259 26.201251 6.528805 11524.000000 56800.000000 60302.000000 7175.000000 3104.000000 435.000000 810.000000 45276.000000 3502.000000
1049259 26.827790 6.624443 11306.000000 56608.000000 60156.000000 6537.000000 3347.000000 437.000000 985.000000 45302.000000 3548.000000
1050259 27.115529 6.636011 11135.000000 56467.000000 60021.000000 5948.000000 3582.000000 429.000000 1176.000000 45332.000000 3554.000000
1051259 27.815431 6.776749 11034.000000 56382.000000 59955.000000 5368.000000 3801.000000 490.000000 1375.000000 45348.000000 3573.000000
1052259 28.780891 6.978685 10912.000000 56296.000000 59911.000000 4644.000000 4115.000000 566.000000 1587.000000 45384.000000 3615.000000
1053259 29.005257 7.002455 10833.000000 56256.000000 59879.000000 3974.000000 4513.000000 570.000000 1776.000000 45423.000000 3623.000000
1054259 29.245022 7.057764 10825.000000 56295.000000 59934.000000 3354.000000 4877.000000 591.000000 2003.000000 45470.000000 3639.000000
1055259 26.959161 6.509211 10853.000000 56395.000000 60038.000000 3272.000000 5100.000000 265.000000 2216.000000 45542.000000 3643.000000
1056259 26.121045 6.313900 10910.000000 56523.000000 60153.000000 3578.000000 4823.000000 168.000000 2341.000000 45613.000000 3630.000000
1057259 25.517711 6.206097 11035.000000 56715.000000 60360.000000 4039.000000 4390.000000 101.000000 2505.000000 45680.000000 3645.000000
1058259 24.924217 6.104200 11236.000000 57005.000000 60614.000000 4624.000000 3922.000000 91.000000 2599.000000 45769.000000 3609.000000
1059259 24.378738 6.020478 11458.000000 57350.000000 60942.000000 5318.000000 3317.000000 77.000000 2746.000000 45892.000000 3592.000000
1060259 24.024438 5.970515 11666.000000 57695.000000 61251.000000 5967.000000 2651.000000 101.000000 2947.000000 46029.000000 3556.000000
1061259 23.636245 5.901091 11834.000000 58003.000000 61531.000000 6537.000000 1923.000000 103.000000 3271.000000 46169.000000 3528.000000
1062259 23.563071 5.923903 12058.000000 58372.000000 61868.000000 7141.000000 1246.000000 169.000000 3502.000000 46314.000000 3496.000000
1063259 23.256851 5.870996 12195.000000 58658.000000 62153.000000 7610.000000 1076.000000 154.000000 3355.000000 46463.000000 3495.000000
1064259 23.648862 5.999520 12344.000000 58992.000000 62505.000000 8105.000000 1119.000000 237.000000 2883.000000 46648.000000 3513.000000
1065259 23.683389 6.028656 12465.000000 59341.000000 62883.000000 8684.000000 1263.000000 249.000000 2269.000000 46876.000000 3542.000000
1066259 23.858652 6.102938 12625.000000 59719.000000 63281.000000 9255.000000 1481.000000 300.000000 1589.000000 47094.000000 3562.000000
1067259 24.074867 6.184984 12763.000000 60052.000000 63638.000000 9753.000000 1720.000000 350.000000 940.000000 47289.000000 3586.000000
1068259 24.290878 6.220096 12690.000000 60112.000000 63745.000000 9677.000000 2037.000000 332.000000 644.000000 47422.000000 3633.000000
1069259 24.905730 6.329134 12547.000000 60028.000000 63658.000000 9246.000000 2317.000000 399.000000 585.000000 47481.000000 3630.000000
1070259 25.751046 6.489847 12319.000000 59838.000000 63530.000000 8631.000000 2596.000000 431.000000 661.000000 47519.000000 3692.000000
1071259 26.255462 6.546557 12091.000000 59631.000000 63331.000000 8037.000000 2860.000000 446.000000 748.000000 47540.000000 3700.000000
1072259 26.184507 6.452073 11865.000000 59437.000000 63127.000000 7459.000000 3115.000000 383.000000 908.000000 47572.000000 3690.000000
1073259 26.621516 6.493940 11703.000000 59298.000000 62951.000000 6801.000000 3381.000000 435.000000 1086.000000 47595.000000 3653.000000
1074259 26.548323 6.426968 11573.000000 59192.000000 62829.000000 6273.000000 3600.000000 401.000000 1299.000000 47619.000000 3637.000000
1075259 27.123469 6.527627 11493.000000 59152.000000 62764.000000 5684.000000 3847.000000 485.000000 1477.000000 47659.000000 3612.000000
1076259 27.924025 6.682509 11387.000000 59083.000000 62701.000000 5007.000000 4140.000000 572.000000 1668.000000 47696.000000 3618.000000
1077259 28.388474 6.785390 11343.000000 59074.000000 62723.000000 4316.000000 4569.000000 607.000000 1851.000000 47731.000000 3649.000000
1078259 28.486627 6.801714 11322.000000 59122.000000 62793.000000 3708.000000 4989.000000 600.000000 2025.000000 47800.000000 3671.000000
1079259 26.708322 6.387714 11361.000000 59219.000000 62902.000000 3570.000000 5274.000000 335.000000 2182.000000 47858.000000 3683.000000
1080259 26.107365 6.261793 11332.000000 59271.000000 63065.000000 3899.000000 4985.000000 155.000000 2293.000000 47939.000000 3794.000000
1081259 25.645563 6.184410 11473.000000 59487.000000 63272.000000 4361.000000 4530.000000 128.000000 2454.000000 48014.000000 3785.000000
1082259 24.954628 6.060224 11677.000000 59778.000000 63529.000000 4933.000000 4058.000000 99.000000 2587.000000 48101.000000 3751.000000
1083259 24.379160 5.967881 11894.000000 60095.000000 63825.000000 5564.000000 3496.000000 79.000000 2755.000000 48201.000000 3730.000000
1084259 24.001012 5.919411 12123.000000 60435.000000 64128.000000 6182.000000 2776.000000 103.000000 3062.000000 48312.000000 3693.000000
1085259 23.906250 5.936031 12319.000000 60756.000000 64437.000000 6715.000000 1998.000000 144.000000 3462.000000 48437.000000 3681.000000
1086259 23.783817 5.921429 12460.000000 61075.000000 64731.000000 7217.000000 1383.000000 177.000000 3683.000000 48615.000000 3656.000000
1087259 23.644653 5.901075 12571.000000 61378.000000 65039.000000 7706.000000 1191.000000 177.000000 3497.000000 48807.000000 3661.000000
1088259 23.692270 5.920710 12687.000000 61691.000000 65330.000000 8144.000000 1281.000000 229.000000 3033.000000 49004.000000 3639.000000
1089259 23.461585 5.883338 12852.000000 62085.000000 65711.000000 8762.000000 1438.000000 240.000000 2412.000000 49233.000000 3626.000000
1090259 23.584225 5.932613 13021.000000 62513.000000 66126.000000 9427.000000 1625.000000 310.000000 1659.000000 49492.000000 3613.000000
1091259 23.587444 5.937867 13102.000000 62815.000000 66438.000000 9849.000000 1914.000000 322.000000 1017.000000 49713.000000 3623.000000
1092259 23.893011 6.000270 13060.000000 62895.000000 66547.000000 9819.000000 2196.000000 341.000000 704.000000 49835.000000 3652.000000
1093259 24.474257 6.095083 12874.000000 62773.000000 66447.000000 9352.000000 2461.000000 376.000000 685.000000 49899.000000 3674.000000
1094259 25.143555 6.206273 12686.000000 62636.000000 66320.000000 8811.000000 2718.000000 432.000000 725.000000 49950.000000 3684.000000
1095259 25.349240 6.199453 12475.000000 62448.000000 66151.000000 8265.000000 2965.000000 398.000000 847.000000 49973.000000 3703.000000
1096259 25.753698 6.251042 12287.000000 62271.000000 66005.000000 7688.000000 3163.000000 392.000000 1044.000000 49984.000000 3734.000000
1097259 26.077098 6.283771 12138.000000 62146.000000 65884.000000 7164.000000 3363.000000 402.000000 1209.000000 50008.000000 3738.000000
1098259 26.642961 6.376706 11985.000000 62038.000000 65802.000000 6622.000000 3542.000000 432.000000 1389.000000 50053.000000 3764.000000
1099259 27.277373 6.493506 11870.000000 61974.000000 65758.000000 6055.000000 3752.000000 486.000000 1577.000000 50104.000000 3784.000000
1100259 28.327886 6.721820 11788.000000 61941.000000 65756.000000 5368.000000 4053.000000 605.000000 1762.000000 50153.000000 3815.000000
1101259 28.622045 6.758442 11718.000000 61935.000000 65740.000000 4636.000000 4510.000000 638.000000 1934.000000 50217.000000 3805.000000
1102259 28.295425 6.657747 11687.000000 61984.000000 65773.000000 3980.000000 5035.000000 590.000000 2082.000000 50297.000000 3789.000000
1103259 26.931979 6.355540 11761.000000 62118.000000 65911.000000 3840.000000 5328.000000 396.000000 2197.000000 50357.000000 3793.000000
