762712 0.606414 0.130000 8575.000000 40000.000000 40000.000000 2322.000000 2896.000000 52.000000 3305.000000 31425.000000 0.000000
763712 1.135705 0.243170 8592.000000 40264.000000 40301.000000 2853.000000 2242.000000 61.000000 3436.000000 31672.000000 37.000000
764712 1.370021 0.292873 8595.000000 40541.000000 40632.000000 3477.000000 1685.000000 28.000000 3405.000000 31946.000000 91.000000
765712 1.695108 0.363007 8673.000000 40929.000000 41046.000000 4276.000000 1199.000000 32.000000 3166.000000 32256.000000 117.000000
766712 2.113472 0.451255 8703.000000 41295.000000 41440.000000 5012.000000 875.000000 42.000000 2774.000000 32592.000000 145.000000
767712 2.316950 0.492929 8715.000000 41615.000000 41791.000000 5669.000000 624.000000 30.000000 2392.000000 32900.000000 176.000000
768712 3.140124 0.662283 8671.000000 41913.000000 42127.000000 6229.000000 439.000000 65.000000 1938.000000 33242.000000 214.000000
769712 3.945304 0.829582 8646.000000 42155.000000 42431.000000 6708.000000 332.000000 76.000000 1530.000000 33509.000000 276.000000
770712 5.039106 1.056429 8593.000000 42334.000000 42691.000000 7071.000000 324.000000 94.000000 1104.000000 33741.000000 357.000000
771712 6.495822 1.359608 8520.000000 42425.000000 42880.000000 7226.000000 353.000000 128.000000 813.000000 33905.000000 455.000000
772712 8.693245 1.823588 8425.000000 42442.000000 43047.000000 7211.000000 467.000000 180.000000 567.000000 34017.000000 605.000000
773712 12.435004 2.603901 8210.000000 42337.000000 43166.000000 6910.000000 644.000000 295.000000 361.000000 34127.000000 829.000000
774712 16.112957 3.364629 7886.000000 42100.000000 43244.000000 6475.000000 872.000000 311.000000 228.000000 34214.000000 1144.000000
775712 20.296264 4.241164 7598.000000 41842.000000 43290.000000 5909.000000 1117.000000 388.000000 184.000000 34244.000000 1448.000000
776712 25.614074 5.344569 7180.000000 41457.000000 43315.000000 5159.000000 1385.000000 457.000000 179.000000 34277.000000 1858.000000
777712 30.295321 6.320526 6721.000000 41015.000000 43335.000000 4378.000000 1731.000000 419.000000 193.000000 34294.000000 2320.000000
778712 33.945360 7.079911 6334.000000 40641.000000 43348.000000 3681.000000 2049.000000 362.000000 242.000000 34307.000000 2707.000000
779712 38.095765 7.944378 6022.000000 40343.000000 43364.000000 3010.000000 2281.000000 424.000000 307.000000 34321.000000 3021.000000
780712 40.907080 8.525059 5676.000000 40014.000000 43378.000000 2376.000000 2530.000000 334.000000 436.000000 34338.000000 3364.000000
781712 43.547495 9.072478 5425.000000 39788.000000 43406.000000 1829.000000 2643.000000 320.000000 633.000000 34363.000000 3618.000000
782712 44.635952 9.300612 5216.000000 39603.000000 43438.000000 1469.000000 2701.000000 205.000000 841.000000 34387.000000 3835.000000
783712 46.143646 9.606183 5084.000000 39506.000000 43472.000000 1149.000000 2678.000000 210.000000 1047.000000 34422.000000 3966.000000
784712 46.983425 9.768874 4952.000000 39428.000000 43526.000000 983.000000 2499.000000 154.000000 1316.000000 34476.000000 4098.000000
785712 47.182089 9.809902 4903.000000 39445.000000 43609.000000 991.000000 2236.000000 114.000000 1562.000000 34542.000000 4164.000000
786712 46.696763 9.696596 4899.000000 39554.000000 43737.000000 1214.000000 1955.000000 58.000000 1672.000000 34655.000000 4183.000000
787712 45.849284 9.559645 4980.000000 39688.000000 43851.000000 1569.000000 1590.000000 29.000000 1792.000000 34708.000000 4163.000000
788712 44.731739 9.442372 5163.000000 39853.000000 43972.000000 2015.000000 1225.000000 33.000000 1890.000000 34690.000000 4119.000000
789712 43.502168 9.309377 5364.000000 40099.000000 44192.000000 2622.000000 871.000000 21.000000 1850.000000 34735.000000 4093.000000
790712 42.271784 9.173796 5582.000000 40362.000000 44420.000000 3246.000000 631.000000 17.000000 1688.000000 34780.000000 4058.000000
791712 41.178266 9.067688 5800.000000 40603.000000 44631.000000 3815.000000 434.000000 19.000000 1532.000000 34803.000000 4028.000000
792712 39.660280 8.951897 6139.000000 40875.000000 44862.000000 4504.000000 294.000000 29.000000 1312.000000 34736.000000 3987.000000
793712 38.307071 8.848595 6459.000000 41109.000000 45058.000000 5148.000000 199.000000 38.000000 1074.000000 34650.000000 3949.000000
794712 37.001969 8.728825 6758.000000 41309.000000 45218.000000 5749.000000 175.000000 38.000000 796.000000 34551.000000 3909.000000
795712 35.748132 8.663295 7127.000000 41436.000000 45283.000000 6288.000000 174.000000 76.000000 589.000000 34309.000000 3847.000000
796712 34.061674 8.536289 7593.000000 41532.000000 45289.000000 6851.000000 229.000000 109.000000 404.000000 33939.000000 3757.000000
797712 32.277668 8.341629 8033.000000 41557.000000 45207.000000 7323.000000 342.000000 121.000000 247.000000 33524.000000 3650.000000
798712 30.867283 8.227665 8494.000000 41522.000000 45031.000000 7692.000000 470.000000 196.000000 136.000000 33028.000000 3509.000000
799712 29.781645 8.106538 8792.000000 41364.000000 44754.000000 7809.000000 650.000000 238.000000 95.000000 32572.000000 3390.000000
800712 29.224264 8.091314 9017.000000 41137.000000 44418.000000 7736.000000 876.000000 313.000000 92.000000 32120.000000 3281.000000
801712 28.817414 8.059790 9133.000000 40842.000000 44021.000000 7527.000000 1134.000000 369.000000 103.000000 31709.000000 3179.000000
802712 28.255909 7.941271 9116.000000 40504.000000 43658.000000 7245.000000 1430.000000 313.000000 128.000000 31388.000000 3154.000000
803712 28.681472 8.078850 9116.000000 40236.000000 43323.000000 6816.000000 1729.000000 413.000000 158.000000 31120.000000 3087.000000
804712 29.268494 8.235567 8976.000000 39909.000000 43045.000000 6267.000000 2075.000000 409.000000 225.000000 30933.000000 3136.000000
805712 30.217084 8.481976 8794.000000 39603.000000 42832.000000 5670.000000 2398.000000 404.000000 322.000000 30809.000000 3229.000000
806712 30.916862 8.648256 8650.000000 39374.000000 42656.000000 5100.000000 2681.000000 407.000000 462.000000 30724.000000 3282.000000
807712 32.133244 8.974299 8484.000000 39162.000000 42566.000000 4427.000000 2994.000000 416.000000 647.000000 30678.000000 3404.000000
808712 32.802360 9.156785 8372.000000 39011.000000 42504.000000 3795.000000 3289.000000 399.000000 889.000000 30639.000000 3493.000000
809712 33.633457 9.400946 8290.000000 38923.000000 42517.000000 3209.000000 3564.000000 403.000000 1114.000000 30633.000000 3594.000000
810712 33.241460 9.343381 8295.000000 38919.000000 42597.000000 2883.000000 3782.000000 302.000000 1328.000000 30624.000000 3678.000000
811712 35.024793 9.918322 8120.000000 38749.000000 42729.000000 2705.000000 3610.000000 258.000000 1547.000000 30629.000000 3980.000000
812712 36.554759 10.455414 8029.000000 38663.000000 42906.000000 2675.000000 3325.000000 243.000000 1786.000000 30634.000000 4243.000000
813712 37.480026 10.869364 8012.000000 38654.000000 43158.000000 2861.000000 3011.000000 187.000000 1953.000000 30642.000000 4504.000000
814712 37.582160 11.058666 8109.000000 38761.000000 43432.000000 3214.000000 2628.000000 132.000000 2135.000000 30652.000000 4671.000000
815712 37.503828 11.201830 8273.000000 38938.000000 43725.000000 3644.000000 2171.000000 111.000000 2347.000000 30665.000000 4787.000000
816712 37.234043 11.281865 8471.000000 39176.000000 44053.000000 4191.000000 1650.000000 93.000000 2537.000000 30705.000000 4877.000000
817712 36.690805 11.293482 8742.000000 39486.000000 44415.000000 4863.000000 1116.000000 87.000000 2676.000000 30744.000000 4929.000000
818712 35.670971 11.164203 9067.000000 39836.000000 44786.000000 5637.000000 876.000000 50.000000 2504.000000 30769.000000 4950.000000
819712 34.837356 11.033566 9384.000000 40224.000000 45135.000000 6396.000000 725.000000 69.000000 2194.000000 30840.000000 4911.000000
820712 34.221029 10.939047 9666.000000 40595.000000 45461.000000 7118.000000 637.000000 107.000000 1804.000000 30929.000000 4866.000000
821712 33.561551 10.817838 9940.000000 40955.000000 45767.000000 7863.000000 575.000000 139.000000 1363.000000 31015.000000 4812.000000
822712 33.439018 10.777727 10040.000000 41209.000000 45993.000000 8353.000000 606.000000 173.000000 908.000000 31169.000000 4784.000000
823712 33.738931 10.849057 10022.000000 41233.000000 46004.000000 8442.000000 668.000000 220.000000 692.000000 31211.000000 4771.000000
824712 34.139529 10.924351 9947.000000 41139.000000 45870.000000 8302.000000 789.000000 280.000000 576.000000 31192.000000 4731.000000
825712 34.786508 11.040567 9772.000000 40952.000000 45677.000000 7986.000000 981.000000 318.000000 487.000000 31180.000000 4725.000000
826712 35.456327 11.142637 9595.000000 40772.000000 45465.000000 7597.000000 1251.000000 373.000000 374.000000 31177.000000 4693.000000
827712 35.867034 11.226473 9434.000000 40533.000000 45268.000000 7212.000000 1541.000000 347.000000 334.000000 31099.000000 4735.000000
828712 36.618406 11.349046 9230.000000 40295.000000 45017.000000 6637.000000 1883.000000 387.000000 323.000000 31065.000000 4722.000000
829712 37.534525 11.538633 9024.000000 40020.000000 44754.000000 6013.000000 2225.000000 430.000000 356.000000 30996.000000 4734.000000
830712 38.408508 11.753221 8848.000000 39771.000000 44558.000000 5359.000000 2607.000000 450.000000 432.000000 30923.000000 4787.000000
831712 39.357370 11.982419 8662.000000 39520.000000 44365.000000 4586.000000 3051.000000 471.000000 554.000000 30858.000000 4845.000000
832712 40.569051 12.343196 8511.000000 39293.000000 44243.000000 3809.000000 3487.000000 511.000000 704.000000 30782.000000 4950.000000
833712 41.114749 12.511889 8361.000000 39081.000000 44158.000000 3112.000000 3887.000000 448.000000 914.000000 30720.000000 5077.000000
834712 39.994079 12.251746 8394.000000 38990.000000 44108.000000 2890.000000 4067.000000 286.000000 1151.000000 30596.000000 5118.000000
835712 39.354649 12.145602 8443.000000 38852.000000 43983.000000 2958.000000 3898.000000 211.000000 1376.000000 30409.000000 5131.000000
836712 38.291509 11.967624 8640.000000 38792.000000 43860.000000 3200.000000 3603.000000 181.000000 1656.000000 30152.000000 5068.000000
837712 37.139145 11.748590 8868.000000 38813.000000 43801.000000 3510.000000 3258.000000 158.000000 1942.000000 29945.000000 4988.000000
838712 36.388178 11.672744 9098.000000 38902.000000 43880.000000 3924.000000 2807.000000 144.000000 2223.000000 29804.000000 4978.000000
839712 35.125747 11.474219 9443.000000 39113.000000 44064.000000 4565.000000 2254.000000 105.000000 2519.000000 29670.000000 4951.000000
840712 34.203017 11.366253 9796.000000 39367.000000 44289.000000 5204.000000 1647.000000 112.000000 2833.000000 29571.000000 4922.000000
841712 33.331121 11.262332 10150.000000 39680.000000 44600.000000 5896.000000 1118.000000 103.000000 3033.000000 29530.000000 4920.000000
842712 32.320691 11.134318 10578.000000 40079.000000 45005.000000 6787.000000 882.000000 85.000000 2824.000000 29501.000000 4926.000000
843712 31.497299 11.034103 11018.000000 40546.000000 45450.000000 7683.000000 799.000000 111.000000 2425.000000 29528.000000 4904.000000
844712 30.632617 10.892146 11438.000000 41032.000000 45923.000000 8659.000000 761.000000 111.000000 1907.000000 29594.000000 4891.000000
845712 30.042507 10.823986 11870.000000 41527.000000 46360.000000 9547.000000 776.000000 185.000000 1362.000000 29657.000000 4833.000000
846712 29.856476 10.836245 12130.000000 41848.000000 46649.000000 10137.000000 847.000000 254.000000 892.000000 29718.000000 4801.000000
847712 30.072357 10.939908 12183.000000 41912.000000 46728.000000 10208.000000 1027.000000 296.000000 652.000000 29729.000000 4816.000000
848712 30.452505 11.052981 12084.000000 41795.000000 46639.000000 9949.000000 1248.000000 311.000000 576.000000 29711.000000 4844.000000
849712 30.994951 11.224161 11997.000000 41651.000000 46489.000000 9579.000000 1525.000000 380.000000 513.000000 29654.000000 4838.000000
850712 31.708194 11.430175 11848.000000 41468.000000 46316.000000 9058.000000 1877.000000 446.000000 467.000000 29620.000000 4848.000000
851712 32.120368 11.505596 11670.000000 41262.000000 46108.000000 8490.000000 2272.000000 459.000000 449.000000 29592.000000 4846.000000
852712 32.720926 11.641791 11461.000000 41027.000000 45895.000000 7800.000000 2718.000000 475.000000 468.000000 29566.000000 4868.000000
853712 33.626619 11.880733 11261.000000 40801.000000 45679.000000 7016.000000 3144.000000 549.000000 552.000000 29540.000000 4878.000000
854712 34.339954 12.055427 11062.000000 40566.000000 45465.000000 6143.000000 3630.000000 582.000000 707.000000 29504.000000 4899.000000
855712 35.397056 12.374937 10869.000000 40317.000000 45277.000000 5200.000000 4105.000000 643.000000 921.000000 29448.000000 4960.000000
856712 36.412870 12.671559 10643.000000 40049.000000 45101.000000 4220.000000 4630.000000 663.000000 1130.000000 29406.000000 5052.000000
857712 36.597905 12.667378 10418.000000 39815.000000 44958.000000 3371.000000 5083.000000 552.000000 1412.000000 29397.000000 5143.000000
858712 35.364597 12.229895 10362.000000 39728.000000 44890.000000 3062.000000 5217.000000 328.000000 1755.000000 29366.000000 5162.000000
859712 34.987737 12.086957 10257.000000 39613.000000 44850.000000 3166.000000 4891.000000 184.000000 2016.000000 29356.000000 5237.000000
860712 34.909489 12.070655 10294.000000 39665.000000 44894.000000 3417.000000 4411.000000 190.000000 2276.000000 29371.000000 5229.000000
861712 34.586032 11.992173 10365.000000 39743.000000 44971.000000 3718.000000 3872.000000 165.000000 2610.000000 29378.000000 5228.000000
862712 33.936163 11.847585 10541.000000 39922.000000 45140.000000 4228.000000 3258.000000 130.000000 2925.000000 29381.000000 5218.000000
863712 33.091455 11.654036 10813.000000 40219.000000 45392.000000 4943.000000 2508.000000 117.000000 3245.000000 29406.000000 5173.000000
864712 32.309113 11.486679 11093.000000 40532.000000 45679.000000 5667.000000 1773.000000 100.000000 3553.000000 29439.000000 5147.000000
865712 31.583404 11.347240 11431.000000 40917.000000 46020.000000 6495.000000 1112.000000 119.000000 3705.000000 29486.000000 5103.000000
866712 30.788864 11.173581 11782.000000 41357.000000 46422.000000 7425.000000 877.000000 122.000000 3358.000000 29575.000000 5065.000000
867712 30.082153 11.019807 12120.000000 41809.000000 46852.000000 8361.000000 853.000000 120.000000 2786.000000 29689.000000 5043.000000
868712 29.196704 10.786759 12504.000000 42334.000000 47308.000000 9430.000000 821.000000 129.000000 2124.000000 29830.000000 4974.000000
869712 28.682867 10.705010 12914.000000 42839.000000 47744.000000 10382.000000 860.000000 206.000000 1466.000000 29925.000000 4905.000000
870712 28.256546 10.634317 13224.000000 43221.000000 48099.000000 11141.000000 986.000000 237.000000 860.000000 29997.000000 4878.000000
871712 28.541667 10.805089 13366.000000 43307.000000 48181.000000 11262.000000 1163.000000 332.000000 609.000000 29941.000000 4874.000000
872712 28.478522 10.846985 13407.000000 43150.000000 48041.000000 11145.000000 1394.000000 320.000000 548.000000 29743.000000 4891.000000
873712 29.017808 11.083754 13386.000000 43006.000000 47926.000000 10808.000000 1671.000000 392.000000 515.000000 29620.000000 4920.000000
874712 29.783265 11.368254 13254.000000 42776.000000 47747.000000 10213.000000 2070.000000 457.000000 514.000000 29522.000000 4971.000000
875712 30.592576 11.679738 13134.000000 42537.000000 47561.000000 9597.000000 2477.000000 531.000000 529.000000 29403.000000 5024.000000
876712 31.177970 11.877823 12955.000000 42281.000000 47374.000000 8896.000000 2973.000000 534.000000 552.000000 29326.000000 5093.000000
877712 32.180182 12.207688 12721.000000 41995.000000 47167.000000 7990.000000 3478.000000 586.000000 667.000000 29274.000000 5172.000000
878712 33.282743 12.597872 12498.000000 41708.000000 47000.000000 7104.000000 3957.000000 629.000000 808.000000 29210.000000 5292.000000
879712 34.420742 12.966723 12233.000000 41396.000000 46789.000000 6113.000000 4435.000000 674.000000 1011.000000 29163.000000 5393.000000
880712 35.575768 13.350364 11989.000000 41091.000000 46583.000000 5049.000000 5014.000000 727.000000 1199.000000 29102.000000 5492.000000
881712 36.049596 13.469660 11762.000000 40830.000000 46408.000000 4102.000000 5458.000000 673.000000 1529.000000 29068.000000 5578.000000
882712 34.962362 13.027250 11629.000000 40708.000000 46349.000000 3638.000000 5736.000000 397.000000 1858.000000 29079.000000 5641.000000
883712 34.774534 12.939449 11485.000000 40562.000000 46308.000000 3645.000000 5396.000000 246.000000 2198.000000 29077.000000 5746.000000
884712 34.463832 12.863366 11570.000000 40634.000000 46372.000000 3898.000000 4947.000000 227.000000 2498.000000 29064.000000 5738.000000
885712 34.136662 12.777455 11637.000000 40700.000000 46449.000000 4164.000000 4370.000000 186.000000 2917.000000 29063.000000 5749.000000
886712 33.626861 12.675061 11852.000000 40948.000000 46698.000000 4742.000000 3759.000000 169.000000 3182.000000 29096.000000 5750.000000
887712 33.068042 12.556932 12095.000000 41239.000000 46986.000000 5406.000000 3037.000000 153.000000 3499.000000 29144.000000 5747.000000
888712 32.100469 12.285557 12409.000000 41626.000000 47332.000000 6277.000000 2220.000000 109.000000 3803.000000 29217.000000 5706.000000
889712 31.730769 12.243230 12732.000000 42032.000000 47708.000000 7070.000000 1489.000000 165.000000 4008.000000 29300.000000 5676.000000
890712 30.849813 11.995262 13085.000000 42494.000000 48119.000000 8043.000000 1177.000000 147.000000 3718.000000 29409.000000 5625.000000
891712 30.328688 11.879699 13413.000000 42943.000000 48545.000000 8980.000000 1077.000000 165.000000 3191.000000 29530.000000 5602.000000
892712 29.379346 11.628713 13880.000000 43516.000000 49051.000000 10122.000000 1055.000000 169.000000 2534.000000 29636.000000 5535.000000
893712 28.753103 11.454234 14262.000000 44070.000000 49545.000000 11163.000000 1096.000000 200.000000 1803.000000 29808.000000 5475.000000
894712 28.662962 11.471502 14509.000000 44447.000000 49915.000000 11902.000000 1184.000000 258.000000 1165.000000 29938.000000 5468.000000
895712 28.880597 11.603966 14622.000000 44548.000000 50026.000000 12087.000000 1359.000000 327.000000 849.000000 29926.000000 5478.000000
896712 29.082496 11.701702 14588.000000 44440.000000 49950.000000 11931.000000 1603.000000 335.000000 719.000000 29852.000000 5510.000000
897712 29.560281 11.912503 14587.000000 44336.000000 49830.000000 11566.000000 1902.000000 442.000000 677.000000 29749.000000 5494.000000
898712 30.328155 12.227391 14464.000000 44102.000000 49659.000000 11008.000000 2284.000000 515.000000 657.000000 29638.000000 5557.000000
899712 30.918772 12.443645 14300.000000 43856.000000 49463.000000 10338.000000 2745.000000 548.000000 669.000000 29556.000000 5607.000000
900712 31.541997 12.682778 14128.000000 43569.000000 49240.000000 9660.000000 3177.000000 574.000000 717.000000 29441.000000 5671.000000
901712 32.566777 13.063532 13925.000000 43269.000000 48999.000000 8745.000000 3709.000000 671.000000 800.000000 29344.000000 5730.000000
902712 33.183099 13.279088 13679.000000 42945.000000 48791.000000 7900.000000 4227.000000 633.000000 919.000000 29266.000000 5846.000000
903712 34.160720 13.615285 13478.000000 42659.000000 48519.000000 6861.000000 4744.000000 746.000000 1127.000000 29181.000000 5860.000000
904712 34.923286 13.852205 13212.000000 42360.000000 48310.000000 5837.000000 5277.000000 742.000000 1356.000000 29148.000000 5950.000000
905712 35.236644 13.925969 12994.000000 42126.000000 48169.000000 4933.000000 5759.000000 665.000000 1637.000000 29132.000000 6043.000000
906712 34.282700 13.525605 12886.000000 41983.000000 48057.000000 4402.000000 6038.000000 426.000000 2020.000000 29097.000000 6074.000000
907712 34.084909 13.450999 12770.000000 41821.000000 47989.000000 4412.000000 5709.000000 287.000000 2362.000000 29051.000000 6168.000000
908712 33.578483 13.302533 12882.000000 41897.000000 48051.000000 4657.000000 5295.000000 238.000000 2692.000000 29015.000000 6154.000000
909712 33.220568 13.240816 13057.000000 42050.000000 48207.000000 5029.000000 4755.000000 226.000000 3047.000000 28993.000000 6157.000000
910712 32.713697 13.121424 13277.000000 42274.000000 48417.000000 5544.000000 4129.000000 210.000000 3394.000000 28997.000000 6143.000000
911712 32.094440 12.967750 13585.000000 42634.000000 48744.000000 6242.000000 3415.000000 211.000000 3717.000000 29049.000000 6110.000000
912712 31.317224 12.750789 13890.000000 42996.000000 49095.000000 7069.000000 2642.000000 161.000000 4018.000000 29106.000000 6099.000000
913712 30.630808 12.584842 14302.000000 43467.000000 49504.000000 7956.000000 1929.000000 193.000000 4224.000000 29165.000000 6037.000000
914712 29.811776 12.368100 14711.000000 43934.000000 49943.000000 8975.000000 1604.000000 168.000000 3964.000000 29223.000000 6009.000000
915712 29.206018 12.205474 15095.000000 44444.000000 50420.000000 10016.000000 1496.000000 178.000000 3405.000000 29349.000000 5976.000000
916712 28.720176 12.077835 15454.000000 44965.000000 50928.000000 11091.000000 1428.000000 188.000000 2747.000000 29511.000000 5963.000000
917712 28.225696 11.967971 15890.000000 45527.000000 51454.000000 12196.000000 1402.000000 231.000000 2061.000000 29637.000000 5927.000000
918712 28.101495 11.957046 16161.000000 45960.000000 51869.000000 12927.000000 1520.000000 293.000000 1421.000000 29799.000000 5909.000000
919712 28.483098 12.140741 16245.000000 46070.000000 51982.000000 13043.000000 1675.000000 399.000000 1128.000000 29825.000000 5912.000000
920712 28.637205 12.217857 16228.000000 45999.000000 51924.000000 12804.000000 1990.000000 419.000000 1015.000000 29771.000000 5925.000000
921712 29.185326 12.441908 16134.000000 45884.000000 51857.000000 12373.000000 2327.000000 479.000000 955.000000 29750.000000 5973.000000
922712 29.696997 12.657322 16043.000000 45722.000000 51725.000000 11826.000000 2772.000000 544.000000 901.000000 29679.000000 6003.000000
923712 30.318931 12.896402 15865.000000 45474.000000 51526.000000 11139.000000 3232.000000 593.000000 901.000000 29609.000000 6052.000000
924712 31.103265 13.215267 15685.000000 45204.000000 51327.000000 10383.000000 3742.000000 660.000000 900.000000 29519.000000 6123.000000
925712 31.897388 13.509916 15446.000000 44892.000000 51081.000000 9435.000000 4313.000000 712.000000 986.000000 29446.000000 6189.000000
926712 32.358574 13.643884 15203.000000 44566.000000 50770.000000 8519.000000 4834.000000 723.000000 1127.000000 29363.000000 6204.000000
927712 33.190629 13.950683 14951.000000 44266.000000 50571.000000 7552.000000 5278.000000 750.000000 1371.000000 29315.000000 6305.000000
928712 33.890022 14.187257 14705.000000 43976.000000 50348.000000 6507.000000 5762.000000 771.000000 1665.000000 29271.000000 6372.000000
929712 33.938901 14.151865 14487.000000 43733.000000 50163.000000 5573.000000 6228.000000 669.000000 2017.000000 29246.000000 6430.000000
930712 33.134673 13.766799 14382.000000 43653.000000 50077.000000 5142.000000 6354.000000 470.000000 2416.000000 29271.000000 6424.000000
931712 32.816114 13.609385 14237.000000 43524.000000 50039.000000 5115.000000 6086.000000 295.000000 2741.000000 29287.000000 6515.000000
932712 32.410251 13.470169 14354.000000 43651.000000 50133.000000 5435.000000 5590.000000 271.000000 3058.000000 29297.000000 6482.000000
933712 32.218133 13.402923 14444.000000 43816.000000 50295.000000 5749.000000 5028.000000 262.000000 3405.000000 29372.000000 6479.000000
934712 31.813883 13.310121 14656.000000 44056.000000 50548.000000 6340.000000 4388.000000 236.000000 3692.000000 29400.000000 6492.000000
935712 31.252915 13.161513 14972.000000 44440.000000 50906.000000 7103.000000 3673.000000 234.000000 3962.000000 29468.000000 6466.000000
936712 30.666667 12.976086 15249.000000 44799.000000 51225.000000 7853.000000 2886.000000 221.000000 4289.000000 29550.000000 6426.000000
937712 30.164858 12.858138 15602.000000 45239.000000 51656.000000 8745.000000 2200.000000 225.000000 4432.000000 29637.000000 6417.000000
938712 29.526749 12.665976 15985.000000 45745.000000 52116.000000 9811.000000 1895.000000 230.000000 4049.000000 29760.000000 6371.000000
939712 28.778121 12.410592 16347.000000 46245.000000 52568.000000 10832.000000 1782.000000 201.000000 3532.000000 29898.000000 6323.000000
940712 27.935170 12.121041 16798.000000 46824.000000 53040.000000 11954.000000 1710.000000 213.000000 2921.000000 30026.000000 6216.000000
941712 27.677502 12.076141 17187.000000 47392.000000 53585.000000 13007.000000 1669.000000 278.000000 2233.000000 30205.000000 6193.000000
942712 27.471323 12.053365 17517.000000 47848.000000 54043.000000 13814.000000 1784.000000 319.000000 1600.000000 30331.000000 6195.000000
943712 27.885705 12.268331 17644.000000 47983.000000 54172.000000 13874.000000 1982.000000 457.000000 1331.000000 30339.000000 6189.000000
944712 28.075829 12.386913 17671.000000 47937.000000 54162.000000 13696.000000 2287.000000 484.000000 1204.000000 30266.000000 6225.000000
945712 28.170900 12.447304 17662.000000 47849.000000 54084.000000 13336.000000 2698.000000 497.000000 1131.000000 30187.000000 6235.000000
946712 28.917480 12.784644 17564.000000 47674.000000 53971.000000 12752.000000 3110.000000 603.000000 1099.000000 30110.000000 6297.000000
947712 29.307223 12.936146 17384.000000 47434.000000 53795.000000 12077.000000 3603.000000 598.000000 1106.000000 30050.000000 6361.000000
948712 30.181342 13.318659 17244.000000 47196.000000 53609.000000 11270.000000 4141.000000 727.000000 1106.000000 29952.000000 6413.000000
949712 30.805204 13.576407 17046.000000 46896.000000 53372.000000 10380.000000 4719.000000 770.000000 1177.000000 29850.000000 6476.000000
950712 31.308892 13.757410 16776.000000 46563.000000 53135.000000 9469.000000 5257.000000 738.000000 1312.000000 29787.000000 6572.000000
951712 31.839398 13.928646 16544.000000 46297.000000 52891.000000 8466.000000 5714.000000 773.000000 1591.000000 29753.000000 6594.000000
952712 32.513066 14.167505 16305.000000 46036.000000 52691.000000 7437.000000 6169.000000 810.000000 1889.000000 29731.000000 6655.000000
953712 32.730220 14.216125 16098.000000 45825.000000 52553.000000 6538.000000 6578.000000 743.000000 2239.000000 29727.000000 6728.000000
954712 31.966060 13.845832 15985.000000 45753.000000 52514.000000 6042.000000 6760.000000 510.000000 2673.000000 29768.000000 6761.000000
955712 31.908619 13.806567 15867.000000 45653.000000 52504.000000 5985.000000 6439.000000 398.000000 3045.000000 29786.000000 6851.000000
956712 31.608060 13.680410 15935.000000 45786.000000 52630.000000 6205.000000 6008.000000 356.000000 3366.000000 29851.000000 6844.000000
957712 31.152471 13.521388 16076.000000 45991.000000 52857.000000 6668.000000 5470.000000 281.000000 3657.000000 29915.000000 6866.000000
958712 30.663665 13.341747 16290.000000 46280.000000 53089.000000 7228.000000 4818.000000 274.000000 3970.000000 29990.000000 6809.000000
959712 30.036379 13.137894 16629.000000 46682.000000 53418.000000 8000.000000 4152.000000 282.000000 4195.000000 30053.000000 6736.000000
960712 29.572331 12.981914 16877.000000 47028.000000 53744.000000 8706.000000 3450.000000 261.000000 4460.000000 30151.000000 6716.000000
961712 29.004474 12.804799 17228.000000 47486.000000 54175.000000 9647.000000 2744.000000 248.000000 4589.000000 30258.000000 6689.000000
962712 28.396441 12.574444 17534.000000 47940.000000 54571.000000 10612.000000 2411.000000 231.000000 4280.000000 30406.000000 6631.000000
963712 27.843394 12.378495 17909.000000 48479.000000 55039.000000 11644.000000 2255.000000 253.000000 3757.000000 30570.000000 6560.000000
964712 27.394281 12.242841 18298.000000 49027.000000 55559.000000 12708.000000 2145.000000 270.000000 3175.000000 30729.000000 6532.000000
965712 26.976171 12.098343 18619.000000 49531.000000 56049.000000 13696.000000 2126.000000 263.000000 2534.000000 30912.000000 6518.000000
966712 26.972441 12.136834 18915.000000 49963.000000 56448.000000 14407.000000 2176.000000 366.000000 1966.000000 31048.000000 6485.000000
967712 27.506074 12.392521 18975.000000 50096.000000 56639.000000 14458.000000 2335.000000 476.000000 1706.000000 31121.000000 6543.000000
968712 27.853559 12.553661 18957.000000 50050.000000 56605.000000 14184.000000 2641.000000 551.000000 1581.000000 31093.000000 6555.000000
969712 28.109696 12.677126 18880.000000 49953.000000 56598.000000 13848.000000 3015.000000 530.000000 1487.000000 31073.000000 6645.000000
970712 28.868768 13.034245 18841.000000 49834.000000 56505.000000 13266.000000 3484.000000 694.000000 1397.000000 30993.000000 6671.000000
971712 29.004091 13.086766 18695.000000 49618.000000 56347.000000 12654.000000 4022.000000 645.000000 1374.000000 30923.000000 6729.000000
972712 29.514272 13.319337 18602.000000 49442.000000 56204.000000 11956.000000 4560.000000 724.000000 1362.000000 30840.000000 6762.000000
973712 29.925503 13.486196 18437.000000 49199.000000 55998.000000 11198.000000 5112.000000 753.000000 1374.000000 30762.000000 6799.000000
974712 30.438257 13.661222 18197.000000 48937.000000 55771.000000 10254.000000 5638.000000 785.000000 1520.000000 30740.000000 6834.000000
975712 30.852819 13.800428 17948.000000 48650.000000 55549.000000 9259.000000 6097.000000 767.000000 1825.000000 30702.000000 6899.000000
976712 31.301456 13.944497 17739.000000 48430.000000 55348.000000 8295.000000 6480.000000 800.000000 2164.000000 30691.000000 6918.000000
977712 31.017896 13.779178 17627.000000 48317.000000 55221.000000 7531.000000 6904.000000 705.000000 2487.000000 30690.000000 6904.000000
978712 30.700892 13.589330 17478.000000 48235.000000 55183.000000 7027.000000 6981.000000 551.000000 2919.000000 30757.000000 6948.000000
979712 30.359995 13.431294 17404.000000 48179.000000 55192.000000 7056.000000 6609.000000 400.000000 3339.000000 30775.000000 7013.000000
980712 30.038783 13.300315 17516.000000 48343.000000 55322.000000 7295.000000 6200.000000 379.000000 3642.000000 30827.000000 6979.000000
981712 29.874660 13.259281 17668.000000 48561.000000 55546.000000 7678.000000 5697.000000 380.000000 3913.000000 30893.000000 6985.000000
982712 29.397804 13.093489 17868.000000 48823.000000 55814.000000 8193.000000 5126.000000 317.000000 4232.000000 30955.000000 6991.000000
983712 29.224272 13.061363 18131.000000 49190.000000 56158.000000 8794.000000 4541.000000 367.000000 4429.000000 31059.000000 6968.000000
984712 28.908624 12.952745 18348.000000 49557.000000 56544.000000 9537.000000 3879.000000 337.000000 4595.000000 31209.000000 6987.000000
985712 28.285714 12.698329 18593.000000 49956.000000 56913.000000 10397.000000 3284.000000 270.000000 4642.000000 31363.000000 6957.000000
986712 27.823050 12.510687 18865.000000 50406.000000 57311.000000 11299.000000 2913.000000 265.000000 4388.000000 31541.000000 6905.000000
987712 27.344589 12.330853 19209.000000 50939.000000 57790.000000 12324.000000 2749.000000 275.000000 3861.000000 31730.000000 6851.000000
988712 26.982078 12.199979 19530.000000 51440.000000 58246.000000 13259.000000 2645.000000 300.000000 3326.000000 31910.000000 6806.000000
989712 26.795570 12.151188 19814.000000 51914.000000 58735.000000 14187.000000 2513.000000 316.000000 2798.000000 32100.000000 6821.000000
990712 26.824458 12.186380 20046.000000 52323.000000 59148.000000 14809.000000 2582.000000 383.000000 2272.000000 32277.000000 6825.000000
991712 27.092829 12.334244 20169.000000 52458.000000 59274.000000 14903.000000 2659.000000 495.000000 2112.000000 32289.000000 6816.000000
992712 27.672328 12.612780 20132.000000 52402.000000 59297.000000 14595.000000 2941.000000 584.000000 2012.000000 32270.000000 6895.000000
993712 27.871278 12.712150 20085.000000 52324.000000 59274.000000 14293.000000 3338.000000 585.000000 1869.000000 32239.000000 6950.000000
994712 28.538601 13.003901 20001.000000 52233.000000 59213.000000 13778.000000 3788.000000 720.000000 1715.000000 32232.000000 6980.000000
995712 28.956266 13.185902 19834.000000 52022.000000 59101.000000 13135.000000 4335.000000 714.000000 1650.000000 32188.000000 7079.000000
996712 29.335869 13.332768 19701.000000 51889.000000 59005.000000 12558.000000 4858.000000 751.000000 1534.000000 32188.000000 7116.000000
997712 29.488909 13.375028 19524.000000 51677.000000 58841.000000 11924.000000 5358.000000 706.000000 1536.000000 32153.000000 7164.000000
998712 29.980373 13.555533 19346.000000 51448.000000 58596.000000 10978.000000 5846.000000 795.000000 1727.000000 32102.000000 7148.000000
999712 30.353818 13.678009 19122.000000 51202.000000 58393.000000 10064.000000 6241.000000 796.000000 2021.000000 32080.000000 7191.000000
1000712 30.524466 13.721046 18998.000000 51058.000000 58239.000000 9157.000000 6644.000000 810.000000 2387.000000 32060.000000 7181.000000
1001712 30.472432 13.670116 18867.000000 50946.000000 58178.000000 8417.000000 6995.000000 721.000000 2734.000000 32079.000000 7232.000000
1002712 30.118956 13.485791 18822.000000 50964.000000 58202.000000 7998.000000 7063.000000 611.000000 3150.000000 32142.000000 7238.000000
1003712 29.769996 13.311471 18730.000000 50930.000000 58243.000000 7941.000000 6799.000000 440.000000 3550.000000 32200.000000 7313.000000
1004712 29.570242 13.235470 18844.000000 51094.000000 58381.000000 8163.000000 6447.000000 440.000000 3794.000000 32250.000000 7287.000000
1005712 29.579236 13.241768 18920.000000 51292.000000 58610.000000 8458.000000 6038.000000 443.000000 3981.000000 32372.000000 7318.000000
1006712 29.079490 13.051895 19113.000000 51570.000000 58888.000000 8968.000000 5561.000000 368.000000 4216.000000 32457.000000 7318.000000
1007712 29.127527 13.095701 19312.000000 51893.000000 59195.000000 9467.000000 4919.000000 450.000000 4476.000000 32581.000000 7302.000000
1008712 28.627993 12.874614 19451.000000 52208.000000 59528.000000 10183.000000 4277.000000 344.000000 4647.000000 32757.000000 7320.000000
1009712 28.084933 12.659941 19706.000000 52586.000000 59866.000000 10974.000000 3667.000000 299.000000 4766.000000 32880.000000 7280.000000
1010712 27.484221 12.424112 20029.000000 53063.000000 60286.000000 11910.000000 3324.000000 267.000000 4528.000000 33034.000000 7223.000000
1011712 27.136791 12.311061 20368.000000 53549.000000 60734.000000 12836.000000 3112.000000 292.000000 4128.000000 33181.000000 7185.000000
1012712 26.889519 12.235729 20696.000000 54051.000000 61206.000000 13788.000000 3004.000000 334.000000 3570.000000 33355.000000 7155.000000
1013712 26.734433 12.191643 20975.000000 54537.000000 61698.000000 14676.000000 2884.000000 361.000000 3054.000000 33562.000000 7161.000000
1014712 26.845803 12.256577 21165.000000 54876.000000 62032.000000 15225.000000 2853.000000 447.000000 2640.000000 33711.000000 7156.000000
1015712 27.540729 12.556270 21141.000000 54983.000000 62200.000000 15185.000000 2947.000000 593.000000 2416.000000 33842.000000 7217.000000
1016712 27.695239 12.611078 21063.000000 54957.000000 62231.000000 14991.000000 3258.000000 574.000000 2240.000000 33894.000000 7274.000000
1017712 27.888924 12.705353 21040.000000 54909.000000 62210.000000 14679.000000 3645.000000 603.000000 2113.000000 33869.000000 7301.000000
1018712 28.324801 12.900995 21003.000000 54867.000000 62189.000000 14268.000000 4102.000000 701.000000 1932.000000 33864.000000 7322.000000
1019712 28.514837 12.981450 20912.000000 54743.000000 62104.000000 13756.000000 4623.000000 701.000000 1832.000000 33831.000000 7361.000000
1020712 28.778050 13.089537 20846.000000 54656.000000 62019.000000 13255.000000 5064.000000 755.000000 1772.000000 33810.000000 7363.000000
1021712 28.769121 13.069688 20729.000000 54495.000000 61876.000000 12628.000000 5579.000000 706.000000 1816.000000 33766.000000 7381.000000
1022712 29.357143 13.313681 20563.000000 54304.000000 61741.000000 11737.000000 6105.000000 783.000000 1938.000000 33741.000000 7437.000000
1023712 29.695815 13.418795 20369.000000 54105.000000 61548.000000 10807.000000 6491.000000 816.000000 2255.000000 33736.000000 7443.000000
1024712 29.984471 13.509380 20192.000000 53962.000000 61461.000000 9925.000000 6888.000000 804.000000 2575.000000 33770.000000 7499.000000
1025712 30.111618 13.524203 20026.000000 53870.000000 61438.000000 9275.000000 7114.000000 741.000000 2896.000000 33844.000000 7568.000000
1026712 29.552478 13.230148 19966.000000 53902.000000 61443.000000 8847.000000 7231.000000 588.000000 3300.000000 33936.000000 7541.000000
1027712 29.371724 13.124593 19868.000000 53876.000000 61480.000000 8754.000000 6965.000000 465.000000 3684.000000 34008.000000 7604.000000
1028712 29.408127 13.119330 19879.000000 54009.000000 61619.000000 8863.000000 6624.000000 474.000000 3918.000000 34130.000000 7610.000000
1029712 29.452477 13.144234 20001.000000 54241.000000 61837.000000 9069.000000 6261.000000 532.000000 4139.000000 34240.000000 7596.000000
1030712 29.154782 13.009505 20086.000000 54459.000000 62070.000000 9386.000000 5801.000000 464.000000 4435.000000 34373.000000 7611.000000
1031712 28.903952 12.917755 20263.000000 54768.000000 62387.000000 9908.000000 5284.000000 440.000000 4631.000000 34505.000000 7619.000000
1032712 28.350717 12.696692 20512.000000 55146.000000 62725.000000 10601.000000 4712.000000 385.000000 4814.000000 34634.000000 7579.000000
1033712 27.767368 12.455793 20764.000000 55534.000000 63055.000000 11378.000000 4173.000000 333.000000 4880.000000 34770.000000 7521.000000
1034712 27.468714 12.343851 21024.000000 55978.000000 63481.000000 12236.000000 3781.000000 333.000000 4674.000000 34954.000000 7503.000000
1035712 27.137585 12.195694 21239.000000 56431.000000 63916.000000 13117.000000 3594.000000 310.000000 4218.000000 35192.000000 7485.000000
1036712 26.941538 12.119235 21521.000000 56939.000000 64377.000000 14022.000000 3376.000000 364.000000 3759.000000 35418.000000 7438.000000
1037712 26.707585 12.016909 21776.000000 57429.000000 64817.000000 14875.000000 3196.000000 401.000000 3304.000000 35653.000000 7388.000000
1038712 26.729635 12.029648 21923.000000 57760.000000 65164.000000 15470.000000 3070.000000 435.000000 2948.000000 35837.000000 7404.000000
1039712 27.054654 12.157589 21958.000000 57919.000000 65309.000000 15584.000000 3071.000000 550.000000 2753.000000 35961.000000 7390.000000
1040712 27.338007 12.289828 21941.000000 57920.000000 65363.000000 15402.000000 3306.000000 590.000000 2643.000000 35979.000000 7443.000000
1041712 27.706453 12.446647 21892.000000 57894.000000 65367.000000 15173.000000 3648.000000 663.000000 2408.000000 36002.000000 7473.000000
1042712 28.155042 12.633270 21809.000000 57850.000000 65375.000000 14773.000000 4085.000000 734.000000 2217.000000 36041.000000 7525.000000
1043712 28.400873 12.739653 21740.000000 57779.000000 65355.000000 14361.000000 4617.000000 750.000000 2012.000000 36039.000000 7576.000000
1044712 28.611956 12.820081 21626.000000 57665.000000 65296.000000 13930.000000 5069.000000 740.000000 1887.000000 36039.000000 7631.000000
1045712 28.660126 12.814614 21530.000000 57577.000000 65199.000000 13348.000000 5605.000000 733.000000 1844.000000 36047.000000 7622.000000
1046712 29.305594 13.078567 21347.000000 57368.000000 65053.000000 12534.000000 6043.000000 823.000000 1947.000000 36021.000000 7685.000000
1047712 29.642832 13.196210 21152.000000 57163.000000 64905.000000 11667.000000 6464.000000 823.000000 2198.000000 36011.000000 7742.000000
1048712 29.942225 13.279718 20912.000000 56963.000000 64783.000000 10729.000000 6873.000000 783.000000 2527.000000 36051.000000 7820.000000
1049712 30.041569 13.282469 20772.000000 56892.000000 64747.000000 10010.000000 7191.000000 745.000000 2826.000000 36120.000000 7855.000000
1050712 29.610289 13.052882 20681.000000 56876.000000 64729.000000 9500.000000 7316.000000 596.000000 3269.000000 36195.000000 7853.000000
1051712 29.416506 12.957703 20644.000000 56889.000000 64780.000000 9375.000000 7097.000000 503.000000 3669.000000 36245.000000 7891.000000
1052712 29.475120 12.982672 20697.000000 57025.000000 64925.000000 9402.000000 6782.000000 529.000000 3984.000000 36328.000000 7900.000000
1053712 29.670867 13.055364 20700.000000 57164.000000 65115.000000 9447.000000 6493.000000 550.000000 4210.000000 36464.000000 7951.000000
1054712 29.602423 13.022437 20756.000000 57327.000000 65295.000000 9652.000000 6136.000000 535.000000 4433.000000 36571.000000 7968.000000
1055712 29.508140 12.988854 20896.000000 57613.000000 65587.000000 10066.000000 5664.000000 545.000000 4621.000000 36717.000000 7974.000000
1056712 29.029930 12.808345 21081.000000 57937.000000 65957.000000 10761.000000 5101.000000 428.000000 4791.000000 36856.000000 8020.000000
1057712 28.657704 12.661491 21269.000000 58296.000000 66335.000000 11477.000000 4523.000000 360.000000 4909.000000 37027.000000 8039.000000
1058712 28.266396 12.502061 21531.000000 58735.000000 66709.000000 12249.000000 4161.000000 366.000000 4755.000000 37204.000000 7974.000000
1059712 27.691688 12.291018 21859.000000 59216.000000 67171.000000 13276.000000 3898.000000 301.000000 4384.000000 37357.000000 7955.000000
1060712 27.399907 12.169179 22134.000000 59709.000000 67597.000000 14164.000000 3596.000000 338.000000 4036.000000 37575.000000 7888.000000
1061712 27.211672 12.085103 22346.000000 60179.000000 68059.000000 15049.000000 3358.000000 345.000000 3594.000000 37833.000000 7880.000000
1062712 27.258059 12.101278 22535.000000 60572.000000 68406.000000 15686.000000 3177.000000 444.000000 3228.000000 38037.000000 7834.000000
1063712 27.652300 12.259325 22536.000000 60728.000000 68609.000000 15770.000000 3205.000000 530.000000 3031.000000 38192.000000 7881.000000
1064712 27.781071 12.287883 22493.000000 60780.000000 68653.000000 15668.000000 3372.000000 563.000000 2890.000000 38287.000000 7873.000000
1065712 27.988665 12.365701 22494.000000 60836.000000 68690.000000 15513.000000 3688.000000 640.000000 2653.000000 38342.000000 7854.000000
1066712 28.502145 12.571853 22452.000000 60859.000000 68717.000000 15180.000000 4089.000000 781.000000 2402.000000 38407.000000 7858.000000
1067712 28.628139 12.601934 22337.000000 60780.000000 68672.000000 14769.000000 4644.000000 762.000000 2162.000000 38443.000000 7892.000000
1068712 28.758040 12.636026 22232.000000 60715.000000 68645.000000 14327.000000 5176.000000 744.000000 1985.000000 38483.000000 7930.000000
1069712 29.105745 12.750591 22024.000000 60537.000000 68538.000000 13656.000000 5738.000000 738.000000 1892.000000 38513.000000 8001.000000
1070712 29.660110 12.960472 21851.000000 60367.000000 68408.000000 12898.000000 6163.000000 825.000000 1965.000000 38516.000000 8041.000000
1071712 29.873928 13.019399 21704.000000 60211.000000 68252.000000 12066.000000 6564.000000 845.000000 2229.000000 38507.000000 8041.000000
1072712 29.986175 13.052029 21569.000000 60047.000000 68135.000000 11239.000000 7014.000000 805.000000 2511.000000 38478.000000 8088.000000
1073712 29.998311 13.042457 21481.000000 59969.000000 68093.000000 10563.000000 7239.000000 757.000000 2922.000000 38488.000000 8124.000000
1074712 29.403197 12.751550 21420.000000 59974.000000 68078.000000 10050.000000 7431.000000 577.000000 3362.000000 38554.000000 8104.000000
1075712 29.652622 12.836855 21293.000000 59908.000000 68093.000000 9812.000000 7152.000000 556.000000 3773.000000 38615.000000 8185.000000
1076712 29.783345 12.890654 21311.000000 60022.000000 68251.000000 9824.000000 6886.000000 569.000000 4032.000000 38711.000000 8229.000000
1077712 30.008456 12.973605 21287.000000 60107.000000 68385.000000 9771.000000 6618.000000 594.000000 4304.000000 38820.000000 8278.000000
1078712 29.711610 12.852875 21386.000000 60319.000000 68615.000000 10104.000000 6230.000000 523.000000 4529.000000 38933.000000 8296.000000
1079712 29.684147 12.850176 21520.000000 60590.000000 68894.000000 10498.000000 5726.000000 549.000000 4747.000000 39070.000000 8304.000000
1080712 29.064763 12.587786 21678.000000 60909.000000 69202.000000 11155.000000 5200.000000 418.000000 4905.000000 39231.000000 8293.000000
1081712 28.760270 12.479694 21903.000000 61280.000000 69561.000000 11900.000000 4635.000000 400.000000 4968.000000 39377.000000 8281.000000
1082712 28.313372 12.298304 22142.000000 61719.000000 69969.000000 12695.000000 4322.000000 355.000000 4770.000000 39577.000000 8250.000000
1083712 27.927634 12.149453 22447.000000 62215.000000 70390.000000 13641.000000 4060.000000 377.000000 4369.000000 39768.000000 8175.000000
1084712 27.758123 12.074491 22668.000000 62686.000000 70827.000000 14457.000000 3773.000000 411.000000 4027.000000 40018.000000 8141.000000
1085712 27.464743 11.964373 22904.000000 63141.000000 71295.000000 15349.000000 3535.000000 376.000000 3644.000000 40237.000000 8154.000000
1086712 27.491982 11.964881 23030.000000 63493.000000 71643.000000 15975.000000 3323.000000 422.000000 3310.000000 40463.000000 8150.000000
1087712 27.920082 12.136902 23066.000000 63681.000000 71847.000000 16055.000000 3360.000000 554.000000 3097.000000 40615.000000 8166.000000
1088712 28.201019 12.236469 22998.000000 63705.000000 71908.000000 15946.000000 3525.000000 596.000000 2931.000000 40707.000000 8203.000000
1089712 28.682767 12.422041 22938.000000 63752.000000 71993.000000 15730.000000 3781.000000 702.000000 2725.000000 40814.000000 8241.000000
1090712 28.859297 12.485251 22878.000000 63750.000000 72037.000000 15472.000000 4197.000000 707.000000 2502.000000 40872.000000 8287.000000
1091712 29.235614 12.631184 22807.000000 63720.000000 72036.000000 15099.000000 4649.000000 783.000000 2276.000000 40913.000000 8316.000000
1092712 29.578645 12.746242 22670.000000 63633.000000 71982.000000 14480.000000 5209.000000 826.000000 2155.000000 40963.000000 8349.000000
1093712 29.778151 12.807567 22486.000000 63459.000000 71895.000000 13856.000000 5786.000000 772.000000 2072.000000 40973.000000 8436.000000
1094712 30.179128 12.951384 22331.000000 63322.000000 71807.000000 13139.000000 6296.000000 815.000000 2081.000000 40991.000000 8485.000000
1095712 30.480637 13.026066 22093.000000 63131.000000 71664.000000 12306.000000 6659.000000 802.000000 2326.000000 41038.000000 8533.000000
1096712 30.807865 13.117802 21876.000000 62957.000000 71544.000000 11464.000000 7052.000000 798.000000 2562.000000 41081.000000 8587.000000
1097712 30.789786 13.060271 21713.000000 62862.000000 71461.000000 10726.000000 7343.000000 734.000000 2910.000000 41149.000000 8599.000000
1098712 30.543698 12.924999 21608.000000 62801.000000 71412.000000 10146.000000 7503.000000 619.000000 3340.000000 41193.000000 8611.000000
766182 0.281789 0.060000 8517.000000 40000.000000 40000.000000 4539.000000 1324.000000 24.000000 2630.000000 31483.000000 0.000000
767182 0.572430 0.121495 8550.000000 40321.000000 40331.000000 5134.000000 1004.000000 39.000000 2373.000000 31771.000000 10.000000
768182 1.068029 0.226289 8562.000000 40604.000000 40656.000000 5707.000000 736.000000 40.000000 2079.000000 32042.000000 52.000000
769182 1.625639 0.342148 8528.000000 40834.000000 40918.000000 6140.000000 594.000000 56.000000 1738.000000 32306.000000 84.000000
770182 2.519649 0.529473 8514.000000 41035.000000 41173.000000 6507.000000 525.000000 80.000000 1402.000000 32521.000000 138.000000
771182 4.088449 0.857778 8459.000000 41162.000000 41386.000000 6715.000000 459.000000 131.000000 1154.000000 32703.000000 224.000000
772182 5.903255 1.238159 8352.000000 41222.000000 41594.000000 6846.000000 480.000000 143.000000 883.000000 32870.000000 372.000000
773182 8.720930 1.831633 8224.000000 41218.000000 41766.000000 6795.000000 568.000000 217.000000 644.000000 32994.000000 548.000000
774182 12.647727 2.657974 7987.000000 41061.000000 41874.000000 6473.000000 716.000000 300.000000 498.000000 33074.000000 813.000000
775182 17.094502 3.587861 7656.000000 40799.000000 41947.000000 5960.000000 941.000000 357.000000 398.000000 33143.000000 1148.000000
776182 21.432619 4.499167 7305.000000 40512.000000 42030.000000 5465.000000 1172.000000 373.000000 295.000000 33207.000000 1518.000000
777182 27.133974 5.701661 6890.000000 40138.000000 42093.000000 4774.000000 1431.000000 445.000000 240.000000 33248.000000 1955.000000
778182 31.182188 6.549710 6453.000000 39729.000000 42124.000000 4152.000000 1685.000000 364.000000 252.000000 33276.000000 2395.000000
779182 35.082561 7.360478 6082.000000 39384.000000 42144.000000 3546.000000 1890.000000 342.000000 304.000000 33302.000000 2760.000000
780182 38.660785 8.106057 5728.000000 39053.000000 42166.000000 3007.000000 2028.000000 305.000000 388.000000 33325.000000 3113.000000
781182 41.913594 8.784488 5425.000000 38771.000000 42188.000000 2498.000000 2136.000000 289.000000 502.000000 33346.000000 3417.000000
782182 44.714803 9.360341 5150.000000 38524.000000 42210.000000 2053.000000 2150.000000 265.000000 682.000000 33374.000000 3686.000000
783182 47.070822 9.834746 4911.000000 38324.000000 42238.000000 1671.000000 2108.000000 240.000000 892.000000 33413.000000 3914.000000
784182 49.030942 10.230336 4704.000000 38167.000000 42286.000000 1392.000000 2039.000000 207.000000 1066.000000 33463.000000 4119.000000
785182 49.756484 10.371367 4574.000000 38102.000000 42357.000000 1282.000000 1908.000000 138.000000 1246.000000 33528.000000 4255.000000
786182 49.745504 10.363109 4519.000000 38117.000000 42439.000000 1324.000000 1712.000000 76.000000 1407.000000 33598.000000 4322.000000
787182 50.366362 10.495901 4521.000000 38219.000000 42569.000000 1435.000000 1503.000000 118.000000 1465.000000 33698.000000 4350.000000
788182 50.252440 10.483814 4525.000000 38335.000000 42723.000000 1644.000000 1331.000000 91.000000 1459.000000 33810.000000 4388.000000
789182 49.558709 10.345149 4549.000000 38478.000000 42880.000000 1936.000000 1139.000000 34.000000 1440.000000 33929.000000 4402.000000
790182 49.111901 10.274275 4608.000000 38659.000000 43059.000000 2278.000000 955.000000 24.000000 1351.000000 34051.000000 4400.000000
791182 48.639718 10.214656 4691.000000 38844.000000 43232.000000 2649.000000 759.000000 28.000000 1255.000000 34153.000000 4388.000000
792182 47.914171 10.140618 4814.000000 39013.000000 43380.000000 3054.000000 575.000000 32.000000 1153.000000 34199.000000 4367.000000
793182 46.683783 10.033568 5007.000000 39153.000000 43494.000000 3486.000000 443.000000 23.000000 1055.000000 34146.000000 4341.000000
794182 45.633714 9.980282 5236.000000 39313.000000 43616.000000 3923.000000 364.000000 50.000000 899.000000 34077.000000 4303.000000
795182 43.887755 9.845935 5546.000000 39429.000000 43683.000000 4434.000000 302.000000 47.000000 763.000000 33883.000000 4254.000000
796182 41.828717 9.741760 6012.000000 39549.000000 43719.000000 5011.000000 259.000000 89.000000 653.000000 33537.000000 4170.000000
797182 39.093218 9.514216 6575.000000 39626.000000 43682.000000 5695.000000 275.000000 100.000000 505.000000 33051.000000 4056.000000
798182 37.318344 9.373063 7015.000000 39635.000000 43561.000000 6131.000000 337.000000 157.000000 390.000000 32620.000000 3926.000000
799182 35.445863 9.162225 7416.000000 39554.000000 43341.000000 6480.000000 445.000000 184.000000 307.000000 32138.000000 3787.000000
800182 33.049226 8.821208 7865.000000 39445.000000 43078.000000 6916.000000 554.000000 167.000000 228.000000 31580.000000 3633.000000
801182 31.176572 8.441710 8175.000000 39351.000000 42752.000000 7099.000000 706.000000 208.000000 162.000000 31176.000000 3401.000000
802182 29.624190 8.094328 8384.000000 39172.000000 42363.000000 7176.000000 836.000000 238.000000 134.000000 30788.000000 3191.000000
803182 29.325004 8.038432 8419.000000 38941.000000 42048.000000 7038.000000 973.000000 273.000000 135.000000 30522.000000 3107.000000
804182 29.011047 7.928787 8355.000000 38683.000000 41734.000000 6797.000000 1128.000000 258.000000 172.000000 30328.000000 3051.000000
805182 29.367403 7.982828 8280.000000 38473.000000 41464.000000 6424.000000 1314.000000 319.000000 223.000000 30193.000000 2991.000000
806182 30.424634 8.218946 8101.000000 38196.000000 41234.000000 5900.000000 1536.000000 351.000000 314.000000 30095.000000 3038.000000
807182 31.847422 8.560226 7943.000000 37968.000000 41062.000000 5305.000000 1794.000000 421.000000 423.000000 30025.000000 3094.000000
808182 33.932318 9.087578 7730.000000 37702.000000 40935.000000 4542.000000 2172.000000 487.000000 529.000000 29972.000000 3233.000000
809182 34.490656 9.214391 7538.000000 37482.000000 40860.000000 3914.000000 2612.000000 387.000000 625.000000 29944.000000 3378.000000
810182 35.457621 9.492106 7440.000000 37358.000000 40855.000000 3400.000000 2939.000000 381.000000 720.000000 29918.000000 3497.000000
811182 36.221332 9.733431 7400.000000 37302.000000 40890.000000 2894.000000 3298.000000 392.000000 816.000000 29902.000000 3588.000000
812182 36.105605 9.780805 7429.000000 37299.000000 40968.000000 2585.000000 3593.000000 338.000000 913.000000 29870.000000 3669.000000
813182 35.773592 9.757464 7446.000000 37311.000000 41066.000000 2351.000000 3772.000000 252.000000 1071.000000 29865.000000 3755.000000
814182 35.126554 9.667006 7548.000000 37411.000000 41202.000000 2341.000000 3729.000000 192.000000 1286.000000 29863.000000 3791.000000
815182 35.851852 9.949214 7490.000000 37365.000000 41350.000000 2416.000000 3393.000000 129.000000 1552.000000 29875.000000 3985.000000
816182 35.702011 10.009154 7557.000000 37431.000000 41512.000000 2643.000000 2883.000000 74.000000 1957.000000 29874.000000 4081.000000
817182 35.667711 10.102415 7685.000000 37569.000000 41693.000000 2942.000000 2415.000000 88.000000 2240.000000 29884.000000 4124.000000
818182 35.156445 10.101106 7876.000000 37763.000000 41936.000000 3402.000000 1936.000000 63.000000 2475.000000 29887.000000 4173.000000
819182 34.316028 10.028402 8169.000000 38072.000000 42250.000000 4065.000000 1392.000000 59.000000 2653.000000 29903.000000 4178.000000
820182 33.769634 10.004935 8425.000000 38368.000000 42549.000000 4690.000000 971.000000 76.000000 2688.000000 29943.000000 4181.000000
821182 32.542687 9.811549 8822.000000 38808.000000 42929.000000 5606.000000 611.000000 91.000000 2514.000000 29986.000000 4121.000000
822182 31.669574 9.659209 9138.000000 39178.000000 43223.000000 6324.000000 550.000000 130.000000 2134.000000 30040.000000 4045.000000
823182 31.052117 9.508567 9322.000000 39449.000000 43424.000000 6894.000000 560.000000 154.000000 1714.000000 30127.000000 3975.000000
824182 30.391496 9.307444 9439.000000 39701.000000 43621.000000 7484.000000 600.000000 140.000000 1215.000000 30262.000000 3920.000000
825182 30.338425 9.261714 9468.000000 39862.000000 43750.000000 7856.000000 631.000000 164.000000 817.000000 30394.000000 3888.000000
826182 29.840889 9.074932 9514.000000 40003.000000 43813.000000 8167.000000 719.000000 166.000000 462.000000 30489.000000 3810.000000
827182 29.999241 9.049701 9441.000000 39945.000000 43681.000000 8102.000000 776.000000 217.000000 346.000000 30504.000000 3736.000000
828182 30.333206 9.100101 9342.000000 39803.000000 43516.000000 7919.000000 889.000000 247.000000 287.000000 30461.000000 3713.000000
829182 31.182712 9.293629 9184.000000 39593.000000 43320.000000 7514.000000 1050.000000 299.000000 321.000000 30409.000000 3727.000000
830182 32.450020 9.600353 9002.000000 39360.000000 43113.000000 6994.000000 1263.000000 386.000000 359.000000 30358.000000 3753.000000
831182 33.732171 9.921227 8765.000000 39053.000000 42908.000000 6392.000000 1563.000000 402.000000 408.000000 30288.000000 3855.000000
832182 35.910145 10.520645 8571.000000 38759.000000 42697.000000 5617.000000 1960.000000 554.000000 440.000000 30188.000000 3938.000000
833182 37.347070 10.913025 8303.000000 38397.000000 42518.000000 4811.000000 2464.000000 519.000000 509.000000 30094.000000 4121.000000
834182 38.149403 11.153039 8145.000000 38150.000000 42401.000000 4216.000000 2904.000000 478.000000 547.000000 30005.000000 4251.000000
835182 39.156043 11.460080 7993.000000 37946.000000 42347.000000 3595.000000 3361.000000 452.000000 585.000000 29953.000000 4401.000000
836182 39.465852 11.599206 7932.000000 37797.000000 42296.000000 3129.000000 3709.000000 407.000000 687.000000 29865.000000 4499.000000
837182 40.096077 11.840643 7865.000000 37670.000000 42295.000000 2667.000000 3946.000000 383.000000 869.000000 29805.000000 4625.000000
838182 38.776160 11.517644 7890.000000 37632.000000 42309.000000 2603.000000 3988.000000 196.000000 1103.000000 29742.000000 4677.000000
839182 38.245033 11.472696 7961.000000 37560.000000 42283.000000 2739.000000 3669.000000 128.000000 1425.000000 29599.000000 4723.000000
840182 37.700180 11.408174 8069.000000 37571.000000 42303.000000 2941.000000 3162.000000 94.000000 1872.000000 29502.000000 4732.000000
841182 37.175237 11.377740 8255.000000 37665.000000 42381.000000 3232.000000 2648.000000 106.000000 2269.000000 29410.000000 4716.000000
842182 36.663390 11.390175 8484.000000 37824.000000 42563.000000 3675.000000 2128.000000 109.000000 2572.000000 29340.000000 4739.000000
843182 36.068858 11.356415 8735.000000 38062.000000 42804.000000 4181.000000 1643.000000 119.000000 2792.000000 29327.000000 4742.000000
844182 35.180356 11.262086 9034.000000 38355.000000 43127.000000 4891.000000 1204.000000 85.000000 2854.000000 29321.000000 4772.000000
845182 34.193276 11.149674 9472.000000 38793.000000 43508.000000 5800.000000 788.000000 136.000000 2748.000000 29321.000000 4715.000000
846182 33.349471 10.999840 9768.000000 39146.000000 43837.000000 6581.000000 728.000000 131.000000 2328.000000 29378.000000 4691.000000
847182 32.685380 10.895867 10070.000000 39493.000000 44136.000000 7316.000000 739.000000 166.000000 1849.000000 29423.000000 4643.000000
848182 31.689620 10.629380 10286.000000 39778.000000 44377.000000 8008.000000 787.000000 118.000000 1373.000000 29492.000000 4599.000000
849182 31.051653 10.483491 10537.000000 40088.000000 44613.000000 8641.000000 815.000000 152.000000 929.000000 29551.000000 4525.000000
850182 30.875454 10.440125 10656.000000 40281.000000 44760.000000 9028.000000 890.000000 194.000000 544.000000 29625.000000 4479.000000
851182 30.763137 10.416900 10671.000000 40258.000000 44735.000000 9061.000000 982.000000 183.000000 445.000000 29587.000000 4477.000000
852182 31.066932 10.505322 10648.000000 40183.000000 44625.000000 8874.000000 1115.000000 246.000000 413.000000 29535.000000 4442.000000
853182 31.505017 10.601423 10571.000000 40049.000000 44428.000000 8493.000000 1302.000000 331.000000 445.000000 29478.000000 4379.000000
854182 32.488883 10.901117 10431.000000 39823.000000 44234.000000 8010.000000 1520.000000 411.000000 490.000000 29392.000000 4411.000000
855182 33.328814 11.173743 10334.000000 39580.000000 43996.000000 7463.000000 1824.000000 500.000000 547.000000 29246.000000 4416.000000
856182 34.675431 11.573270 10142.000000 39294.000000 43756.000000 6680.000000 2299.000000 602.000000 561.000000 29152.000000 4462.000000
857182 34.782308 11.560494 9965.000000 38985.000000 43467.000000 5905.000000 2902.000000 543.000000 615.000000 29020.000000 4482.000000
858182 35.188422 11.637532 9779.000000 38724.000000 43248.000000 5205.000000 3380.000000 509.000000 685.000000 28945.000000 4524.000000
859182 35.809242 11.810147 9629.000000 38519.000000 43107.000000 4517.000000 3862.000000 503.000000 747.000000 28890.000000 4588.000000
860182 36.285189 11.933008 9516.000000 38368.000000 42990.000000 3877.000000 4265.000000 508.000000 866.000000 28852.000000 4622.000000
861182 36.416554 11.953584 9383.000000 38212.000000 42916.000000 3286.000000 4601.000000 426.000000 1070.000000 28829.000000 4704.000000
862182 35.109183 11.513879 9342.000000 38153.000000 42870.000000 3111.000000 4668.000000 219.000000 1344.000000 28811.000000 4717.000000
863182 34.974425 11.484894 9309.000000 38098.000000 42865.000000 3180.000000 4322.000000 156.000000 1651.000000 28789.000000 4767.000000
864182 34.680159 11.420515 9342.000000 38124.000000 42914.000000 3370.000000 3714.000000 111.000000 2147.000000 28782.000000 4790.000000
865182 34.603509 11.458648 9440.000000 38223.000000 43033.000000 3622.000000 3135.000000 121.000000 2562.000000 28783.000000 4810.000000
866182 34.584228 11.557684 9606.000000 38381.000000 43218.000000 3955.000000 2596.000000 158.000000 2897.000000 28775.000000 4837.000000
867182 34.296226 11.584131 9800.000000 38578.000000 43456.000000 4439.000000 2034.000000 156.000000 3171.000000 28778.000000 4878.000000
868182 33.520524 11.461095 10089.000000 38879.000000 43748.000000 5125.000000 1511.000000 145.000000 3308.000000 28790.000000 4869.000000
869182 32.611390 11.319174 10477.000000 39312.000000 44164.000000 6078.000000 1031.000000 147.000000 3221.000000 28835.000000 4852.000000
870182 31.939212 11.227582 10833.000000 39723.000000 44551.000000 6955.000000 920.000000 174.000000 2784.000000 28890.000000 4828.000000
871182 31.146823 11.080462 11188.000000 40149.000000 44953.000000 7842.000000 935.000000 177.000000 2234.000000 28961.000000 4804.000000
872182 30.187289 10.846590 11490.000000 40528.000000 45323.000000 8743.000000 961.000000 121.000000 1665.000000 29038.000000 4795.000000
873182 29.626491 10.718588 11766.000000 40906.000000 45659.000000 9531.000000 959.000000 141.000000 1135.000000 29140.000000 4753.000000
874182 29.302520 10.682486 12032.000000 41221.000000 45935.000000 10170.000000 971.000000 193.000000 698.000000 29189.000000 4714.000000
875182 29.359929 10.730529 12065.000000 41223.000000 45953.000000 10242.000000 1048.000000 201.000000 574.000000 29158.000000 4730.000000
876182 29.797257 10.891931 12029.000000 41137.000000 45878.000000 10050.000000 1129.000000 256.000000 594.000000 29108.000000 4741.000000
877182 30.365147 11.107468 11999.000000 41010.000000 45744.000000 9698.000000 1337.000000 347.000000 617.000000 29011.000000 4734.000000
878182 30.998859 11.322700 11889.000000 40821.000000 45581.000000 9233.000000 1604.000000 401.000000 651.000000 28932.000000 4760.000000
879182 32.044767 11.673315 11742.000000 40589.000000 45377.000000 8600.000000 1973.000000 509.000000 660.000000 28847.000000 4788.000000
880182 33.481816 12.148519 11537.000000 40315.000000 45166.000000 7754.000000 2506.000000 636.000000 641.000000 28778.000000 4851.000000
881182 34.131184 12.338457 11322.000000 40027.000000 44957.000000 6940.000000 3138.000000 617.000000 627.000000 28705.000000 4930.000000
882182 34.942157 12.558680 11086.000000 39742.000000 44734.000000 6074.000000 3715.000000 626.000000 671.000000 28656.000000 4992.000000
883182 35.798520 12.808313 10850.000000 39465.000000 44557.000000 5202.000000 4290.000000 615.000000 743.000000 28615.000000 5092.000000
884182 36.373973 12.958254 10628.000000 39233.000000 44435.000000 4430.000000 4764.000000 556.000000 878.000000 28605.000000 5202.000000
885182 37.293415 13.237816 10445.000000 39033.000000 44320.000000 3638.000000 5104.000000 580.000000 1123.000000 28588.000000 5287.000000
886182 35.915268 12.715444 10289.000000 38885.000000 44269.000000 3338.000000 5271.000000 245.000000 1435.000000 28596.000000 5384.000000
887182 35.628953 12.606809 10223.000000 38808.000000 44238.000000 3346.000000 4874.000000 147.000000 1856.000000 28585.000000 5430.000000
888182 35.499490 12.584128 10278.000000 38860.000000 44278.000000 3495.000000 4269.000000 154.000000 2360.000000 28582.000000 5418.000000
889182 35.215190 12.537744 10405.000000 38983.000000 44378.000000 3748.000000 3668.000000 169.000000 2820.000000 28578.000000 5395.000000
890182 34.937343 12.520208 10559.000000 39135.000000 44536.000000 4110.000000 3084.000000 175.000000 3190.000000 28576.000000 5401.000000
891182 34.271953 12.401957 10812.000000 39369.000000 44751.000000 4666.000000 2459.000000 168.000000 3519.000000 28557.000000 5382.000000
892182 33.502938 12.271204 11175.000000 39739.000000 45073.000000 5446.000000 1858.000000 197.000000 3674.000000 28564.000000 5334.000000
893182 32.643719 12.077157 11479.000000 40124.000000 45466.000000 6378.000000 1348.000000 149.000000 3604.000000 28645.000000 5342.000000
894182 31.745476 11.856018 11850.000000 40587.000000 45867.000000 7379.000000 1171.000000 158.000000 3142.000000 28737.000000 5280.000000
895182 30.795709 11.605483 12216.000000 41039.000000 46254.000000 8383.000000 1130.000000 153.000000 2550.000000 28823.000000 5215.000000
896182 29.761569 11.318328 12585.000000 41494.000000 46650.000000 9400.000000 1090.000000 124.000000 1971.000000 28909.000000 5156.000000
897182 28.969175 11.134231 12990.000000 41986.000000 47098.000000 10411.000000 1065.000000 132.000000 1382.000000 28996.000000 5112.000000
898182 28.544166 11.045469 13291.000000 42346.000000 47395.000000 11109.000000 1055.000000 186.000000 941.000000 29055.000000 5049.000000
899182 28.486824 11.046732 13392.000000 42449.000000 47462.000000 11283.000000 1102.000000 230.000000 777.000000 29057.000000 5013.000000
900182 28.789525 11.175788 13383.000000 42392.000000 47415.000000 11109.000000 1234.000000 276.000000 764.000000 29009.000000 5023.000000
901182 29.293919 11.372474 13359.000000 42306.000000 47316.000000 10775.000000 1444.000000 371.000000 769.000000 28947.000000 5010.000000
902182 30.009839 11.638013 13274.000000 42153.000000 47173.000000 10217.000000 1826.000000 470.000000 761.000000 28879.000000 5020.000000
903182 31.182618 12.062215 13127.000000 41945.000000 46998.000000 9493.000000 2294.000000 616.000000 724.000000 28818.000000 5053.000000
904182 31.720042 12.227476 12932.000000 41654.000000 46739.000000 8688.000000 2940.000000 630.000000 674.000000 28722.000000 5085.000000
905182 32.654887 12.551312 12713.000000 41358.000000 46529.000000 7792.000000 3604.000000 669.000000 648.000000 28645.000000 5171.000000
906182 33.369050 12.777766 12503.000000 41078.000000 46307.000000 6916.000000 4225.000000 688.000000 674.000000 28575.000000 5229.000000
907182 33.913589 12.900284 12249.000000 40789.000000 46061.000000 5971.000000 4831.000000 670.000000 777.000000 28540.000000 5272.000000
908182 34.467840 13.028215 12013.000000 40540.000000 45862.000000 5024.000000 5361.000000 653.000000 975.000000 28527.000000 5322.000000
909182 34.528599 12.967221 11769.000000 40287.000000 45669.000000 4172.000000 5759.000000 540.000000 1298.000000 28518.000000 5382.000000
910182 33.501437 12.537307 11660.000000 40175.000000 45568.000000 3731.000000 5899.000000 320.000000 1710.000000 28515.000000 5393.000000
911182 33.321588 12.460744 11542.000000 40049.000000 45535.000000 3726.000000 5399.000000 188.000000 2229.000000 28507.000000 5486.000000
912182 33.139978 12.411947 11601.000000 40103.000000 45569.000000 3822.000000 4848.000000 190.000000 2741.000000 28502.000000 5466.000000
913182 32.938375 12.406476 11747.000000 40240.000000 45710.000000 4137.000000 4182.000000 201.000000 3227.000000 28493.000000 5470.000000
914182 32.663259 12.382425 11926.000000 40443.000000 45928.000000 4589.000000 3523.000000 202.000000 3612.000000 28517.000000 5485.000000
915182 32.308565 12.328204 12145.000000 40718.000000 46203.000000 5193.000000 2839.000000 211.000000 3902.000000 28573.000000 5485.000000
916182 31.782471 12.237192 12464.000000 41129.000000 46612.000000 6063.000000 2199.000000 221.000000 3981.000000 28665.000000 5483.000000
917182 30.867096 12.019987 12876.000000 41592.000000 47030.000000 7077.000000 1624.000000 215.000000 3960.000000 28716.000000 5438.000000
918182 29.605896 11.669122 13315.000000 42099.000000 47510.000000 8261.000000 1378.000000 133.000000 3543.000000 28784.000000 5411.000000
919182 28.776601 11.444176 13738.000000 42632.000000 47972.000000 9371.000000 1304.000000 150.000000 2913.000000 28894.000000 5340.000000
920182 27.730314 11.123268 14161.000000 43170.000000 48439.000000 10524.000000 1254.000000 119.000000 2264.000000 29009.000000 5269.000000
921182 27.233071 10.988988 14490.000000 43633.000000 48858.000000 11466.000000 1237.000000 144.000000 1643.000000 29143.000000 5225.000000
922182 27.184515 10.991625 14694.000000 43996.000000 49192.000000 12124.000000 1236.000000 211.000000 1123.000000 29302.000000 5196.000000
923182 27.267721 11.045097 14771.000000 44111.000000 49316.000000 12353.000000 1284.000000 242.000000 892.000000 29340.000000 5205.000000
924182 28.018212 11.361100 14758.000000 44062.000000 49291.000000 12094.000000 1398.000000 371.000000 895.000000 29304.000000 5229.000000
925182 28.635111 11.615197 14660.000000 43915.000000 49220.000000 11674.000000 1664.000000 412.000000 910.000000 29255.000000 5305.000000
926182 29.542149 11.996009 14568.000000 43735.000000 49108.000000 11141.000000 2032.000000 518.000000 877.000000 29167.000000 5373.000000
927182 30.822297 12.510475 14428.000000 43496.000000 48927.000000 10287.000000 2605.000000 690.000000 846.000000 29068.000000 5431.000000
928182 31.824854 12.904881 14209.000000 43172.000000 48718.000000 9407.000000 3262.000000 741.000000 799.000000 28963.000000 5546.000000
929182 32.444422 13.121752 13980.000000 42860.000000 48492.000000 8523.000000 3978.000000 731.000000 748.000000 28880.000000 5632.000000
930182 32.840587 13.219439 13757.000000 42574.000000 48232.000000 7568.000000 4696.000000 718.000000 775.000000 28817.000000 5658.000000
931182 33.651799 13.495617 13472.000000 42236.000000 48023.000000 6581.000000 5313.000000 694.000000 884.000000 28764.000000 5787.000000
932182 34.273137 13.678288 13183.000000 41914.000000 47813.000000 5634.000000 5762.000000 641.000000 1146.000000 28731.000000 5899.000000
933182 34.489494 13.708374 12968.000000 41683.000000 47657.000000 4863.000000 6057.000000 559.000000 1489.000000 28715.000000 5974.000000
934182 33.748344 13.386853 12853.000000 41562.000000 47584.000000 4444.000000 6172.000000 348.000000 1889.000000 28709.000000 6022.000000
935182 33.501433 13.279606 12761.000000 41447.000000 47524.000000 4428.000000 5640.000000 234.000000 2459.000000 28686.000000 6077.000000
936182 33.338635 13.222028 12768.000000 41464.000000 47557.000000 4515.000000 5022.000000 195.000000 3036.000000 28696.000000 6093.000000
937182 33.340348 13.279547 12908.000000 41621.000000 47720.000000 4817.000000 4320.000000 238.000000 3533.000000 28713.000000 6099.000000
938182 32.691808 13.105490 13154.000000 41886.000000 47957.000000 5352.000000 3679.000000 214.000000 3909.000000 28732.000000 6071.000000
939182 32.275649 13.018586 13429.000000 42192.000000 48208.000000 5977.000000 3004.000000 260.000000 4188.000000 28763.000000 6016.000000
940182 31.637448 12.878679 13784.000000 42614.000000 48623.000000 6857.000000 2471.000000 253.000000 4203.000000 28830.000000 6009.000000
941182 30.500322 12.538220 14245.000000 43136.000000 49058.000000 7974.000000 1980.000000 229.000000 4062.000000 28891.000000 5922.000000
942182 29.462460 12.210429 14671.000000 43689.000000 49556.000000 9158.000000 1756.000000 184.000000 3573.000000 29018.000000 5867.000000
943182 28.417318 11.842631 15070.000000 44261.000000 50048.000000 10289.000000 1723.000000 140.000000 2918.000000 29191.000000 5787.000000
944182 27.867536 11.675870 15432.000000 44787.000000 50523.000000 11336.000000 1642.000000 163.000000 2291.000000 29355.000000 5736.000000
945182 27.519253 11.575537 15691.000000 45201.000000 50935.000000 12195.000000 1583.000000 162.000000 1751.000000 29510.000000 5734.000000
946182 27.629513 11.668584 15934.000000 45559.000000 51283.000000 12829.000000 1517.000000 260.000000 1328.000000 29625.000000 5724.000000
947182 27.650680 11.704424 16029.000000 45686.000000 51425.000000 13020.000000 1583.000000 280.000000 1146.000000 29657.000000 5739.000000
948182 28.124713 11.921445 16039.000000 45639.000000 51378.000000 12781.000000 1687.000000 386.000000 1185.000000 29600.000000 5739.000000
949182 28.890420 12.261373 16022.000000 45540.000000 51283.000000 12310.000000 1978.000000 545.000000 1189.000000 29518.000000 5743.000000
950182 29.265599 12.435476 15934.000000 45346.000000 51144.000000 11798.000000 2409.000000 562.000000 1165.000000 29412.000000 5798.000000
951182 30.326092 12.892410 15832.000000 45150.000000 50999.000000 11030.000000 2996.000000 726.000000 1080.000000 29318.000000 5849.000000
952182 31.170702 13.218368 15595.000000 44818.000000 50740.000000 10050.000000 3750.000000 785.000000 1010.000000 29223.000000 5922.000000
953182 31.705263 13.411569 15372.000000 44528.000000 50531.000000 9141.000000 4556.000000 774.000000 901.000000 29156.000000 6003.000000
954182 32.189650 13.575560 15095.000000 44188.000000 50311.000000 8239.000000 5214.000000 707.000000 935.000000 29093.000000 6123.000000
955182 32.429733 13.618933 14877.000000 43920.000000 50070.000000 7399.000000 5758.000000 669.000000 1051.000000 29043.000000 6150.000000
956182 32.758952 13.692996 14660.000000 43669.000000 49843.000000 6566.000000 6116.000000 651.000000 1327.000000 29009.000000 6174.000000
957182 32.748284 13.640392 14489.000000 43461.000000 49654.000000 5797.000000 6381.000000 580.000000 1731.000000 28972.000000 6193.000000
958182 32.113209 13.342612 14354.000000 43333.000000 49578.000000 5333.000000 6431.000000 370.000000 2220.000000 28979.000000 6245.000000
959182 31.999417 13.281534 14248.000000 43232.000000 49550.000000 5304.000000 5888.000000 263.000000 2793.000000 28984.000000 6318.000000
960182 31.936486 13.259279 14276.000000 43285.000000 49603.000000 5386.000000 5231.000000 259.000000 3400.000000 29009.000000 6318.000000
961182 32.040757 13.333467 14378.000000 43432.000000 49762.000000 5627.000000 4536.000000 305.000000 3910.000000 29054.000000 6330.000000
962182 31.820568 13.326671 14601.000000 43681.000000 50035.000000 6135.000000 3958.000000 314.000000 4194.000000 29080.000000 6354.000000
963182 31.478327 13.217295 14749.000000 43945.000000 50328.000000 6719.000000 3371.000000 269.000000 4390.000000 29196.000000 6383.000000
964182 31.078687 13.132029 15057.000000 44374.000000 50769.000000 7594.000000 2848.000000 272.000000 4343.000000 29317.000000 6395.000000
965182 30.417815 12.932381 15414.000000 44862.000000 51228.000000 8640.000000 2328.000000 259.000000 4187.000000 29448.000000 6366.000000
966182 29.699486 12.717120 15829.000000 45424.000000 51757.000000 9826.000000 2150.000000 249.000000 3604.000000 29595.000000 6333.000000
967182 28.875840 12.427248 16157.000000 45910.000000 52232.000000 10894.000000 2058.000000 169.000000 3036.000000 29753.000000 6322.000000
968182 28.424205 12.257611 16428.000000 46375.000000 52653.000000 11833.000000 1960.000000 176.000000 2459.000000 29947.000000 6278.000000
969182 27.738654 12.023742 16787.000000 46853.000000 53070.000000 12771.000000 1877.000000 164.000000 1975.000000 30066.000000 6217.000000
970182 27.589911 12.015344 17106.000000 47273.000000 53440.000000 13476.000000 1812.000000 254.000000 1564.000000 30167.000000 6167.000000
971182 27.715949 12.092858 17213.000000 47395.000000 53544.000000 13596.000000 1870.000000 326.000000 1421.000000 30182.000000 6149.000000
972182 28.206224 12.318205 17220.000000 47391.000000 53563.000000 13370.000000 2005.000000 426.000000 1419.000000 30171.000000 6172.000000
973182 28.999786 12.662489 17167.000000 47287.000000 53465.000000 12847.000000 2309.000000 592.000000 1419.000000 30120.000000 6178.000000
974182 29.046620 12.713135 17132.000000 47143.000000 53370.000000 12448.000000 2773.000000 558.000000 1353.000000 30011.000000 6227.000000
975182 30.345331 13.269848 16998.000000 46957.000000 53241.000000 11646.000000 3321.000000 781.000000 1250.000000 29959.000000 6284.000000
976182 31.129144 13.604210 16802.000000 46647.000000 53013.000000 10733.000000 4042.000000 846.000000 1181.000000 29845.000000 6366.000000
977182 31.592246 13.751256 16552.000000 46334.000000 52737.000000 9704.000000 4865.000000 849.000000 1134.000000 29782.000000 6403.000000
978182 31.420801 13.639133 16333.000000 46054.000000 52518.000000 8937.000000 5554.000000 699.000000 1143.000000 29721.000000 6464.000000
979182 31.655823 13.675737 16115.000000 45819.000000 52297.000000 8152.000000 6016.000000 674.000000 1273.000000 29704.000000 6478.000000
980182 31.921824 13.724700 15909.000000 45623.000000 52125.000000 7319.000000 6381.000000 652.000000 1557.000000 29714.000000 6502.000000
981182 32.322279 13.835619 15712.000000 45447.000000 51989.000000 6498.000000 6560.000000 651.000000 2003.000000 29735.000000 6542.000000
982182 31.626941 13.492797 15543.000000 45315.000000 51924.000000 6077.000000 6647.000000 397.000000 2422.000000 29772.000000 6609.000000
983182 31.444349 13.384841 15435.000000 45244.000000 51902.000000 6017.000000 6128.000000 289.000000 3001.000000 29809.000000 6658.000000
984182 31.291286 13.315364 15457.000000 45295.000000 51940.000000 6102.000000 5497.000000 271.000000 3587.000000 29838.000000 6645.000000
985182 31.570419 13.458955 15593.000000 45490.000000 52114.000000 6283.000000 4810.000000 390.000000 4110.000000 29897.000000 6624.000000
986182 31.070345 13.292469 15769.000000 45733.000000 52368.000000 6783.000000 4347.000000 326.000000 4313.000000 29964.000000 6635.000000
987182 30.626800 13.139740 15957.000000 46001.000000 52619.000000 7327.000000 3862.000000 296.000000 4472.000000 30044.000000 6618.000000
988182 29.876080 12.913751 16392.000000 46495.000000 53021.000000 8295.000000 3340.000000 321.000000 4436.000000 30103.000000 6526.000000
989182 29.076857 12.659600 16825.000000 47028.000000 53493.000000 9371.000000 2845.000000 307.000000 4302.000000 30203.000000 6465.000000
990182 27.917668 12.249695 17330.000000 47655.000000 54034.000000 10704.000000 2636.000000 240.000000 3750.000000 30325.000000 6379.000000
991182 27.116738 11.955344 17703.000000 48153.000000 54461.000000 11778.000000 2525.000000 203.000000 3197.000000 30450.000000 6308.000000
992182 26.667215 11.807352 18033.000000 48624.000000 54898.000000 12722.000000 2394.000000 208.000000 2709.000000 30591.000000 6274.000000
993182 26.425608 11.737395 18301.000000 49068.000000 55353.000000 13577.000000 2209.000000 212.000000 2303.000000 30767.000000 6285.000000
994182 26.461104 11.778531 18515.000000 49442.000000 55737.000000 14274.000000 2064.000000 270.000000 1907.000000 30927.000000 6295.000000
995182 26.760111 11.920352 18588.000000 49585.000000 55896.000000 14383.000000 2088.000000 352.000000 1765.000000 30997.000000 6311.000000
996182 27.195831 12.136174 18613.000000 49567.000000 55899.000000 14129.000000 2234.000000 452.000000 1798.000000 30954.000000 6332.000000
997182 28.151446 12.565117 18567.000000 49495.000000 55861.000000 13623.000000 2504.000000 653.000000 1787.000000 30928.000000 6366.000000
998182 28.483970 12.683609 18419.000000 49348.000000 55757.000000 13085.000000 3008.000000 663.000000 1663.000000 30929.000000 6409.000000
999182 29.292153 13.030499 18327.000000 49198.000000 55608.000000 12317.000000 3665.000000 836.000000 1509.000000 30871.000000 6410.000000
1000182 29.828335 13.260446 18184.000000 48971.000000 55428.000000 11451.000000 4468.000000 893.000000 1372.000000 30787.000000 6457.000000
1001182 30.355831 13.472056 17975.000000 48687.000000 55218.000000 10434.000000 5377.000000 908.000000 1256.000000 30712.000000 6531.000000
1002182 30.115386 13.323160 17741.000000 48435.000000 55047.000000 9645.000000 6156.000000 722.000000 1218.000000 30694.000000 6612.000000
1003182 30.134722 13.292016 17570.000000 48232.000000 54860.000000 8976.000000 6583.000000 664.000000 1347.000000 30662.000000 6628.000000
1004182 30.424283 13.357341 17349.000000 48036.000000 54704.000000 8131.000000 6895.000000 639.000000 1684.000000 30687.000000 6668.000000
1005182 30.771487 13.456111 17155.000000 47862.000000 54570.000000 7350.000000 7005.000000 635.000000 2165.000000 30707.000000 6708.000000
1006182 30.027768 13.095893 17047.000000 47777.000000 54498.000000 6900.000000 6989.000000 416.000000 2742.000000 30730.000000 6721.000000
1007182 30.156922 13.125620 16916.000000 47676.000000 54466.000000 6771.000000 6412.000000 359.000000 3374.000000 30760.000000 6790.000000
1008182 30.170419 13.142218 16945.000000 47737.000000 54557.000000 6832.000000 5736.000000 350.000000 4027.000000 30792.000000 6820.000000
1009182 29.975409 13.125525 17194.000000 47995.000000 54794.000000 7234.000000 5001.000000 393.000000 4566.000000 30801.000000 6799.000000
1010182 29.774654 13.079172 17401.000000 48273.000000 55057.000000 7697.000000 4477.000000 417.000000 4810.000000 30872.000000 6784.000000
1011182 29.659351 13.067557 17591.000000 48602.000000 55435.000000 8298.000000 4087.000000 411.000000 4795.000000 31011.000000 6833.000000
1012182 29.121325 12.841770 17805.000000 49026.000000 55849.000000 9100.000000 3702.000000 349.000000 4654.000000 31221.000000 6823.000000
1013182 28.492337 12.611205 18176.000000 49565.000000 56315.000000 10185.000000 3202.000000 352.000000 4437.000000 31389.000000 6750.000000
1014182 27.676592 12.291623 18556.000000 50168.000000 56868.000000 11431.000000 3052.000000 290.000000 3783.000000 31612.000000 6700.000000
1015182 27.022781 12.004257 18773.000000 50626.000000 57313.000000 12445.000000 2924.000000 193.000000 3211.000000 31853.000000 6687.000000
1016182 26.654741 11.877448 19068.000000 51060.000000 57706.000000 13325.000000 2709.000000 208.000000 2826.000000 31992.000000 6646.000000
1017182 26.280641 11.727013 19281.000000 51430.000000 58054.000000 14108.000000 2540.000000 184.000000 2449.000000 32149.000000 6624.000000
1018182 26.339969 11.776990 19540.000000 51839.000000 58419.000000 14761.000000 2357.000000 300.000000 2122.000000 32299.000000 6580.000000
1019182 26.712538 11.934691 19575.000000 51967.000000 58552.000000 14772.000000 2333.000000 403.000000 2067.000000 32392.000000 6585.000000
1020182 27.468369 12.273271 19530.000000 51919.000000 58550.000000 14331.000000 2548.000000 555.000000 2096.000000 32389.000000 6631.000000
1021182 27.953087 12.497865 19483.000000 51853.000000 58546.000000 13885.000000 2926.000000 624.000000 2048.000000 32370.000000 6693.000000
1022182 28.631563 12.794118 19384.000000 51732.000000 58480.000000 13281.000000 3416.000000 734.000000 1953.000000 32348.000000 6748.000000
1023182 29.045961 12.996130 19342.000000 51613.000000 58402.000000 12722.000000 4089.000000 801.000000 1730.000000 32271.000000 6789.000000
1024182 29.748609 13.298675 19189.000000 51418.000000 58284.000000 11868.000000 4921.000000 885.000000 1515.000000 32229.000000 6866.000000
1025182 30.558235 13.632452 18930.000000 51113.000000 58104.000000 10945.000000 5695.000000 930.000000 1360.000000 32183.000000 6991.000000
1026182 30.395278 13.521730 18697.000000 50835.000000 57892.000000 10179.000000 6377.000000 771.000000 1370.000000 32138.000000 7057.000000
1027182 30.482764 13.535462 18524.000000 50632.000000 57752.000000 9578.000000 6720.000000 697.000000 1529.000000 32108.000000 7120.000000
1028182 30.437676 13.493110 18389.000000 50467.000000 57622.000000 8923.000000 6891.000000 620.000000 1955.000000 32078.000000 7155.000000
1029182 30.526813 13.494382 18269.000000 50350.000000 57498.000000 8193.000000 6945.000000 611.000000 2520.000000 32081.000000 7148.000000
1030182 29.841445 13.174987 18219.000000 50292.000000 57427.000000 7853.000000 6831.000000 431.000000 3104.000000 32073.000000 7135.000000
1031182 29.788660 13.143473 18147.000000 50266.000000 57481.000000 7835.000000 6286.000000 340.000000 3686.000000 32119.000000 7215.000000
1032182 30.045691 13.254561 18212.000000 50374.000000 57550.000000 7843.000000 5651.000000 452.000000 4266.000000 32162.000000 7176.000000
1033182 29.690560 13.111011 18364.000000 50648.000000 57814.000000 8269.000000 5081.000000 414.000000 4600.000000 32284.000000 7166.000000
1034182 29.921291 13.213911 18512.000000 50961.000000 58113.000000 8612.000000 4643.000000 527.000000 4730.000000 32449.000000 7152.000000
1035182 29.466286 13.054562 18724.000000 51277.000000 58447.000000 9217.000000 4349.000000 460.000000 4698.000000 32553.000000 7170.000000
1036182 29.003321 12.904212 19055.000000 51738.000000 58880.000000 10065.000000 3990.000000 456.000000 4544.000000 32683.000000 7142.000000
1037182 28.408661 12.656413 19283.000000 52163.000000 59298.000000 10954.000000 3668.000000 370.000000 4291.000000 32880.000000 7135.000000
1038182 27.688915 12.390046 19644.000000 52684.000000 59798.000000 12111.000000 3507.000000 295.000000 3731.000000 33040.000000 7114.000000
1039182 27.019828 12.129264 19979.000000 53165.000000 60218.000000 13099.000000 3410.000000 251.000000 3219.000000 33186.000000 7053.000000
1040182 26.620055 11.945770 20145.000000 53527.000000 60557.000000 13881.000000 3154.000000 204.000000 2906.000000 33382.000000 7030.000000
1041182 26.575492 11.954328 20414.000000 53951.000000 60957.000000 14585.000000 2967.000000 281.000000 2581.000000 33537.000000 7006.000000
1042182 26.809020 12.066180 20525.000000 54228.000000 61287.000000 15028.000000 2749.000000 336.000000 2412.000000 33703.000000 7059.000000
1043182 27.074141 12.188411 20591.000000 54360.000000 61419.000000 15057.000000 2690.000000 427.000000 2417.000000 33769.000000 7059.000000
1044182 27.909163 12.564098 20532.000000 54307.000000 61429.000000 14594.000000 2844.000000 596.000000 2498.000000 33775.000000 7122.000000
1045182 28.292401 12.740036 20472.000000 54222.000000 61397.000000 14230.000000 3209.000000 647.000000 2386.000000 33750.000000 7175.000000
1046182 29.181739 13.143788 20364.000000 54095.000000 61375.000000 13613.000000 3700.000000 787.000000 2264.000000 33731.000000 7280.000000
1047182 29.713375 13.369638 20239.000000 53975.000000 61333.000000 12986.000000 4408.000000 842.000000 2003.000000 33736.000000 7358.000000
1048182 30.018537 13.486283 20105.000000 53832.000000 61240.000000 12384.000000 5137.000000 851.000000 1733.000000 33727.000000 7408.000000
1049182 30.580382 13.721928 19978.000000 53657.000000 61092.000000 11668.000000 5810.000000 948.000000 1552.000000 33679.000000 7435.000000
1050182 30.272871 13.539083 19741.000000 53395.000000 60883.000000 10954.000000 6468.000000 755.000000 1564.000000 33654.000000 7488.000000
1051182 29.998523 13.376478 19565.000000 53213.000000 60726.000000 10367.000000 6849.000000 610.000000 1739.000000 33648.000000 7513.000000
1052182 30.132868 13.400343 19492.000000 53136.000000 60588.000000 9719.000000 6956.000000 667.000000 2150.000000 33644.000000 7452.000000
1053182 30.204295 13.386204 19298.000000 52999.000000 60525.000000 9063.000000 7049.000000 576.000000 2610.000000 33701.000000 7526.000000
1054182 29.753488 13.147977 19215.000000 52978.000000 60496.000000 8710.000000 6819.000000 436.000000 3250.000000 33763.000000 7518.000000
1055182 29.769762 13.121013 19132.000000 52970.000000 60506.000000 8603.000000 6299.000000 403.000000 3827.000000 33838.000000 7536.000000
1056182 29.966343 13.211654 19186.000000 53097.000000 60651.000000 8629.000000 5805.000000 459.000000 4293.000000 33911.000000 7554.000000
1057182 29.937893 13.218391 19333.000000 53344.000000 60900.000000 8892.000000 5315.000000 494.000000 4632.000000 34011.000000 7556.000000
1058182 30.002591 13.262552 19466.000000 53572.000000 61127.000000 9150.000000 4904.000000 552.000000 4860.000000 34106.000000 7555.000000
1059182 29.718507 13.156653 19642.000000 53897.000000 61467.000000 9726.000000 4666.000000 517.000000 4733.000000 34255.000000 7570.000000
1060182 29.430853 13.050508 19879.000000 54304.000000 61852.000000 10410.000000 4381.000000 524.000000 4564.000000 34425.000000 7548.000000
1061182 28.820249 12.791090 20054.000000 54661.000000 62223.000000 11195.000000 4146.000000 397.000000 4316.000000 34607.000000 7562.000000
1062182 28.338481 12.593976 20320.000000 55127.000000 62649.000000 12169.000000 3991.000000 368.000000 3792.000000 34807.000000 7522.000000
1063182 27.708482 12.327377 20551.000000 55562.000000 63071.000000 13143.000000 3828.000000 266.000000 3314.000000 35011.000000 7509.000000
1064182 27.200679 12.116627 20786.000000 55972.000000 63450.000000 13979.000000 3550.000000 210.000000 3047.000000 35186.000000 7478.000000
1065182 27.050764 12.067074 21029.000000 56374.000000 63810.000000 14689.000000 3237.000000 264.000000 2839.000000 35345.000000 7436.000000
1066182 27.340091 12.201095 21165.000000 56664.000000 64109.000000 15110.000000 2973.000000 377.000000 2705.000000 35499.000000 7445.000000
1067182 27.715212 12.377186 21207.000000 56749.000000 64223.000000 15097.000000 2893.000000 475.000000 2742.000000 35542.000000 7474.000000
1068182 28.333972 12.654465 21200.000000 56757.000000 64254.000000 14753.000000 3002.000000 634.000000 2811.000000 35557.000000 7497.000000
1069182 28.407705 12.697152 21184.000000 56704.000000 64227.000000 14494.000000 3315.000000 632.000000 2743.000000 35520.000000 7523.000000
1070182 28.952965 12.931961 21167.000000 56699.000000 64213.000000 13981.000000 3879.000000 790.000000 2517.000000 35532.000000 7514.000000
1071182 29.330908 13.072690 21057.000000 56615.000000 64149.000000 13440.000000 4547.000000 852.000000 2218.000000 35558.000000 7534.000000
1072182 29.378551 13.073538 20945.000000 56507.000000 64076.000000 12918.000000 5300.000000 808.000000 1919.000000 35562.000000 7569.000000
1073182 29.452127 13.081804 20909.000000 56472.000000 63982.000000 12379.000000 6015.000000 860.000000 1655.000000 35563.000000 7510.000000
1074182 29.325596 12.979406 20699.000000 56292.000000 63855.000000 11748.000000 6600.000000 725.000000 1626.000000 35593.000000 7563.000000
1075182 29.168594 12.869251 20572.000000 56173.000000 63710.000000 11148.000000 6930.000000 662.000000 1832.000000 35601.000000 7537.000000
1076182 29.330758 12.893893 20399.000000 56038.000000 63596.000000 10481.000000 7049.000000 642.000000 2227.000000 35639.000000 7558.000000
1077182 29.281788 12.832625 20262.000000 55939.000000 63510.000000 9821.000000 7105.000000 579.000000 2757.000000 35677.000000 7571.000000
1078182 28.921604 12.652746 20207.000000 55929.000000 63504.000000 9438.000000 6911.000000 460.000000 3398.000000 35722.000000 7575.000000
1079182 29.073954 12.704531 20146.000000 55932.000000 63560.000000 9272.000000 6451.000000 447.000000 3976.000000 35786.000000 7628.000000
1080182 29.351340 12.827274 20204.000000 56070.000000 63708.000000 9299.000000 5971.000000 534.000000 4400.000000 35866.000000 7638.000000
1081182 29.498462 12.899088 20264.000000 56237.000000 63927.000000 9396.000000 5593.000000 556.000000 4719.000000 35973.000000 7690.000000
1082182 29.507145 12.903226 20375.000000 56484.000000 64170.000000 9652.000000 5291.000000 594.000000 4838.000000 36109.000000 7686.000000
1083182 29.204449 12.779776 20521.000000 56805.000000 64516.000000 10183.000000 5078.000000 534.000000 4726.000000 36284.000000 7711.000000
1084182 29.168721 12.765531 20660.000000 57140.000000 64870.000000 10702.000000 4847.000000 551.000000 4560.000000 36480.000000 7730.000000
1085182 28.466923 12.465896 20856.000000 57528.000000 65242.000000 11566.000000 4536.000000 419.000000 4335.000000 36672.000000 7714.000000
1086182 27.615804 12.109714 21163.000000 58011.000000 65625.000000 12563.000000 4367.000000 333.000000 3900.000000 36848.000000 7614.000000
1087182 26.966795 11.857809 21477.000000 58469.000000 66024.000000 13531.000000 4129.000000 274.000000 3543.000000 36992.000000 7555.000000
1088182 26.638254 11.756120 21771.000000 58900.000000 66459.000000 14449.000000 3768.000000 254.000000 3300.000000 37129.000000 7559.000000
1089182 26.569116 11.737946 21966.000000 59269.000000 66826.000000 15104.000000 3396.000000 287.000000 3179.000000 37303.000000 7557.000000
1090182 26.665993 11.790907 22162.000000 59608.000000 67128.000000 15555.000000 3194.000000 395.000000 3018.000000 37446.000000 7520.000000
1091182 27.091191 11.961758 22176.000000 59736.000000 67256.000000 15507.000000 3085.000000 525.000000 3059.000000 37560.000000 7520.000000
1092182 27.700384 12.223443 22133.000000 59761.000000 67346.000000 15261.000000 3149.000000 647.000000 3076.000000 37628.000000 7585.000000
1093182 27.990591 12.361435 22117.000000 59744.000000 67387.000000 15018.000000 3485.000000 687.000000 2927.000000 37627.000000 7643.000000
1094182 28.622312 12.627116 22024.000000 59722.000000 67458.000000 14642.000000 3945.000000 782.000000 2655.000000 37698.000000 7736.000000
1095182 28.974670 12.763748 21908.000000 59614.000000 67394.000000 14159.000000 4602.000000 822.000000 2325.000000 37706.000000 7780.000000
1096182 29.365240 12.901310 21782.000000 59538.000000 67342.000000 13551.000000 5355.000000 884.000000 1992.000000 37756.000000 7804.000000
1097182 29.656272 12.989908 21573.000000 59385.000000 67283.000000 12915.000000 6057.000000 842.000000 1759.000000 37812.000000 7898.000000
1098182 29.560241 12.915036 21429.000000 59265.000000 67193.000000 12298.000000 6625.000000 750.000000 1756.000000 37836.000000 7928.000000
1099182 29.644336 12.906880 21278.000000 59161.000000 67096.000000 11614.000000 7007.000000 725.000000 1932.000000 37883.000000 7935.000000
1100182 29.579595 12.846543 21126.000000 59018.000000 66983.000000 10983.000000 7161.000000 640.000000 2342.000000 37892.000000 7965.000000
1101182 29.681247 12.856951 20987.000000 58920.000000 66921.000000 10350.000000 7190.000000 603.000000 2844.000000 37933.000000 8001.000000
1102182 29.440642 12.727354 20923.000000 58908.000000 66911.000000 9931.000000 7069.000000 513.000000 3410.000000 37985.000000 8003.000000
