756256 4.340025 0.967500 8917.000000 40000.000000 40000.000000 2457.000000 5082.000000 387.000000 991.000000 31083.000000 0.000000
757256 6.008295 1.338829 8698.000000 39812.000000 40035.000000 1913.000000 5043.000000 313.000000 1429.000000 31114.000000 223.000000
758256 8.097211 1.803397 8453.000000 39615.000000 40091.000000 1554.000000 4745.000000 247.000000 1907.000000 31162.000000 476.000000
759256 9.825620 2.187383 8282.000000 39521.000000 40185.000000 1417.000000 4223.000000 215.000000 2427.000000 31239.000000 664.000000
760256 11.025641 2.451661 8134.000000 39504.000000 40340.000000 1486.000000 3643.000000 153.000000 2852.000000 31370.000000 836.000000
761256 11.668702 2.592821 8061.000000 39589.000000 40535.000000 1734.000000 2932.000000 105.000000 3290.000000 31528.000000 946.000000
762256 11.468702 2.541604 8054.000000 39813.000000 40801.000000 2239.000000 2193.000000 49.000000 3573.000000 31759.000000 988.000000
763256 11.419753 2.520375 8077.000000 40110.000000 41105.000000 2838.000000 1511.000000 41.000000 3687.000000 32033.000000 995.000000
764256 11.260670 2.480415 8127.000000 40474.000000 41485.000000 3590.000000 1037.000000 18.000000 3482.000000 32347.000000 1011.000000
765256 11.066420 2.431509 8193.000000 40861.000000 41867.000000 4364.000000 709.000000 12.000000 3108.000000 32668.000000 1006.000000
766256 10.956540 2.402118 8266.000000 41289.000000 42296.000000 5218.000000 500.000000 9.000000 2539.000000 33023.000000 1007.000000
767256 11.087329 2.425207 8327.000000 41701.000000 42718.000000 6033.000000 350.000000 19.000000 1925.000000 33374.000000 1017.000000
768256 11.357577 2.471686 8350.000000 42061.000000 43088.000000 6717.000000 240.000000 38.000000 1355.000000 33711.000000 1027.000000
769256 11.870005 2.570552 8335.000000 42287.000000 43337.000000 7107.000000 217.000000 64.000000 947.000000 33952.000000 1050.000000
770256 12.974348 2.812177 8342.000000 42433.000000 43525.000000 7263.000000 276.000000 132.000000 671.000000 34091.000000 1092.000000
771256 14.311403 3.099727 8281.000000 42476.000000 43649.000000 7201.000000 424.000000 180.000000 476.000000 34195.000000 1173.000000
772256 15.356992 3.324492 8198.000000 42466.000000 43736.000000 7002.000000 679.000000 184.000000 333.000000 34268.000000 1270.000000
773256 17.368810 3.754936 8109.000000 42447.000000 43809.000000 6606.000000 1019.000000 283.000000 201.000000 34338.000000 1362.000000
774256 19.103848 4.131515 8011.000000 42384.000000 43858.000000 6105.000000 1440.000000 338.000000 128.000000 34373.000000 1474.000000
775256 20.943237 4.523701 7880.000000 42282.000000 43880.000000 5416.000000 1976.000000 387.000000 101.000000 34402.000000 1598.000000
776256 22.520051 4.861491 7774.000000 42194.000000 43896.000000 4679.000000 2552.000000 432.000000 111.000000 34420.000000 1702.000000
777256 24.338010 5.254287 7653.000000 42081.000000 43907.000000 3846.000000 3155.000000 481.000000 171.000000 34428.000000 1826.000000
778256 25.274262 5.456243 7553.000000 41986.000000 43913.000000 2966.000000 3791.000000 469.000000 327.000000 34433.000000 1927.000000
779256 25.735372 5.557453 7462.000000 41900.000000 43923.000000 2170.000000 4346.000000 418.000000 528.000000 34438.000000 2023.000000
780256 24.859714 5.349616 7397.000000 41843.000000 43891.000000 1596.000000 4697.000000 300.000000 804.000000 34446.000000 2048.000000
781256 25.434084 5.419169 7195.000000 41654.000000 43789.000000 1186.000000 4590.000000 238.000000 1181.000000 34459.000000 2135.000000
782256 24.606987 5.166052 7052.000000 41523.000000 43631.000000 1031.000000 4274.000000 146.000000 1601.000000 34471.000000 2108.000000
783256 23.753440 4.951018 7026.000000 41528.000000 43587.000000 1099.000000 3797.000000 99.000000 2031.000000 34502.000000 2059.000000
784256 22.869069 4.771946 7101.000000 41627.000000 43630.000000 1330.000000 3214.000000 79.000000 2478.000000 34526.000000 2003.000000
785256 21.988673 4.615279 7226.000000 41790.000000 43746.000000 1719.000000 2526.000000 63.000000 2918.000000 34564.000000 1956.000000
786256 20.774083 4.416612 7441.000000 42081.000000 43993.000000 2401.000000 1743.000000 31.000000 3266.000000 34640.000000 1912.000000
787256 19.538542 4.205133 7695.000000 42463.000000 44303.000000 3177.000000 1072.000000 23.000000 3423.000000 34768.000000 1840.000000
788256 18.440810 4.014239 7943.000000 42886.000000 44666.000000 4042.000000 686.000000 13.000000 3202.000000 34943.000000 1780.000000
789256 17.626845 3.869107 8158.000000 43339.000000 45075.000000 4963.000000 439.000000 8.000000 2748.000000 35181.000000 1736.000000
790256 17.113994 3.796050 8385.000000 43809.000000 45521.000000 5879.000000 304.000000 16.000000 2186.000000 35424.000000 1712.000000
791256 16.737864 3.748315 8595.000000 44289.000000 45994.000000 6838.000000 225.000000 19.000000 1513.000000 35694.000000 1705.000000
792256 16.712826 3.771877 8769.000000 44694.000000 46396.000000 7609.000000 172.000000 48.000000 940.000000 35925.000000 1702.000000
793256 16.875475 3.815451 8833.000000 44897.000000 46600.000000 7945.000000 200.000000 75.000000 613.000000 36064.000000 1703.000000
794256 17.585227 3.975935 8858.000000 45004.000000 46706.000000 7990.000000 306.000000 155.000000 407.000000 36146.000000 1702.000000
795256 18.086115 4.081240 8846.000000 45028.000000 46726.000000 7827.000000 528.000000 209.000000 282.000000 36182.000000 1698.000000
796256 18.846668 4.227705 8789.000000 45007.000000 46692.000000 7465.000000 836.000000 289.000000 199.000000 36218.000000 1685.000000
797256 20.069071 4.483017 8713.000000 44954.000000 46665.000000 6910.000000 1301.000000 381.000000 121.000000 36241.000000 1711.000000
798256 20.865189 4.628000 8575.000000 44828.000000 46586.000000 6219.000000 1866.000000 398.000000 92.000000 36253.000000 1758.000000
799256 21.357988 4.696644 8462.000000 44721.000000 46480.000000 5444.000000 2508.000000 424.000000 86.000000 36259.000000 1759.000000
800256 22.642998 4.948169 8350.000000 44611.000000 46401.000000 4573.000000 3150.000000 506.000000 121.000000 36261.000000 1790.000000
801256 22.586104 4.900013 8235.000000 44495.000000 46306.000000 3749.000000 3830.000000 458.000000 198.000000 36260.000000 1811.000000
802256 23.867403 5.141077 8138.000000 44399.000000 46216.000000 2726.000000 4466.000000 559.000000 387.000000 36261.000000 1817.000000
803256 23.836503 5.106088 8019.000000 44276.000000 46141.000000 1816.000000 5039.000000 491.000000 673.000000 36257.000000 1865.000000
804256 21.902340 4.671397 7952.000000 44211.000000 46089.000000 1298.000000 5328.000000 275.000000 1051.000000 36259.000000 1878.000000
805256 22.458410 4.754141 7744.000000 44008.000000 46002.000000 1023.000000 4995.000000 193.000000 1533.000000 36264.000000 1994.000000
806256 22.661833 4.763356 7608.000000 43887.000000 45934.000000 906.000000 4519.000000 141.000000 2042.000000 36279.000000 2047.000000
807256 22.082862 4.669159 7661.000000 43938.000000 46004.000000 1138.000000 3888.000000 82.000000 2553.000000 36277.000000 2066.000000
808256 21.649485 4.637468 7831.000000 44126.000000 46189.000000 1578.000000 3179.000000 79.000000 2995.000000 36295.000000 2063.000000
809256 20.681458 4.495253 8052.000000 44405.000000 46449.000000 2248.000000 2426.000000 44.000000 3334.000000 36353.000000 2044.000000
810256 19.630597 4.337700 8339.000000 44797.000000 46799.000000 3118.000000 1566.000000 28.000000 3627.000000 36458.000000 2002.000000
811256 18.698650 4.195537 8632.000000 45236.000000 47193.000000 4062.000000 798.000000 23.000000 3749.000000 36604.000000 1957.000000
812256 17.618872 4.012423 8960.000000 45760.000000 47652.000000 5111.000000 493.000000 20.000000 3336.000000 36800.000000 1892.000000
813256 16.686177 3.848950 9254.000000 46292.000000 48143.000000 6198.000000 340.000000 2.000000 2714.000000 37038.000000 1851.000000
814256 16.294859 3.800983 9516.000000 46794.000000 48619.000000 7165.000000 249.000000 23.000000 2079.000000 37278.000000 1825.000000
815256 15.847231 3.734017 9759.000000 47302.000000 49116.000000 8159.000000 222.000000 20.000000 1358.000000 37543.000000 1814.000000
816256 15.909670 3.781580 9962.000000 47739.000000 49556.000000 8965.000000 198.000000 57.000000 742.000000 37777.000000 1817.000000
817256 16.258578 3.859226 9987.000000 47909.000000 49725.000000 9177.000000 283.000000 103.000000 424.000000 37922.000000 1816.000000
818256 17.288768 4.095412 9955.000000 47930.000000 49763.000000 9001.000000 447.000000 205.000000 302.000000 37975.000000 1833.000000
819256 18.609999 4.391607 9903.000000 47916.000000 49754.000000 8574.000000 772.000000 347.000000 210.000000 38013.000000 1838.000000
820256 19.236367 4.520035 9794.000000 47825.000000 49712.000000 7992.000000 1270.000000 360.000000 172.000000 38031.000000 1887.000000
821256 20.648052 4.825489 9703.000000 47752.000000 49653.000000 7207.000000 1889.000000 495.000000 112.000000 38049.000000 1901.000000
822256 21.066365 4.888091 9554.000000 47606.000000 49549.000000 6388.000000 2579.000000 479.000000 108.000000 38052.000000 1943.000000
823256 22.486610 5.179597 9387.000000 47442.000000 49444.000000 5416.000000 3286.000000 559.000000 126.000000 38055.000000 2002.000000
824256 23.106968 5.277564 9196.000000 47253.000000 49322.000000 4431.000000 4051.000000 534.000000 180.000000 38057.000000 2069.000000
825256 23.702112 5.378725 9059.000000 47118.000000 49231.000000 3499.000000 4703.000000 535.000000 322.000000 38059.000000 2113.000000
826256 24.461275 5.519725 8949.000000 47009.000000 49151.000000 2464.000000 5339.000000 571.000000 575.000000 38060.000000 2142.000000
827256 24.391352 5.471775 8846.000000 46908.000000 49070.000000 1500.000000 5827.000000 523.000000 996.000000 38062.000000 2162.000000
828256 22.125833 4.943183 8774.000000 46840.000000 49017.000000 1032.000000 5966.000000 246.000000 1530.000000 38066.000000 2177.000000
829256 21.830921 4.840160 8603.000000 46680.000000 48924.000000 924.000000 5414.000000 124.000000 2141.000000 38077.000000 2244.000000
830256 21.226983 4.691111 8595.000000 46689.000000 48901.000000 1063.000000 4735.000000 82.000000 2715.000000 38094.000000 2212.000000
831256 20.424867 4.532283 8709.000000 46839.000000 49004.000000 1443.000000 3980.000000 56.000000 3230.000000 38130.000000 2165.000000
832256 19.853672 4.460680 8948.000000 47152.000000 49275.000000 2099.000000 3188.000000 75.000000 3586.000000 38204.000000 2123.000000
833256 18.796992 4.281426 9211.000000 47539.000000 49633.000000 3007.000000 2353.000000 31.000000 3820.000000 38328.000000 2094.000000
834256 17.863352 4.106633 9467.000000 48004.000000 50041.000000 4022.000000 1465.000000 18.000000 3962.000000 38537.000000 2037.000000
835256 17.108187 3.965691 9717.000000 48498.000000 50483.000000 5056.000000 671.000000 17.000000 3973.000000 38781.000000 1985.000000
836256 16.349619 3.828793 10006.000000 49029.000000 50956.000000 6132.000000 398.000000 24.000000 3452.000000 39023.000000 1927.000000
837256 15.707838 3.718743 10282.000000 49566.000000 51469.000000 7214.000000 330.000000 11.000000 2727.000000 39284.000000 1903.000000
838256 15.551596 3.696644 10453.000000 50046.000000 51939.000000 8143.000000 287.000000 27.000000 1996.000000 39593.000000 1893.000000
839256 15.421342 3.695018 10666.000000 50548.000000 52449.000000 9114.000000 268.000000 37.000000 1247.000000 39882.000000 1901.000000
840256 15.610255 3.754563 10813.000000 50966.000000 52869.000000 9851.000000 271.000000 82.000000 609.000000 40153.000000 1903.000000
841256 16.415686 3.947939 10838.000000 51103.000000 53015.000000 9929.000000 387.000000 181.000000 341.000000 40265.000000 1912.000000
842256 17.137018 4.112276 10814.000000 51105.000000 53012.000000 9594.000000 678.000000 273.000000 269.000000 40291.000000 1907.000000
843256 18.187564 4.345938 10755.000000 51067.000000 52969.000000 8994.000000 1148.000000 400.000000 213.000000 40312.000000 1902.000000
844256 19.493550 4.628562 10619.000000 50950.000000 52889.000000 8149.000000 1782.000000 509.000000 179.000000 40331.000000 1939.000000
845256 20.189756 4.757033 10431.000000 50779.000000 52785.000000 7267.000000 2516.000000 505.000000 143.000000 40348.000000 2006.000000
846256 20.939685 4.892037 10243.000000 50598.000000 52657.000000 6358.000000 3219.000000 517.000000 149.000000 40355.000000 2059.000000
847256 21.927731 5.073416 10061.000000 50421.000000 52509.000000 5356.000000 3949.000000 576.000000 180.000000 40360.000000 2088.000000
848256 22.505626 5.156805 9877.000000 50238.000000 52358.000000 4309.000000 4719.000000 580.000000 269.000000 40361.000000 2120.000000
849256 22.458270 5.100517 9711.000000 50079.000000 52230.000000 3358.000000 5347.000000 513.000000 493.000000 40368.000000 2151.000000
850256 23.615235 5.337935 9580.000000 49946.000000 52155.000000 2298.000000 5839.000000 575.000000 868.000000 40366.000000 2209.000000
851256 23.592722 5.303583 9468.000000 49839.000000 52078.000000 1389.000000 6160.000000 523.000000 1396.000000 40371.000000 2239.000000
852256 21.459779 4.813050 9411.000000 49784.000000 52046.000000 1012.000000 6084.000000 243.000000 2072.000000 40373.000000 2262.000000
853256 20.852307 4.665872 9305.000000 49682.000000 52016.000000 1055.000000 5420.000000 93.000000 2737.000000 40377.000000 2334.000000
854256 20.362610 4.570145 9374.000000 49780.000000 52099.000000 1351.000000 4728.000000 62.000000 3233.000000 40406.000000 2319.000000
855256 19.631437 4.457394 9604.000000 50060.000000 52340.000000 1978.000000 3927.000000 53.000000 3646.000000 40456.000000 2280.000000
856256 18.955162 4.370921 9905.000000 50462.000000 52712.000000 2880.000000 3054.000000 54.000000 3917.000000 40557.000000 2250.000000
857256 17.909846 4.178032 10212.000000 50970.000000 53159.000000 3994.000000 2194.000000 32.000000 3992.000000 40758.000000 2189.000000
858256 17.094963 4.030424 10506.000000 51501.000000 53642.000000 5146.000000 1321.000000 21.000000 4018.000000 40995.000000 2141.000000
859256 16.592488 3.930454 10702.000000 51960.000000 54065.000000 6090.000000 637.000000 20.000000 3955.000000 41258.000000 2105.000000
860256 16.073073 3.837695 10957.000000 52493.000000 54564.000000 7144.000000 395.000000 23.000000 3395.000000 41536.000000 2071.000000
861256 15.756796 3.779170 11160.000000 53018.000000 55065.000000 8167.000000 346.000000 34.000000 2613.000000 41858.000000 2047.000000
862256 15.619376 3.751193 11299.000000 53492.000000 55529.000000 9057.000000 323.000000 46.000000 1873.000000 42193.000000 2037.000000
863256 15.684530 3.779921 11458.000000 53947.000000 55980.000000 9876.000000 353.000000 83.000000 1146.000000 42489.000000 2033.000000
864256 15.777892 3.816875 11605.000000 54327.000000 56355.000000 10471.000000 427.000000 123.000000 584.000000 42722.000000 2028.000000
865256 16.659354 4.032287 11648.000000 54468.000000 56494.000000 10402.000000 659.000000 252.000000 335.000000 42820.000000 2026.000000
866256 17.742882 4.280934 11560.000000 54415.000000 56483.000000 9857.000000 1081.000000 350.000000 272.000000 42855.000000 2068.000000
867256 19.488204 4.671572 11433.000000 54317.000000 56405.000000 9026.000000 1639.000000 547.000000 221.000000 42884.000000 2088.000000
868256 20.477256 4.876836 11244.000000 54141.000000 56307.000000 8024.000000 2436.000000 580.000000 204.000000 42897.000000 2166.000000
869256 21.261506 5.017270 11013.000000 53925.000000 56166.000000 7043.000000 3208.000000 577.000000 185.000000 42912.000000 2241.000000
870256 21.460245 5.012590 10805.000000 53724.000000 55999.000000 6175.000000 3892.000000 532.000000 206.000000 42919.000000 2275.000000
871256 22.023533 5.095188 10611.000000 53530.000000 55837.000000 5210.000000 4559.000000 538.000000 304.000000 42919.000000 2307.000000
872256 22.833843 5.230073 10413.000000 53338.000000 55678.000000 4164.000000 5214.000000 572.000000 463.000000 42925.000000 2340.000000
873256 22.891375 5.194642 10245.000000 53180.000000 55538.000000 3228.000000 5688.000000 527.000000 802.000000 42935.000000 2358.000000
874256 23.308271 5.256512 10135.000000 53069.000000 55436.000000 2287.000000 6037.000000 547.000000 1264.000000 42934.000000 2367.000000
875256 23.115255 5.193492 10051.000000 52986.000000 55377.000000 1498.000000 6117.000000 485.000000 1951.000000 42935.000000 2391.000000
876256 21.009418 4.713489 10038.000000 52988.000000 55373.000000 1207.000000 5952.000000 225.000000 2654.000000 42950.000000 2385.000000
877256 20.467507 4.597784 9986.000000 52955.000000 55418.000000 1385.000000 5272.000000 85.000000 3244.000000 42969.000000 2463.000000
878256 19.866231 4.487249 10118.000000 53161.000000 55602.000000 1900.000000 4554.000000 54.000000 3610.000000 43043.000000 2441.000000
879256 19.338701 4.423545 10369.000000 53504.000000 55928.000000 2680.000000 3764.000000 50.000000 3875.000000 43135.000000 2424.000000
880256 18.686020 4.337264 10705.000000 54010.000000 56395.000000 3746.000000 2947.000000 61.000000 3951.000000 43305.000000 2385.000000
881256 17.737347 4.163371 11030.000000 54575.000000 56901.000000 4947.000000 2115.000000 43.000000 3925.000000 43545.000000 2326.000000
882256 17.051746 4.027056 11260.000000 55075.000000 57362.000000 6030.000000 1306.000000 23.000000 3901.000000 43815.000000 2287.000000
883256 16.520979 3.923400 11480.000000 55559.000000 57807.000000 6999.000000 665.000000 20.000000 3796.000000 44079.000000 2248.000000
884256 16.201678 3.875384 11716.000000 56064.000000 58291.000000 7997.000000 415.000000 32.000000 3272.000000 44348.000000 2227.000000
885256 16.168469 3.892216 11925.000000 56558.000000 58784.000000 8922.000000 392.000000 62.000000 2549.000000 44633.000000 2226.000000
886256 16.123391 3.890427 12058.000000 57010.000000 59248.000000 9767.000000 419.000000 67.000000 1805.000000 44952.000000 2238.000000
887256 16.386091 3.978158 12253.000000 57460.000000 59701.000000 10499.000000 479.000000 134.000000 1141.000000 45207.000000 2241.000000
888256 16.910558 4.117686 12360.000000 57794.000000 60058.000000 10917.000000 640.000000 209.000000 594.000000 45434.000000 2264.000000
889256 17.722644 4.308526 12338.000000 57890.000000 60183.000000 10722.000000 983.000000 300.000000 333.000000 45552.000000 2293.000000
890256 19.040748 4.607889 12243.000000 57826.000000 60136.000000 10000.000000 1497.000000 461.000000 285.000000 45583.000000 2310.000000
891256 20.379738 4.899217 12060.000000 57659.000000 60030.000000 9026.000000 2202.000000 570.000000 262.000000 45599.000000 2371.000000
892256 21.534688 5.131673 11835.000000 57448.000000 59883.000000 7945.000000 3012.000000 638.000000 240.000000 45613.000000 2435.000000
893256 21.756132 5.126916 11579.000000 57199.000000 59685.000000 6969.000000 3781.000000 574.000000 255.000000 45620.000000 2486.000000
894256 21.483671 5.008908 11374.000000 56997.000000 59494.000000 6159.000000 4437.000000 483.000000 295.000000 45623.000000 2497.000000
895256 22.256276 5.140392 11197.000000 56827.000000 59334.000000 5215.000000 4986.000000 543.000000 453.000000 45630.000000 2507.000000
896256 22.802482 5.217083 11015.000000 56648.000000 59171.000000 4244.000000 5480.000000 564.000000 727.000000 45633.000000 2523.000000
897256 23.080367 5.238821 10853.000000 56492.000000 59040.000000 3300.000000 5846.000000 545.000000 1162.000000 45639.000000 2548.000000
898256 23.293535 5.260659 10733.000000 56382.000000 58966.000000 2435.000000 6047.000000 518.000000 1733.000000 45649.000000 2584.000000
899256 23.297680 5.247977 10679.000000 56340.000000 58937.000000 1680.000000 6095.000000 496.000000 2408.000000 45661.000000 2597.000000
900256 21.601140 4.878255 10678.000000 56367.000000 59017.000000 1513.000000 5857.000000 229.000000 3079.000000 45689.000000 2650.000000
901256 20.878711 4.732917 10678.000000 56411.000000 59139.000000 1881.000000 5144.000000 71.000000 3582.000000 45733.000000 2728.000000
902256 20.136845 4.607201 10904.000000 56719.000000 59407.000000 2620.000000 4487.000000 49.000000 3748.000000 45815.000000 2688.000000
903256 19.690394 4.552677 11176.000000 57141.000000 59789.000000 3545.000000 3672.000000 74.000000 3885.000000 45965.000000 2648.000000
904256 19.059793 4.454328 11462.000000 57636.000000 60256.000000 4625.000000 2855.000000 64.000000 3918.000000 46174.000000 2620.000000
905256 18.303852 4.309465 11728.000000 58175.000000 60750.000000 5774.000000 2088.000000 43.000000 3823.000000 46447.000000 2575.000000
906256 17.636526 4.182454 11996.000000 58707.000000 61232.000000 6840.000000 1313.000000 36.000000 3807.000000 46711.000000 2525.000000
907256 17.287813 4.123076 12202.000000 59151.000000 61653.000000 7730.000000 714.000000 40.000000 3718.000000 46949.000000 2502.000000
908256 17.050040 4.081666 12378.000000 59617.000000 62107.000000 8633.000000 501.000000 45.000000 3199.000000 47239.000000 2490.000000
909256 16.967077 4.077099 12559.000000 60093.000000 62569.000000 9489.000000 505.000000 75.000000 2490.000000 47534.000000 2476.000000
910256 16.923077 4.084482 12725.000000 60534.000000 63019.000000 10285.000000 570.000000 89.000000 1781.000000 47809.000000 2485.000000
911256 17.444510 4.223798 12876.000000 60963.000000 63450.000000 10868.000000 718.000000 193.000000 1097.000000 48087.000000 2487.000000
912256 18.237652 4.423849 12972.000000 61272.000000 63768.000000 11113.000000 960.000000 325.000000 574.000000 48300.000000 2496.000000
913256 19.200414 4.648103 12927.000000 61323.000000 63854.000000 10707.000000 1411.000000 437.000000 372.000000 48396.000000 2531.000000
914256 20.200182 4.871244 12797.000000 61214.000000 63803.000000 9882.000000 2057.000000 519.000000 339.000000 48417.000000 2589.000000
915256 21.127780 5.046203 12571.000000 61005.000000 63632.000000 8833.000000 2818.000000 584.000000 336.000000 48434.000000 2627.000000
916256 22.145997 5.239604 12324.000000 60769.000000 63459.000000 7751.000000 3588.000000 635.000000 350.000000 48445.000000 2690.000000
917256 21.701811 5.076519 12091.000000 60547.000000 63252.000000 6885.000000 4323.000000 506.000000 377.000000 48456.000000 2705.000000
918256 21.463816 4.966541 11939.000000 60409.000000 63062.000000 6107.000000 4888.000000 479.000000 465.000000 48470.000000 2653.000000
919256 22.150538 5.076473 11768.000000 60251.000000 62898.000000 5219.000000 5319.000000 546.000000 684.000000 48483.000000 2647.000000
920256 22.408355 5.095146 11610.000000 60089.000000 62746.000000 4342.000000 5666.000000 540.000000 1062.000000 48479.000000 2657.000000
921256 22.707671 5.128123 11476.000000 59966.000000 62635.000000 3463.000000 5858.000000 543.000000 1612.000000 48490.000000 2669.000000
922256 22.836829 5.133779 11411.000000 59912.000000 62566.000000 2604.000000 6041.000000 558.000000 2208.000000 48501.000000 2654.000000
923256 22.608387 5.081957 11375.000000 59899.000000 62594.000000 2011.000000 6009.000000 486.000000 2869.000000 48524.000000 2695.000000
924256 20.623535 4.633722 11399.000000 59989.000000 62671.000000 1958.000000 5749.000000 222.000000 3470.000000 48590.000000 2682.000000
925256 19.787936 4.480697 11514.000000 60165.000000 62892.000000 2581.000000 5072.000000 91.000000 3770.000000 48651.000000 2727.000000
926256 18.934217 4.336348 11788.000000 60557.000000 63256.000000 3544.000000 4375.000000 44.000000 3825.000000 48769.000000 2699.000000
927256 18.446602 4.266445 12073.000000 61027.000000 63683.000000 4529.000000 3620.000000 61.000000 3863.000000 48954.000000 2656.000000
928256 17.802652 4.162772 12401.000000 61580.000000 64188.000000 5674.000000 2858.000000 64.000000 3805.000000 49179.000000 2608.000000
929256 17.183302 4.051486 12708.000000 62166.000000 64717.000000 6811.000000 2095.000000 71.000000 3731.000000 49458.000000 2551.000000
930256 16.715126 3.969192 12943.000000 62643.000000 65177.000000 7787.000000 1357.000000 53.000000 3746.000000 49700.000000 2534.000000
931256 16.481411 3.932807 13134.000000 63082.000000 65602.000000 8615.000000 811.000000 60.000000 3648.000000 49948.000000 2520.000000
932256 16.359724 3.914769 13290.000000 63521.000000 66032.000000 9418.000000 652.000000 74.000000 3146.000000 50231.000000 2511.000000
933256 16.433545 3.942162 13430.000000 63948.000000 66461.000000 10165.000000 693.000000 107.000000 2465.000000 50518.000000 2513.000000
934256 16.516554 3.974411 13593.000000 64397.000000 66903.000000 10852.000000 831.000000 153.000000 1757.000000 50804.000000 2506.000000
935256 16.884552 4.085360 13770.000000 64815.000000 67338.000000 11405.000000 1027.000000 228.000000 1110.000000 51045.000000 2523.000000
936256 17.890439 4.339600 13852.000000 65097.000000 67656.000000 11439.000000 1423.000000 377.000000 613.000000 51245.000000 2559.000000
937256 19.190313 4.635977 13760.000000 65096.000000 67688.000000 10851.000000 1926.000000 546.000000 437.000000 51336.000000 2592.000000
938256 19.845869 4.763103 13548.000000 64910.000000 67582.000000 9908.000000 2654.000000 547.000000 439.000000 51362.000000 2672.000000
939256 20.819283 4.946955 13313.000000 64694.000000 67395.000000 8834.000000 3392.000000 633.000000 454.000000 51381.000000 2701.000000
940256 21.443468 5.048356 13043.000000 64430.000000 67210.000000 7787.000000 4161.000000 613.000000 482.000000 51387.000000 2780.000000
941256 21.388836 4.989335 12808.000000 64212.000000 67043.000000 6958.000000 4794.000000 514.000000 542.000000 51404.000000 2831.000000
942256 21.731551 5.030563 12601.000000 64023.000000 66911.000000 6138.000000 5283.000000 478.000000 702.000000 51422.000000 2888.000000
943256 21.933255 5.038707 12442.000000 63883.000000 66783.000000 5386.000000 5604.000000 465.000000 987.000000 51441.000000 2900.000000
944256 22.511677 5.133667 12322.000000 63779.000000 66658.000000 4594.000000 5718.000000 543.000000 1467.000000 51457.000000 2879.000000
945256 22.840323 5.185463 12203.000000 63675.000000 66590.000000 3775.000000 5815.000000 538.000000 2075.000000 51472.000000 2915.000000
946256 23.221272 5.259443 12135.000000 63639.000000 66585.000000 2986.000000 5895.000000 556.000000 2698.000000 51504.000000 2946.000000
947256 22.737497 5.155552 12137.000000 63687.000000 66666.000000 2496.000000 5872.000000 458.000000 3311.000000 51550.000000 2979.000000
948256 21.050556 4.790688 12241.000000 63868.000000 66838.000000 2651.000000 5603.000000 232.000000 3755.000000 51627.000000 2970.000000
949256 20.211936 4.631450 12366.000000 64112.000000 67128.000000 3427.000000 4962.000000 93.000000 3884.000000 51746.000000 3016.000000
950256 19.391465 4.499171 12710.000000 64601.000000 67568.000000 4525.000000 4243.000000 73.000000 3869.000000 51891.000000 2967.000000
951256 18.933166 4.433244 13004.000000 65123.000000 68054.000000 5585.000000 3575.000000 86.000000 3758.000000 52119.000000 2931.000000
952256 18.303682 4.321762 13304.000000 65676.000000 68560.000000 6687.000000 2914.000000 79.000000 3624.000000 52372.000000 2884.000000
953256 17.949816 4.249862 13473.000000 66147.000000 69014.000000 7623.000000 2177.000000 66.000000 3607.000000 52674.000000 2867.000000
954256 17.747420 4.210238 13610.000000 66566.000000 69426.000000 8439.000000 1482.000000 63.000000 3626.000000 52956.000000 2860.000000
955256 17.643519 4.199370 13767.000000 66969.000000 69820.000000 9173.000000 977.000000 81.000000 3536.000000 53202.000000 2851.000000
956256 17.691986 4.222744 13899.000000 67355.000000 70215.000000 9843.000000 827.000000 105.000000 3124.000000 53456.000000 2860.000000
957256 17.860107 4.267282 14003.000000 67740.000000 70607.000000 10428.000000 919.000000 146.000000 2510.000000 53737.000000 2867.000000
958256 18.315492 4.384063 14113.000000 68141.000000 71030.000000 10981.000000 1074.000000 225.000000 1833.000000 54028.000000 2889.000000
959256 18.904862 4.529988 14214.000000 68515.000000 71413.000000 11317.000000 1345.000000 337.000000 1215.000000 54301.000000 2898.000000
960256 19.885901 4.766290 14238.000000 68730.000000 71670.000000 11183.000000 1828.000000 476.000000 751.000000 54492.000000 2940.000000
961256 21.042798 5.025868 14117.000000 68699.000000 71709.000000 10491.000000 2480.000000 594.000000 552.000000 54582.000000 3010.000000
962256 21.832773 5.170631 13840.000000 68451.000000 71558.000000 9525.000000 3180.000000 593.000000 542.000000 54611.000000 3107.000000
963256 22.591064 5.293030 13564.000000 68203.000000 71358.000000 8491.000000 3871.000000 622.000000 580.000000 54639.000000 3155.000000
964256 22.607431 5.242151 13293.000000 67948.000000 71154.000000 7670.000000 4465.000000 524.000000 634.000000 54655.000000 3206.000000
965256 22.368421 5.127627 13102.000000 67787.000000 70949.000000 6914.000000 4992.000000 476.000000 720.000000 54685.000000 3162.000000
966256 22.680732 5.161336 12959.000000 67659.000000 70815.000000 6209.000000 5316.000000 499.000000 935.000000 54700.000000 3156.000000
967256 22.586897 5.109747 12843.000000 67555.000000 70708.000000 5572.000000 5510.000000 460.000000 1301.000000 54712.000000 3153.000000
968256 22.566204 5.069118 12750.000000 67494.000000 70604.000000 4861.000000 5538.000000 469.000000 1882.000000 54744.000000 3110.000000
969256 22.854070 5.118579 12704.000000 67481.000000 70586.000000 4178.000000 5544.000000 508.000000 2474.000000 54777.000000 3105.000000
970256 22.984280 5.137142 12669.000000 67477.000000 70584.000000 3517.000000 5572.000000 519.000000 3061.000000 54808.000000 3107.000000
971256 22.752490 5.103152 12742.000000 67601.000000 70721.000000 3188.000000 5576.000000 489.000000 3489.000000 54859.000000 3120.000000
972256 21.156012 4.766536 12868.000000 67835.000000 70953.000000 3382.000000 5472.000000 264.000000 3750.000000 54967.000000 3118.000000
973256 20.178902 4.584957 13045.000000 68177.000000 71342.000000 4331.000000 4888.000000 106.000000 3720.000000 55132.000000 3165.000000
974256 19.405977 4.451163 13339.000000 68654.000000 71779.000000 5365.000000 4274.000000 70.000000 3630.000000 55315.000000 3125.000000
975256 19.131890 4.428269 13639.000000 69176.000000 72263.000000 6386.000000 3650.000000 113.000000 3490.000000 55537.000000 3087.000000
976256 18.844787 4.375817 13799.000000 69614.000000 72695.000000 7259.000000 2996.000000 100.000000 3444.000000 55815.000000 3081.000000
977256 18.518736 4.313033 13976.000000 70054.000000 73104.000000 8067.000000 2361.000000 103.000000 3445.000000 56078.000000 3050.000000
978256 18.268504 4.274830 14164.000000 70465.000000 73500.000000 8828.000000 1704.000000 107.000000 3525.000000 56301.000000 3035.000000
979256 18.263732 4.280377 14269.000000 70828.000000 73872.000000 9471.000000 1214.000000 118.000000 3466.000000 56559.000000 3044.000000
980256 18.216167 4.285118 14418.000000 71207.000000 74257.000000 10101.000000 1071.000000 132.000000 3114.000000 56789.000000 3050.000000
981256 18.543122 4.375025 14560.000000 71598.000000 74651.000000 10642.000000 1161.000000 213.000000 2544.000000 57038.000000 3053.000000
982256 18.976582 4.492211 14682.000000 71959.000000 75041.000000 11025.000000 1408.000000 289.000000 1960.000000 57277.000000 3082.000000
983256 19.534962 4.634111 14800.000000 72328.000000 75419.000000 11280.000000 1767.000000 404.000000 1349.000000 57528.000000 3091.000000
984256 20.618097 4.885916 14816.000000 72536.000000 75646.000000 11023.000000 2308.000000 586.000000 899.000000 57720.000000 3110.000000
985256 21.248318 5.008063 14647.000000 72473.000000 75658.000000 10343.000000 3000.000000 604.000000 700.000000 57826.000000 3185.000000
986256 21.695166 5.060624 14419.000000 72281.000000 75465.000000 9429.000000 3660.000000 635.000000 695.000000 57862.000000 3184.000000
987256 21.762673 5.019864 14099.000000 72000.000000 75261.000000 8578.000000 4275.000000 517.000000 729.000000 57901.000000 3261.000000
988256 21.775652 4.973288 13876.000000 71794.000000 75061.000000 7913.000000 4688.000000 466.000000 809.000000 57918.000000 3267.000000
989256 21.944330 4.976578 13766.000000 71704.000000 74931.000000 7248.000000 5068.000000 502.000000 948.000000 57938.000000 3227.000000
990256 21.663901 4.885219 13615.000000 71577.000000 74838.000000 6685.000000 5284.000000 395.000000 1251.000000 57962.000000 3261.000000
991256 22.220238 4.991976 13530.000000 71510.000000 74780.000000 6079.000000 5328.000000 463.000000 1660.000000 57980.000000 3270.000000
992256 22.908939 5.123436 13407.000000 71428.000000 74735.000000 5378.000000 5229.000000 522.000000 2278.000000 58021.000000 3307.000000
993256 23.230991 5.183094 13326.000000 71393.000000 74743.000000 4726.000000 5180.000000 524.000000 2896.000000 58067.000000 3350.000000
994256 23.562564 5.253449 13299.000000 71428.000000 74808.000000 4099.000000 5261.000000 550.000000 3389.000000 58129.000000 3380.000000
995256 23.074629 5.157608 13373.000000 71606.000000 74996.000000 3898.000000 5411.000000 478.000000 3586.000000 58233.000000 3390.000000
996256 21.400732 4.812749 13588.000000 71954.000000 75300.000000 4293.000000 5393.000000 278.000000 3624.000000 58366.000000 3346.000000
997256 20.320793 4.602195 13785.000000 72343.000000 75703.000000 5258.000000 4863.000000 124.000000 3540.000000 58558.000000 3360.000000
998256 19.756786 4.500755 14016.000000 72830.000000 76165.000000 6290.000000 4325.000000 93.000000 3308.000000 58814.000000 3335.000000
999256 19.442067 4.449435 14249.000000 73314.000000 76594.000000 7167.000000 3786.000000 128.000000 3168.000000 59065.000000 3280.000000
1000256 19.108676 4.395048 14446.000000 73715.000000 76973.000000 7874.000000 3249.000000 125.000000 3198.000000 59269.000000 3258.000000
1001256 18.953919 4.372284 14597.000000 74087.000000 77328.000000 8478.000000 2643.000000 140.000000 3336.000000 59490.000000 3241.000000
1002256 18.836950 4.356780 14719.000000 74444.000000 77695.000000 9107.000000 2035.000000 134.000000 3443.000000 59725.000000 3251.000000
1003256 18.797784 4.349442 14796.000000 74756.000000 78010.000000 9623.000000 1525.000000 139.000000 3509.000000 59960.000000 3254.000000
1004256 18.881311 4.381174 14924.000000 75100.000000 78358.000000 10106.000000 1415.000000 175.000000 3228.000000 60176.000000 3258.000000
1005256 19.302847 4.487660 15032.000000 75456.000000 78727.000000 10543.000000 1508.000000 262.000000 2719.000000 60424.000000 3271.000000
1006256 19.862084 4.623941 15120.000000 75813.000000 79110.000000 10830.000000 1794.000000 361.000000 2135.000000 60693.000000 3297.000000
1007256 20.905265 4.876974 15185.000000 76104.000000 79455.000000 10893.000000 2204.000000 524.000000 1564.000000 60919.000000 3351.000000
1008256 21.610147 5.044410 15197.000000 76302.000000 79712.000000 10721.000000 2752.000000 611.000000 1113.000000 61105.000000 3410.000000
1009256 22.044901 5.112731 14984.000000 76202.000000 79703.000000 10080.000000 3390.000000 574.000000 940.000000 61218.000000 3501.000000
1010256 22.268516 5.107442 14704.000000 75994.000000 79531.000000 9309.000000 3940.000000 525.000000 930.000000 61290.000000 3537.000000
1011256 22.458825 5.103455 14467.000000 75792.000000 79358.000000 8621.000000 4390.000000 484.000000 972.000000 61325.000000 3566.000000
1012256 22.222222 5.003726 14304.000000 75656.000000 79181.000000 8074.000000 4749.000000 437.000000 1044.000000 61352.000000 3525.000000
1013256 22.359652 5.004045 14175.000000 75585.000000 79116.000000 7568.000000 4987.000000 428.000000 1192.000000 61410.000000 3531.000000
1014256 22.439690 4.990447 14065.000000 75520.000000 79031.000000 7061.000000 5052.000000 433.000000 1519.000000 61455.000000 3511.000000
1015256 22.651649 5.015825 13961.000000 75460.000000 78990.000000 6597.000000 4950.000000 432.000000 1982.000000 61499.000000 3530.000000
1016256 23.183252 5.118723 13913.000000 75443.000000 78965.000000 6027.000000 4799.000000 520.000000 2567.000000 61530.000000 3522.000000
1017256 23.249525 5.118300 13878.000000 75449.000000 78952.000000 5411.000000 4807.000000 538.000000 3122.000000 61571.000000 3503.000000
1018256 23.143103 5.101783 13922.000000 75577.000000 79090.000000 4978.000000 5043.000000 522.000000 3379.000000 61655.000000 3513.000000
1019256 23.067303 5.114438 14109.000000 75861.000000 79344.000000 4810.000000 5240.000000 575.000000 3484.000000 61752.000000 3483.000000
1020256 21.246267 4.732087 14248.000000 76189.000000 79690.000000 5191.000000 5399.000000 270.000000 3388.000000 61941.000000 3501.000000
1021256 20.465816 4.584888 14442.000000 76606.000000 80111.000000 6090.000000 4963.000000 168.000000 3221.000000 62164.000000 3505.000000
1022256 19.921638 4.483080 14659.000000 77063.000000 80525.000000 6975.000000 4520.000000 148.000000 3016.000000 62404.000000 3462.000000
1023256 19.587572 4.426945 14838.000000 77447.000000 80891.000000 7637.000000 4129.000000 137.000000 2935.000000 62609.000000 3444.000000
1024256 19.531377 4.431945 15003.000000 77817.000000 81251.000000 8238.000000 3593.000000 167.000000 3005.000000 62814.000000 3434.000000
1025256 19.473230 4.423954 15086.000000 78114.000000 81556.000000 8680.000000 3025.000000 166.000000 3215.000000 63028.000000 3442.000000
1026256 19.266252 4.387068 15205.000000 78438.000000 81877.000000 9179.000000 2424.000000 153.000000 3449.000000 63233.000000 3439.000000
1027256 19.274280 4.395230 15291.000000 78731.000000 82180.000000 9602.000000 1890.000000 163.000000 3636.000000 63440.000000 3449.000000
1028256 19.468792 4.443555 15371.000000 79025.000000 82479.000000 9954.000000 1757.000000 211.000000 3449.000000 63654.000000 3454.000000
1029256 20.150828 4.612283 15497.000000 79379.000000 82844.000000 10289.000000 1870.000000 356.000000 2982.000000 63882.000000 3465.000000
1030256 20.990307 4.813747 15526.000000 79661.000000 83220.000000 10438.000000 2216.000000 447.000000 2425.000000 64135.000000 3559.000000
1031256 21.529259 4.951490 15609.000000 79975.000000 83591.000000 10635.000000 2623.000000 523.000000 1828.000000 64366.000000 3616.000000
1032256 22.099476 5.082057 15630.000000 80193.000000 83844.000000 10573.000000 3110.000000 610.000000 1337.000000 64563.000000 3651.000000
1033256 22.401293 5.122792 15477.000000 80145.000000 83841.000000 10115.000000 3605.000000 599.000000 1158.000000 64668.000000 3696.000000
1034256 21.931027 4.969115 15243.000000 79976.000000 83697.000000 9600.000000 4059.000000 438.000000 1146.000000 64733.000000 3721.000000
1035256 22.248219 5.006042 15115.000000 79888.000000 83579.000000 9076.000000 4357.000000 493.000000 1189.000000 64773.000000 3691.000000
1036256 21.883225 4.882024 14938.000000 79770.000000 83449.000000 8659.000000 4623.000000 395.000000 1261.000000 64832.000000 3679.000000
1037256 22.258221 4.941617 14827.000000 79722.000000 83414.000000 8253.000000 4644.000000 430.000000 1500.000000 64895.000000 3692.000000
1038256 22.307943 4.925447 14693.000000 79650.000000 83363.000000 7859.000000 4600.000000 393.000000 1841.000000 64957.000000 3713.000000
1039256 22.439291 4.933058 14620.000000 79651.000000 83356.000000 7439.000000 4542.000000 407.000000 2232.000000 65031.000000 3705.000000
1040256 23.028011 5.040313 14558.000000 79663.000000 83348.000000 6858.000000 4465.000000 516.000000 2719.000000 65105.000000 3685.000000
1041256 23.454486 5.123162 14525.000000 79697.000000 83386.000000 6261.000000 4551.000000 583.000000 3130.000000 65172.000000 3689.000000
1042256 23.632385 5.169567 14602.000000 79888.000000 83566.000000 5767.000000 4930.000000 642.000000 3263.000000 65286.000000 3678.000000
1043256 23.196828 5.093437 14699.000000 80140.000000 83853.000000 5576.000000 5323.000000 558.000000 3242.000000 65441.000000 3713.000000
1044256 21.815338 4.805693 14877.000000 80506.000000 84171.000000 5795.000000 5594.000000 380.000000 3108.000000 65629.000000 3665.000000
1045256 20.994061 4.641260 14984.000000 80839.000000 84546.000000 6466.000000 5430.000000 217.000000 2871.000000 65855.000000 3707.000000
1046256 20.425713 4.531857 15163.000000 81234.000000 84910.000000 7169.000000 5078.000000 172.000000 2744.000000 66071.000000 3676.000000
1047256 20.227560 4.504240 15318.000000 81587.000000 85253.000000 7719.000000 4677.000000 174.000000 2748.000000 66269.000000 3666.000000
1048256 20.055361 4.487082 15505.000000 81937.000000 85579.000000 8203.000000 4192.000000 198.000000 2912.000000 66432.000000 3642.000000
1049256 19.959478 4.474831 15593.000000 82202.000000 85858.000000 8570.000000 3604.000000 186.000000 3233.000000 66609.000000 3656.000000
1050256 19.777101 4.449991 15721.000000 82475.000000 86135.000000 8941.000000 2931.000000 173.000000 3676.000000 66754.000000 3660.000000
1051256 19.688480 4.433127 15806.000000 82748.000000 86395.000000 9310.000000 2326.000000 183.000000 3987.000000 66942.000000 3647.000000
1052256 19.916399 4.504110 15968.000000 83094.000000 86743.000000 9742.000000 2079.000000 258.000000 3889.000000 67126.000000 3649.000000
1053256 20.356273 4.606268 16063.000000 83436.000000 87077.000000 9992.000000 2224.000000 370.000000 3477.000000 67373.000000 3641.000000
1054256 20.636923 4.676296 16182.000000 83809.000000 87441.000000 10304.000000 2530.000000 457.000000 2891.000000 67627.000000 3632.000000
1055256 20.848976 4.741144 16306.000000 84177.000000 87848.000000 10729.000000 2834.000000 494.000000 2249.000000 67871.000000 3671.000000
1056256 21.101695 4.802260 16367.000000 84453.000000 88146.000000 10931.000000 3211.000000 540.000000 1685.000000 68086.000000 3693.000000
1057256 21.115438 4.792394 16310.000000 84526.000000 88244.000000 10807.000000 3572.000000 511.000000 1420.000000 68216.000000 3718.000000
1058256 21.017052 4.726625 16111.000000 84428.000000 88139.000000 10369.000000 3929.000000 455.000000 1358.000000 68317.000000 3711.000000
1059256 21.009128 4.703038 15989.000000 84361.000000 88092.000000 9996.000000 4209.000000 412.000000 1372.000000 68372.000000 3731.000000
1060256 20.994842 4.669575 15853.000000 84310.000000 88038.000000 9686.000000 4346.000000 383.000000 1438.000000 68457.000000 3728.000000
1061256 20.913857 4.624704 15758.000000 84286.000000 87984.000000 9366.000000 4325.000000 371.000000 1696.000000 68528.000000 3698.000000
1062256 21.043953 4.640962 15738.000000 84330.000000 87999.000000 9064.000000 4287.000000 415.000000 1972.000000 68592.000000 3669.000000
1063256 21.457344 4.719875 15667.000000 84335.000000 88032.000000 8610.000000 4294.000000 458.000000 2305.000000 68668.000000 3697.000000
1064256 21.851565 4.796721 15647.000000 84393.000000 88081.000000 8071.000000 4373.000000 537.000000 2666.000000 68746.000000 3688.000000
1065256 22.258516 4.870439 15611.000000 84468.000000 88144.000000 7433.000000 4613.000000 617.000000 2948.000000 68857.000000 3676.000000
1066256 22.724211 4.965864 15630.000000 84652.000000 88323.000000 6808.000000 5106.000000 715.000000 3001.000000 69022.000000 3671.000000
1067256 22.344096 4.897568 15731.000000 84907.000000 88595.000000 6435.000000 5696.000000 651.000000 2949.000000 69176.000000 3688.000000
1068256 21.169190 4.655531 15883.000000 85236.000000 88905.000000 6386.000000 6189.000000 470.000000 2838.000000 69353.000000 3669.000000
1069256 20.232122 4.472629 15989.000000 85512.000000 89254.000000 6915.000000 6126.000000 250.000000 2698.000000 69523.000000 3742.000000
1070256 19.858729 4.395261 16102.000000 85833.000000 89551.000000 7384.000000 5850.000000 218.000000 2650.000000 69731.000000 3718.000000
1071256 19.838402 4.399604 16202.000000 86125.000000 89849.000000 7781.000000 5446.000000 229.000000 2746.000000 69923.000000 3724.000000
1072256 19.807029 4.396995 16245.000000 86349.000000 90107.000000 8091.000000 4952.000000 204.000000 2998.000000 70104.000000 3758.000000
1073256 19.886477 4.420733 16325.000000 86588.000000 90347.000000 8366.000000 4291.000000 235.000000 3433.000000 70263.000000 3759.000000
1074256 19.900818 4.428969 16369.000000 86812.000000 90608.000000 8647.000000 3480.000000 217.000000 4025.000000 70443.000000 3796.000000
1075256 19.998018 4.441876 16378.000000 87041.000000 90840.000000 8914.000000 2766.000000 236.000000 4462.000000 70663.000000 3799.000000
1076256 20.070856 4.473078 16499.000000 87366.000000 91190.000000 9341.000000 2429.000000 255.000000 4474.000000 70867.000000 3824.000000
1077256 20.692692 4.619467 16599.000000 87726.000000 91569.000000 9687.000000 2448.000000 387.000000 4077.000000 71127.000000 3843.000000
1078256 21.217721 4.743629 16685.000000 88098.000000 91976.000000 10063.000000 2618.000000 485.000000 3519.000000 71413.000000 3878.000000
1079256 21.156081 4.728363 16738.000000 88503.000000 92421.000000 10680.000000 2885.000000 452.000000 2721.000000 71765.000000 3918.000000
1080256 21.067104 4.706681 16845.000000 88899.000000 92783.000000 11104.000000 3213.000000 483.000000 2045.000000 72054.000000 3884.000000
1081256 21.034566 4.680961 16793.000000 89059.000000 92951.000000 11209.000000 3482.000000 459.000000 1643.000000 72266.000000 3892.000000
1082256 21.076473 4.655992 16604.000000 89008.000000 92934.000000 10964.000000 3684.000000 401.000000 1555.000000 72404.000000 3926.000000
1083256 21.068366 4.626461 16469.000000 88986.000000 92922.000000 10744.000000 3860.000000 363.000000 1502.000000 72517.000000 3936.000000
1084256 20.876734 4.553579 16380.000000 88995.000000 92872.000000 10499.000000 3977.000000 352.000000 1552.000000 72615.000000 3877.000000
1085256 20.911926 4.547020 16348.000000 89045.000000 92896.000000 10227.000000 3998.000000 373.000000 1750.000000 72697.000000 3851.000000
1086256 20.895077 4.523046 16293.000000 89085.000000 92902.000000 9950.000000 3969.000000 385.000000 1989.000000 72792.000000 3817.000000
1087256 21.325031 4.605207 16260.000000 89145.000000 92960.000000 9531.000000 3992.000000 466.000000 2271.000000 72885.000000 3815.000000
1088256 21.725463 4.681066 16221.000000 89193.000000 93013.000000 8932.000000 4185.000000 534.000000 2570.000000 72972.000000 3820.000000
1089256 22.319158 4.807878 16250.000000 89309.000000 93118.000000 8215.000000 4639.000000 668.000000 2728.000000 73059.000000 3809.000000
1090256 23.178314 4.993945 16275.000000 89483.000000 93313.000000 7429.000000 5284.000000 830.000000 2732.000000 73208.000000 3830.000000
1091256 22.423702 4.838675 16335.000000 89689.000000 93538.000000 6896.000000 6087.000000 677.000000 2675.000000 73354.000000 3849.000000
1092256 21.525349 4.655996 16470.000000 90009.000000 93836.000000 6716.000000 6632.000000 542.000000 2580.000000 73539.000000 3827.000000
