769121 0.521698 0.110000 8434.000000 40000.000000 40000.000000 6061.000000 544.000000 44.000000 1785.000000 31566.000000 0.000000
770121 0.903149 0.188928 8395.000000 40207.000000 40227.000000 6421.000000 453.000000 56.000000 1465.000000 31812.000000 20.000000
771121 1.850324 0.387673 8418.000000 40431.000000 40498.000000 6802.000000 442.000000 90.000000 1084.000000 32013.000000 67.000000
772121 3.695448 0.773975 8366.000000 40541.000000 40699.000000 6938.000000 466.000000 157.000000 805.000000 32175.000000 158.000000
773121 6.382480 1.334378 8193.000000 40497.000000 40843.000000 6854.000000 558.000000 199.000000 582.000000 32304.000000 346.000000
774121 10.025707 2.095596 7972.000000 40357.000000 40943.000000 6577.000000 672.000000 272.000000 451.000000 32385.000000 586.000000
775121 14.576034 3.042048 7638.000000 40101.000000 41025.000000 6137.000000 832.000000 324.000000 345.000000 32463.000000 924.000000
776121 19.724878 4.118392 7269.000000 39775.000000 41084.000000 5563.000000 1038.000000 383.000000 285.000000 32506.000000 1309.000000
777121 25.646702 5.351325 6804.000000 39352.000000 41130.000000 4880.000000 1248.000000 423.000000 253.000000 32548.000000 1778.000000
778121 31.273277 6.528183 6310.000000 38878.000000 41160.000000 4195.000000 1441.000000 405.000000 269.000000 32568.000000 2282.000000
779121 36.423995 7.593492 5811.000000 38406.000000 41180.000000 3566.000000 1587.000000 353.000000 305.000000 32595.000000 2774.000000
780121 41.794693 8.713482 5357.000000 37977.000000 41212.000000 2959.000000 1676.000000 356.000000 366.000000 32620.000000 3235.000000
781121 45.744186 9.539976 4934.000000 37571.000000 41237.000000 2489.000000 1709.000000 268.000000 468.000000 32637.000000 3666.000000
782121 50.261537 10.477852 4576.000000 37241.000000 41268.000000 1981.000000 1707.000000 297.000000 591.000000 32665.000000 4027.000000
783121 53.660237 11.180515 4227.000000 36925.000000 41304.000000 1596.000000 1662.000000 239.000000 730.000000 32698.000000 4379.000000
784121 55.962877 11.666264 3965.000000 36695.000000 41350.000000 1355.000000 1538.000000 169.000000 903.000000 32730.000000 4655.000000
785121 57.684284 12.017385 3776.000000 36563.000000 41415.000000 1260.000000 1342.000000 125.000000 1049.000000 32787.000000 4852.000000
786121 58.765746 12.254193 3680.000000 36523.000000 41496.000000 1244.000000 1172.000000 112.000000 1152.000000 32843.000000 4973.000000
787121 59.162425 12.297999 3582.000000 36522.000000 41584.000000 1338.000000 1015.000000 52.000000 1177.000000 32940.000000 5062.000000
788121 59.363835 12.351926 3590.000000 36615.000000 41702.000000 1516.000000 837.000000 64.000000 1173.000000 33025.000000 5087.000000
789121 59.180629 12.324642 3593.000000 36722.000000 41843.000000 1767.000000 694.000000 36.000000 1096.000000 33129.000000 5121.000000
790121 58.818826 12.260691 3629.000000 36871.000000 41996.000000 2056.000000 558.000000 24.000000 991.000000 33242.000000 5125.000000
791121 58.750000 12.268920 3673.000000 37012.000000 42139.000000 2297.000000 430.000000 43.000000 903.000000 33339.000000 5127.000000
792121 58.434212 12.219935 3699.000000 37127.000000 42267.000000 2522.000000 359.000000 25.000000 793.000000 33428.000000 5140.000000
793121 58.369871 12.249617 3747.000000 37237.000000 42385.000000 2714.000000 300.000000 44.000000 689.000000 33490.000000 5148.000000
794121 58.212614 12.299868 3808.000000 37306.000000 42472.000000 2900.000000 266.000000 58.000000 584.000000 33498.000000 5166.000000
795121 57.166302 12.286312 3971.000000 37358.000000 42527.000000 3191.000000 254.000000 56.000000 470.000000 33387.000000 5169.000000
796121 55.361516 12.223450 4268.000000 37410.000000 42533.000000 3562.000000 264.000000 76.000000 366.000000 33142.000000 5123.000000
797121 52.507950 12.062018 4726.000000 37416.000000 42439.000000 4053.000000 293.000000 96.000000 284.000000 32690.000000 5023.000000
798121 49.263324 11.788368 5238.000000 37387.000000 42262.000000 4575.000000 342.000000 107.000000 214.000000 32149.000000 4875.000000
799121 46.231012 11.523898 5790.000000 37314.000000 41991.000000 5060.000000 380.000000 162.000000 188.000000 31524.000000 4677.000000
800121 43.338594 11.203917 6279.000000 37172.000000 41664.000000 5481.000000 456.000000 176.000000 166.000000 30893.000000 4492.000000
801121 40.525689 10.730394 6675.000000 36994.000000 41238.000000 5801.000000 532.000000 181.000000 161.000000 30319.000000 4244.000000
802121 38.016154 10.268919 7032.000000 36806.000000 40793.000000 6060.000000 607.000000 202.000000 163.000000 29774.000000 3987.000000
803121 35.763160 9.714512 7201.000000 36592.000000 40352.000000 6203.000000 659.000000 160.000000 179.000000 29391.000000 3760.000000
804121 33.773498 9.221563 7386.000000 36420.000000 39939.000000 6324.000000 708.000000 164.000000 190.000000 29034.000000 3519.000000
805121 32.532245 8.860248 7459.000000 36252.000000 39570.000000 6310.000000 745.000000 188.000000 216.000000 28793.000000 3318.000000
806121 32.468635 8.770097 7380.000000 36026.000000 39247.000000 6098.000000 796.000000 221.000000 265.000000 28646.000000 3221.000000
807121 33.164096 8.880794 7255.000000 35799.000000 38983.000000 5754.000000 911.000000 278.000000 312.000000 28544.000000 3184.000000
808121 35.226282 9.376773 7057.000000 35504.000000 38766.000000 5238.000000 1084.000000 373.000000 362.000000 28447.000000 3262.000000
809121 37.718698 9.993008 6771.000000 35157.000000 38617.000000 4695.000000 1240.000000 399.000000 437.000000 28386.000000 3460.000000
810121 40.333333 10.673239 6488.000000 34833.000000 38545.000000 4091.000000 1515.000000 402.000000 480.000000 28345.000000 3712.000000
811121 42.988731 11.386229 6220.000000 34544.000000 38529.000000 3524.000000 1801.000000 402.000000 493.000000 28324.000000 3985.000000
812121 45.344525 12.054069 5957.000000 34254.000000 38543.000000 3060.000000 2040.000000 357.000000 500.000000 28297.000000 4289.000000
813121 46.997186 12.553776 5793.000000 34072.000000 38586.000000 2648.000000 2304.000000 330.000000 511.000000 28279.000000 4514.000000
814121 47.216336 12.680428 5685.000000 33961.000000 38658.000000 2450.000000 2473.000000 205.000000 557.000000 28276.000000 4697.000000
815121 48.248469 13.017094 5656.000000 33934.000000 38726.000000 2248.000000 2504.000000 249.000000 655.000000 28278.000000 4792.000000
816121 48.228571 13.056257 5584.000000 33870.000000 38786.000000 2094.000000 2485.000000 148.000000 857.000000 28286.000000 4916.000000
817121 47.884397 13.050193 5624.000000 33886.000000 38850.000000 2097.000000 2307.000000 106.000000 1114.000000 28262.000000 4964.000000
818121 48.393461 13.241305 5601.000000 33858.000000 38901.000000 2121.000000 1991.000000 108.000000 1381.000000 28257.000000 5043.000000
819121 48.303430 13.327861 5648.000000 33877.000000 38986.000000 2304.000000 1669.000000 87.000000 1588.000000 28229.000000 5109.000000
820121 47.964716 13.347653 5738.000000 33963.000000 39108.000000 2548.000000 1356.000000 75.000000 1759.000000 28225.000000 5145.000000
821121 47.417671 13.402848 5951.000000 34157.000000 39320.000000 2974.000000 1063.000000 107.000000 1807.000000 28206.000000 5163.000000
822121 46.354810 13.291155 6182.000000 34367.000000 39515.000000 3516.000000 817.000000 104.000000 1745.000000 28185.000000 5148.000000
823121 45.296987 13.107689 6376.000000 34573.000000 39679.000000 4049.000000 620.000000 95.000000 1612.000000 28197.000000 5106.000000
824121 44.386919 12.925922 6554.000000 34761.000000 39796.000000 4514.000000 459.000000 109.000000 1472.000000 28207.000000 5035.000000
825121 43.375354 12.682731 6724.000000 34944.000000 39881.000000 4975.000000 440.000000 121.000000 1188.000000 28220.000000 4937.000000
826121 42.412251 12.352175 6810.000000 35098.000000 39912.000000 5353.000000 451.000000 116.000000 890.000000 28288.000000 4814.000000
827121 41.816921 12.096289 6804.000000 35148.000000 39880.000000 5598.000000 438.000000 92.000000 676.000000 28344.000000 4732.000000
828121 41.188345 11.791161 6797.000000 35204.000000 39801.000000 5773.000000 448.000000 96.000000 480.000000 28407.000000 4597.000000
829121 40.930480 11.602154 6771.000000 35242.000000 39734.000000 5896.000000 451.000000 118.000000 306.000000 28471.000000 4492.000000
830121 41.580416 11.670793 6667.000000 35142.000000 39586.000000 5753.000000 481.000000 176.000000 257.000000 28475.000000 4444.000000
831121 42.335499 11.751556 6518.000000 34956.000000 39365.000000 5490.000000 548.000000 217.000000 263.000000 28438.000000 4409.000000
832121 43.746510 12.019636 6351.000000 34716.000000 39111.000000 5097.000000 672.000000 306.000000 276.000000 28365.000000 4395.000000
833121 45.101576 12.250844 6148.000000 34395.000000 38781.000000 4661.000000 827.000000 365.000000 295.000000 28247.000000 4386.000000
834121 46.602410 12.560399 5892.000000 34011.000000 38494.000000 4189.000000 1053.000000 352.000000 298.000000 28119.000000 4483.000000
835121 47.542265 12.743275 5727.000000 33671.000000 38177.000000 3789.000000 1277.000000 359.000000 302.000000 27944.000000 4506.000000
836121 48.847745 13.084309 5585.000000 33339.000000 37908.000000 3396.000000 1503.000000 391.000000 295.000000 27754.000000 4569.000000
837121 49.445215 13.232760 5428.000000 33051.000000 37717.000000 3051.000000 1753.000000 325.000000 299.000000 27623.000000 4666.000000
838121 49.558926 13.301410 5330.000000 32831.000000 37590.000000 2846.000000 1921.000000 241.000000 322.000000 27501.000000 4759.000000
839121 49.762329 13.400000 5277.000000 32679.000000 37500.000000 2677.000000 2000.000000 204.000000 396.000000 27402.000000 4821.000000
840121 50.411013 13.598718 5198.000000 32531.000000 37430.000000 2467.000000 1977.000000 191.000000 563.000000 27333.000000 4899.000000
841121 49.876470 13.500067 5173.000000 32439.000000 37385.000000 2431.000000 1905.000000 101.000000 736.000000 27266.000000 4946.000000
842121 49.291896 13.427997 5225.000000 32382.000000 37325.000000 2546.000000 1622.000000 69.000000 988.000000 27157.000000 4943.000000
843121 49.391918 13.503513 5270.000000 32368.000000 37294.000000 2581.000000 1400.000000 110.000000 1179.000000 27098.000000 4926.000000
844121 49.281274 13.594106 5334.000000 32363.000000 37325.000000 2728.000000 1142.000000 112.000000 1352.000000 27029.000000 4962.000000
845121 49.264425 13.776614 5451.000000 32416.000000 37433.000000 2963.000000 918.000000 140.000000 1430.000000 26965.000000 5017.000000
846121 49.103034 13.925366 5568.000000 32464.000000 37543.000000 3224.000000 747.000000 149.000000 1448.000000 26896.000000 5079.000000
847121 48.751377 14.074801 5754.000000 32589.000000 37727.000000 3633.000000 630.000000 172.000000 1319.000000 26835.000000 5138.000000
848121 48.292991 14.122712 5850.000000 32639.000000 37861.000000 3965.000000 519.000000 125.000000 1241.000000 26789.000000 5222.000000
849121 47.820285 14.140643 5990.000000 32761.000000 38011.000000 4340.000000 508.000000 125.000000 1017.000000 26771.000000 5250.000000
850121 46.874726 14.020505 6174.000000 32904.000000 38137.000000 4757.000000 550.000000 114.000000 753.000000 26730.000000 5233.000000
851121 46.195935 13.915341 6282.000000 32992.000000 38224.000000 5080.000000 549.000000 87.000000 566.000000 26710.000000 5232.000000
852121 45.579111 13.819864 6408.000000 33075.000000 38271.000000 5353.000000 534.000000 93.000000 428.000000 26667.000000 5196.000000
853121 45.614786 13.915064 6497.000000 33121.000000 38311.000000 5507.000000 540.000000 141.000000 309.000000 26624.000000 5190.000000
854121 45.677209 13.900149 6447.000000 33048.000000 38237.000000 5489.000000 546.000000 126.000000 286.000000 26601.000000 5189.000000
855121 46.302755 13.961193 6359.000000 32925.000000 38034.000000 5258.000000 575.000000 201.000000 325.000000 26566.000000 5109.000000
856121 47.107219 14.083576 6219.000000 32725.000000 37810.000000 4978.000000 648.000000 240.000000 353.000000 26506.000000 5085.000000
857121 48.146478 14.229354 6061.000000 32488.000000 37514.000000 4629.000000 751.000000 312.000000 369.000000 26427.000000 5026.000000
858121 49.657344 14.431824 5825.000000 32181.000000 37154.000000 4122.000000 933.000000 389.000000 381.000000 26356.000000 4973.000000
859121 50.493359 14.440766 5548.000000 31862.000000 36854.000000 3747.000000 1107.000000 330.000000 364.000000 26314.000000 4992.000000
860121 51.429679 14.513129 5349.000000 31592.000000 36560.000000 3347.000000 1322.000000 338.000000 342.000000 26243.000000 4968.000000
861121 52.356952 14.589415 5138.000000 31333.000000 36314.000000 2943.000000 1551.000000 317.000000 327.000000 26195.000000 4981.000000
862121 53.153606 14.636308 4921.000000 31082.000000 36102.000000 2601.000000 1728.000000 264.000000 328.000000 26161.000000 5020.000000
863121 53.772528 14.686579 4774.000000 30911.000000 35958.000000 2314.000000 1848.000000 234.000000 378.000000 26137.000000 5047.000000
864121 54.140915 14.677055 4652.000000 30755.000000 35811.000000 2058.000000 1902.000000 200.000000 492.000000 26103.000000 5056.000000
865121 53.589212 14.461271 4603.000000 30686.000000 35723.000000 1954.000000 1870.000000 129.000000 650.000000 26083.000000 5037.000000
866121 53.259622 14.318163 4541.000000 30615.000000 35661.000000 1994.000000 1644.000000 60.000000 843.000000 26074.000000 5046.000000
867121 53.225470 14.312982 4568.000000 30613.000000 35625.000000 2027.000000 1462.000000 87.000000 992.000000 26045.000000 5012.000000
868121 53.391776 14.372805 4586.000000 30599.000000 35595.000000 2057.000000 1223.000000 120.000000 1186.000000 26013.000000 4996.000000
869121 52.630489 14.269269 4665.000000 30624.000000 35615.000000 2279.000000 1015.000000 91.000000 1280.000000 25959.000000 4991.000000
870121 51.459293 14.100118 4847.000000 30720.000000 35638.000000 2610.000000 807.000000 107.000000 1323.000000 25873.000000 4918.000000
871121 50.323232 13.956355 5031.000000 30828.000000 35697.000000 2985.000000 638.000000 113.000000 1295.000000 25797.000000 4869.000000
872121 49.347258 13.758925 5156.000000 30913.000000 35715.000000 3277.000000 484.000000 112.000000 1283.000000 25757.000000 4802.000000
873121 48.027224 13.588792 5362.000000 31055.000000 35831.000000 3730.000000 447.000000 93.000000 1092.000000 25693.000000 4776.000000
874121 47.009546 13.434664 5541.000000 31197.000000 35922.000000 4125.000000 448.000000 101.000000 867.000000 25656.000000 4725.000000
875121 45.983433 13.251173 5692.000000 31337.000000 36027.000000 4512.000000 443.000000 84.000000 653.000000 25645.000000 4690.000000
876121 45.087970 13.121696 5852.000000 31468.000000 36131.000000 4880.000000 418.000000 78.000000 476.000000 25616.000000 4663.000000
877121 44.186265 12.972271 6005.000000 31583.000000 36208.000000 5210.000000 413.000000 72.000000 310.000000 25578.000000 4625.000000
878121 44.077031 12.972794 6070.000000 31593.000000 36168.000000 5284.000000 409.000000 117.000000 260.000000 25523.000000 4575.000000
879121 44.362327 13.001222 6027.000000 31485.000000 36012.000000 5160.000000 417.000000 155.000000 295.000000 25458.000000 4527.000000
880121 45.063510 13.074797 5919.000000 31344.000000 35817.000000 4927.000000 473.000000 210.000000 309.000000 25425.000000 4473.000000
881121 46.201232 13.274709 5742.000000 31109.000000 35594.000000 4600.000000 602.000000 240.000000 300.000000 25367.000000 4485.000000
882121 47.388995 13.400221 5576.000000 30882.000000 35283.000000 4198.000000 762.000000 327.000000 289.000000 25306.000000 4401.000000
883121 48.027532 13.361724 5339.000000 30593.000000 34988.000000 3854.000000 931.000000 280.000000 274.000000 25254.000000 4395.000000
884121 49.491134 13.585047 5142.000000 30333.000000 34722.000000 3418.000000 1134.000000 328.000000 262.000000 25191.000000 4389.000000
885121 50.528131 13.612079 4916.000000 30078.000000 34440.000000 2982.000000 1368.000000 326.000000 240.000000 25162.000000 4362.000000
886121 51.255507 13.607391 4703.000000 29825.000000 34202.000000 2603.000000 1590.000000 277.000000 233.000000 25122.000000 4377.000000
887121 52.341381 13.710033 4507.000000 29599.000000 33997.000000 2218.000000 1737.000000 263.000000 289.000000 25092.000000 4398.000000
888121 53.309033 13.831422 4351.000000 29408.000000 33836.000000 1859.000000 1869.000000 252.000000 371.000000 25057.000000 4428.000000
889121 53.334098 13.766034 4218.000000 29262.000000 33757.000000 1670.000000 1874.000000 152.000000 522.000000 25044.000000 4495.000000
890121 53.121387 13.652435 4114.000000 29121.000000 33657.000000 1648.000000 1701.000000 59.000000 706.000000 25007.000000 4536.000000
891121 53.380412 13.715867 4117.000000 29097.000000 33618.000000 1636.000000 1527.000000 90.000000 864.000000 24980.000000 4521.000000
892121 52.993425 13.676689 4156.000000 29077.000000 33590.000000 1726.000000 1306.000000 81.000000 1043.000000 24921.000000 4513.000000
893121 52.406663 13.592754 4231.000000 29088.000000 33562.000000 1861.000000 1084.000000 88.000000 1198.000000 24857.000000 4474.000000
894121 51.665719 13.515362 4343.000000 29169.000000 33621.000000 2118.000000 861.000000 92.000000 1272.000000 24826.000000 4452.000000
895121 50.935994 13.475682 4477.000000 29276.000000 33720.000000 2427.000000 670.000000 100.000000 1280.000000 24799.000000 4444.000000
896121 49.961219 13.346160 4604.000000 29364.000000 33785.000000 2732.000000 456.000000 88.000000 1328.000000 24760.000000 4421.000000
897121 48.921334 13.234297 4771.000000 29520.000000 33927.000000 3132.000000 404.000000 83.000000 1152.000000 24749.000000 4407.000000
898121 47.754620 13.058167 4934.000000 29666.000000 34040.000000 3535.000000 371.000000 71.000000 957.000000 24732.000000 4374.000000
899121 46.635731 12.931337 5126.000000 29840.000000 34196.000000 3974.000000 359.000000 66.000000 727.000000 24714.000000 4356.000000
900121 45.469659 12.750211 5303.000000 30000.000000 34321.000000 4366.000000 349.000000 55.000000 533.000000 24697.000000 4321.000000
901121 44.298874 12.559125 5491.000000 30182.000000 34461.000000 4783.000000 332.000000 49.000000 327.000000 24691.000000 4279.000000
902121 44.245707 12.562756 5540.000000 30215.000000 34459.000000 4863.000000 332.000000 85.000000 260.000000 24675.000000 4244.000000
903121 44.275124 12.516737 5532.000000 30174.000000 34354.000000 4804.000000 357.000000 120.000000 251.000000 24642.000000 4180.000000
904121 44.874597 12.600818 5463.000000 30074.000000 34220.000000 4611.000000 434.000000 166.000000 252.000000 24611.000000 4146.000000
905121 45.702794 12.699626 5336.000000 29889.000000 34001.000000 4333.000000 539.000000 206.000000 258.000000 24553.000000 4112.000000
906121 46.775590 12.810028 5193.000000 29698.000000 33747.000000 4028.000000 662.000000 274.000000 229.000000 24505.000000 4049.000000
907121 47.801528 12.883582 4966.000000 29437.000000 33500.000000 3681.000000 816.000000 253.000000 216.000000 24471.000000 4063.000000
908121 49.021615 12.971883 4792.000000 29220.000000 33218.000000 3306.000000 974.000000 311.000000 201.000000 24428.000000 3998.000000
909121 50.017579 12.962794 4541.000000 28933.000000 32925.000000 2891.000000 1174.000000 276.000000 200.000000 24392.000000 3992.000000
910121 51.384726 13.111845 4350.000000 28697.000000 32688.000000 2474.000000 1380.000000 295.000000 201.000000 24347.000000 3991.000000
911121 52.652356 13.158625 4109.000000 28438.000000 32435.000000 2046.000000 1532.000000 271.000000 260.000000 24329.000000 3997.000000
912121 54.433405 13.416411 3904.000000 28212.000000 32259.000000 1620.000000 1655.000000 281.000000 348.000000 24308.000000 4047.000000
913121 53.814644 13.092087 3740.000000 28039.000000 32111.000000 1434.000000 1700.000000 132.000000 474.000000 24299.000000 4072.000000
914121 53.639649 12.992372 3678.000000 27918.000000 31988.000000 1410.000000 1593.000000 86.000000 589.000000 24240.000000 4070.000000
915121 53.299755 12.930008 3685.000000 27860.000000 31918.000000 1446.000000 1428.000000 69.000000 742.000000 24175.000000 4058.000000
916121 53.044150 12.918900 3734.000000 27864.000000 31899.000000 1528.000000 1243.000000 86.000000 877.000000 24130.000000 4035.000000
917121 52.865183 12.952053 3780.000000 27872.000000 31910.000000 1647.000000 1040.000000 95.000000 998.000000 24092.000000 4038.000000
918121 52.000505 12.889501 3874.000000 27915.000000 31964.000000 1897.000000 824.000000 71.000000 1082.000000 24041.000000 4049.000000
919121 51.232020 12.800400 3972.000000 27976.000000 31999.000000 2110.000000 615.000000 73.000000 1174.000000 24004.000000 4023.000000
920121 50.067926 12.647407 4108.000000 28065.000000 32054.000000 2423.000000 381.000000 65.000000 1239.000000 23957.000000 3989.000000
921121 48.818325 12.524486 4296.000000 28206.000000 32161.000000 2785.000000 321.000000 73.000000 1117.000000 23910.000000 3955.000000
922121 47.334046 12.340175 4475.000000 28355.000000 32301.000000 3206.000000 293.000000 40.000000 936.000000 23880.000000 3946.000000
923121 45.740483 12.144464 4721.000000 28556.000000 32451.000000 3667.000000 292.000000 46.000000 716.000000 23835.000000 3895.000000
924121 44.653802 12.057868 4926.000000 28742.000000 32626.000000 4090.000000 283.000000 50.000000 503.000000 23816.000000 3884.000000
925121 43.575233 11.973656 5152.000000 28937.000000 32797.000000 4509.000000 278.000000 67.000000 298.000000 23785.000000 3860.000000
926121 43.726571 12.082991 5210.000000 28963.000000 32823.000000 4595.000000 291.000000 106.000000 218.000000 23753.000000 3860.000000
927121 44.419865 12.256233 5164.000000 28890.000000 32767.000000 4509.000000 325.000000 139.000000 191.000000 23726.000000 3877.000000
928121 45.127119 12.393581 5079.000000 28765.000000 32654.000000 4342.000000 385.000000 158.000000 194.000000 23686.000000 3889.000000
929121 46.310318 12.615830 4952.000000 28586.000000 32483.000000 4066.000000 485.000000 201.000000 200.000000 23634.000000 3897.000000
930121 46.454146 12.470544 4804.000000 28398.000000 32252.000000 3861.000000 589.000000 168.000000 186.000000 23594.000000 3854.000000
931121 47.724317 12.606564 4661.000000 28225.000000 32023.000000 3527.000000 725.000000 239.000000 170.000000 23564.000000 3798.000000
932121 49.203066 12.729791 4439.000000 27988.000000 31768.000000 3132.000000 873.000000 264.000000 170.000000 23549.000000 3780.000000
933121 50.901126 12.902100 4220.000000 27752.000000 31522.000000 2727.000000 1018.000000 297.000000 178.000000 23532.000000 3770.000000
934121 52.848875 13.135769 3954.000000 27460.000000 31281.000000 2256.000000 1216.000000 288.000000 194.000000 23506.000000 3821.000000
935121 53.910392 13.108361 3746.000000 27228.000000 31026.000000 1822.000000 1401.000000 269.000000 254.000000 23482.000000 3798.000000
936121 55.338879 13.173186 3533.000000 27005.000000 30805.000000 1386.000000 1564.000000 258.000000 325.000000 23472.000000 3800.000000
937121 55.006267 12.896275 3374.000000 26822.000000 30629.000000 1161.000000 1637.000000 143.000000 433.000000 23448.000000 3807.000000
938121 54.979517 12.759401 3260.000000 26684.000000 30503.000000 1112.000000 1541.000000 73.000000 534.000000 23424.000000 3819.000000
939121 54.660415 12.638807 3251.000000 26651.000000 30438.000000 1144.000000 1409.000000 60.000000 638.000000 23400.000000 3787.000000
940121 54.407811 12.636803 3300.000000 26660.000000 30427.000000 1234.000000 1247.000000 78.000000 741.000000 23360.000000 3767.000000
941121 53.849396 12.595708 3354.000000 26667.000000 30431.000000 1365.000000 1060.000000 69.000000 860.000000 23313.000000 3764.000000
942121 52.868109 12.439657 3425.000000 26711.000000 30451.000000 1564.000000 813.000000 48.000000 1000.000000 23286.000000 3740.000000
943121 51.902061 12.306078 3525.000000 26785.000000 30489.000000 1786.000000 566.000000 48.000000 1125.000000 23260.000000 3704.000000
944121 50.613748 12.148890 3674.000000 26888.000000 30546.000000 2058.000000 341.000000 53.000000 1222.000000 23214.000000 3658.000000
945121 49.623453 12.045440 3804.000000 27002.000000 30634.000000 2340.000000 260.000000 58.000000 1146.000000 23198.000000 3632.000000
946121 48.185166 11.904607 3986.000000 27160.000000 30778.000000 2739.000000 233.000000 46.000000 968.000000 23174.000000 3618.000000
947121 46.375702 11.732800 4238.000000 27375.000000 30973.000000 3240.000000 227.000000 36.000000 735.000000 23137.000000 3598.000000
948121 45.065871 11.629996 4464.000000 27596.000000 31178.000000 3701.000000 226.000000 44.000000 493.000000 23132.000000 3582.000000
949121 44.181244 11.603497 4665.000000 27777.000000 31344.000000 4089.000000 220.000000 70.000000 286.000000 23112.000000 3567.000000
950121 43.753757 11.599146 4758.000000 27814.000000 31373.000000 4257.000000 240.000000 80.000000 181.000000 23056.000000 3559.000000
951121 43.970092 11.647818 4757.000000 27767.000000 31302.000000 4223.000000 274.000000 111.000000 149.000000 23010.000000 3535.000000
952121 44.444444 11.703937 4695.000000 27656.000000 31169.000000 4080.000000 325.000000 135.000000 155.000000 22961.000000 3513.000000
953121 44.905801 11.690868 4588.000000 27510.000000 30990.000000 3901.000000 394.000000 143.000000 150.000000 22922.000000 3480.000000
954121 45.696203 11.720779 4458.000000 27358.000000 30800.000000 3667.000000 481.000000 168.000000 142.000000 22900.000000 3442.000000
955121 46.739832 11.829292 4322.000000 27179.000000 30602.000000 3389.000000 594.000000 197.000000 142.000000 22857.000000 3423.000000
956121 47.651184 11.855534 4179.000000 26996.000000 30374.000000 3098.000000 715.000000 223.000000 143.000000 22817.000000 3378.000000
957121 49.265106 12.006633 3988.000000 26790.000000 30150.000000 2716.000000 868.000000 260.000000 144.000000 22802.000000 3360.000000
958121 51.322826 12.205489 3775.000000 26549.000000 29880.000000 2234.000000 1058.000000 316.000000 167.000000 22774.000000 3331.000000
959121 53.101340 12.309717 3505.000000 26264.000000 29627.000000 1733.000000 1286.000000 284.000000 202.000000 22759.000000 3363.000000
960121 54.589082 12.376322 3270.000000 26013.000000 29411.000000 1307.000000 1449.000000 242.000000 272.000000 22743.000000 3398.000000
961121 54.691812 12.201546 3112.000000 25824.000000 29234.000000 1071.000000 1544.000000 157.000000 340.000000 22712.000000 3410.000000
962121 54.681415 12.066832 3004.000000 25673.000000 29088.000000 1005.000000 1477.000000 95.000000 427.000000 22669.000000 3415.000000
963121 54.715205 12.014609 2953.000000 25603.000000 29023.000000 996.000000 1345.000000 67.000000 545.000000 22650.000000 3420.000000
964121 54.156250 11.949252 2985.000000 25591.000000 29006.000000 1085.000000 1216.000000 51.000000 633.000000 22606.000000 3415.000000
965121 52.993176 11.786010 3076.000000 25620.000000 28992.000000 1246.000000 1033.000000 45.000000 752.000000 22544.000000 3372.000000
966121 52.548656 11.724566 3110.000000 25652.000000 29016.000000 1351.000000 813.000000 38.000000 908.000000 22542.000000 3364.000000
967121 51.685222 11.662881 3214.000000 25715.000000 29058.000000 1534.000000 549.000000 46.000000 1085.000000 22501.000000 3343.000000
968121 50.712037 11.604693 3331.000000 25812.000000 29152.000000 1789.000000 353.000000 43.000000 1146.000000 22481.000000 3340.000000
969121 49.815933 11.564626 3450.000000 25912.000000 29253.000000 2042.000000 251.000000 42.000000 1115.000000 22462.000000 3341.000000
970121 48.301670 11.421182 3631.000000 26067.000000 29384.000000 2406.000000 229.000000 39.000000 957.000000 22436.000000 3317.000000
971121 46.785015 11.315843 3848.000000 26272.000000 29578.000000 2869.000000 208.000000 41.000000 730.000000 22424.000000 3306.000000
972121 45.297297 11.243794 4085.000000 26497.000000 29812.000000 3362.000000 212.000000 37.000000 474.000000 22412.000000 3315.000000
973121 44.551451 11.267559 4279.000000 26670.000000 29971.000000 3721.000000 206.000000 76.000000 276.000000 22391.000000 3301.000000
974121 43.928898 11.194751 4344.000000 26716.000000 30023.000000 3903.000000 211.000000 54.000000 176.000000 22372.000000 3307.000000
975121 44.128813 11.251293 4371.000000 26693.000000 29961.000000 3876.000000 236.000000 103.000000 156.000000 22322.000000 3268.000000
976121 44.939218 11.387912 4293.000000 26590.000000 29865.000000 3722.000000 295.000000 126.000000 150.000000 22297.000000 3275.000000
977121 44.890021 11.262913 4215.000000 26476.000000 29717.000000 3611.000000 351.000000 106.000000 147.000000 22261.000000 3241.000000
978121 45.645646 11.311819 4131.000000 26367.000000 29562.000000 3421.000000 421.000000 149.000000 140.000000 22236.000000 3195.000000
979121 46.455925 11.351958 4013.000000 26219.000000 29387.000000 3198.000000 526.000000 168.000000 121.000000 22206.000000 3168.000000
980121 47.697134 11.455479 3881.000000 26068.000000 29200.000000 2908.000000 637.000000 213.000000 123.000000 22187.000000 3132.000000
981121 49.265354 11.572444 3685.000000 25853.000000 28974.000000 2550.000000 776.000000 232.000000 127.000000 22168.000000 3121.000000
982121 51.574803 11.851903 3489.000000 25623.000000 28738.000000 2106.000000 948.000000 291.000000 144.000000 22134.000000 3115.000000
983121 53.938060 12.046205 3242.000000 25363.000000 28482.000000 1591.000000 1147.000000 312.000000 192.000000 22121.000000 3119.000000
984121 55.236073 11.976196 2986.000000 25096.000000 28231.000000 1170.000000 1314.000000 246.000000 256.000000 22110.000000 3135.000000
985121 54.423592 11.583452 2864.000000 24936.000000 28040.000000 972.000000 1441.000000 144.000000 307.000000 22072.000000 3104.000000
986121 54.195745 11.417097 2767.000000 24780.000000 27888.000000 932.000000 1384.000000 76.000000 375.000000 22013.000000 3108.000000
987121 53.763257 11.301284 2757.000000 24722.000000 27811.000000 969.000000 1265.000000 54.000000 469.000000 21965.000000 3089.000000
988121 53.252518 11.227098 2792.000000 24716.000000 27781.000000 1051.000000 1127.000000 54.000000 560.000000 21924.000000 3065.000000
989121 52.739610 11.188685 2839.000000 24731.000000 27787.000000 1159.000000 970.000000 53.000000 657.000000 21892.000000 3056.000000
990121 52.449664 11.237328 2881.000000 24739.000000 27818.000000 1263.000000 751.000000 47.000000 820.000000 21858.000000 3079.000000
991121 51.811233 11.193280 2944.000000 24782.000000 27856.000000 1413.000000 506.000000 44.000000 981.000000 21838.000000 3074.000000
992121 50.776524 11.125040 3053.000000 24855.000000 27919.000000 1628.000000 273.000000 42.000000 1110.000000 21802.000000 3064.000000
993121 49.839589 11.085343 3173.000000 24967.000000 28028.000000 1877.000000 192.000000 46.000000 1058.000000 21794.000000 3061.000000
994121 48.358349 10.986396 3335.000000 25092.000000 28153.000000 2211.000000 173.000000 32.000000 919.000000 21757.000000 3061.000000
995121 46.570561 10.834951 3548.000000 25283.000000 28325.000000 2650.000000 171.000000 27.000000 700.000000 21735.000000 3042.000000
996121 45.411903 10.853039 3789.000000 25512.000000 28545.000000 3100.000000 171.000000 65.000000 453.000000 21723.000000 3033.000000
997121 44.234055 10.817492 3988.000000 25686.000000 28722.000000 3512.000000 183.000000 71.000000 222.000000 21698.000000 3036.000000
998121 44.096488 10.868885 4050.000000 25722.000000 28761.000000 3631.000000 197.000000 87.000000 135.000000 21672.000000 3039.000000
999121 44.582920 10.962911 4000.000000 25654.000000 28715.000000 3580.000000 223.000000 87.000000 110.000000 21654.000000 3061.000000
1000121 45.070020 11.027201 3953.000000 25557.000000 28602.000000 3469.000000 264.000000 109.000000 111.000000 21604.000000 3045.000000
1001121 45.425640 11.033103 3883.000000 25451.000000 28487.000000 3348.000000 310.000000 107.000000 118.000000 21568.000000 3036.000000
1002121 45.896835 11.040998 3806.000000 25349.000000 28367.000000 3199.000000 373.000000 114.000000 120.000000 21543.000000 3018.000000
1003121 46.837327 11.146136 3737.000000 25252.000000 28234.000000 3002.000000 466.000000 165.000000 104.000000 21515.000000 2982.000000
1004121 47.961667 11.235435 3594.000000 25083.000000 28063.000000 2737.000000 574.000000 173.000000 110.000000 21489.000000 2980.000000
1005121 49.749844 11.425494 3445.000000 24899.000000 27850.000000 2401.000000 685.000000 231.000000 128.000000 21454.000000 2951.000000
1006121 51.748705 11.573839 3226.000000 24664.000000 27614.000000 2009.000000 827.000000 246.000000 144.000000 21438.000000 2950.000000
1007121 54.573017 11.843837 2998.000000 24417.000000 27356.000000 1514.000000 1004.000000 301.000000 179.000000 21419.000000 2939.000000
1008121 56.743047 11.958565 2733.000000 24143.000000 27127.000000 1039.000000 1208.000000 260.000000 226.000000 21410.000000 2984.000000
1009121 56.475469 11.617380 2534.000000 23941.000000 26951.000000 828.000000 1311.000000 121.000000 274.000000 21407.000000 3010.000000
1010121 56.235078 11.418556 2450.000000 23821.000000 26816.000000 792.000000 1257.000000 67.000000 334.000000 21371.000000 2995.000000
1011121 55.460940 11.204608 2451.000000 23788.000000 26739.000000 840.000000 1163.000000 45.000000 403.000000 21337.000000 2951.000000
1012121 54.834535 11.101961 2485.000000 23792.000000 26716.000000 913.000000 1054.000000 42.000000 476.000000 21307.000000 2924.000000
1013121 54.197349 11.024153 2525.000000 23798.000000 26705.000000 1000.000000 901.000000 37.000000 587.000000 21273.000000 2907.000000
1014121 53.640688 10.977984 2576.000000 23818.000000 26708.000000 1095.000000 706.000000 42.000000 733.000000 21242.000000 2890.000000
1015121 53.207684 10.981038 2631.000000 23850.000000 26737.000000 1216.000000 482.000000 49.000000 884.000000 21219.000000 2887.000000
1016121 52.304394 10.925373 2707.000000 23909.000000 26800.000000 1411.000000 249.000000 37.000000 1010.000000 21202.000000 2891.000000
1017121 51.421053 10.906047 2814.000000 23989.000000 26875.000000 1621.000000 168.000000 45.000000 980.000000 21175.000000 2886.000000
1018121 50.145473 10.849843 2945.000000 24107.000000 27005.000000 1919.000000 157.000000 32.000000 837.000000 21162.000000 2898.000000
1019121 48.398872 10.736896 3137.000000 24278.000000 27168.000000 2323.000000 139.000000 27.000000 648.000000 21141.000000 2890.000000
1020121 46.583253 10.617916 3362.000000 24478.000000 27350.000000 2756.000000 138.000000 32.000000 436.000000 21116.000000 2872.000000
1021121 44.829193 10.492840 3608.000000 24682.000000 27514.000000 3187.000000 149.000000 55.000000 217.000000 21074.000000 2832.000000
1022121 44.444444 10.516377 3682.000000 24704.000000 27538.000000 3328.000000 163.000000 62.000000 129.000000 21022.000000 2834.000000
1023121 44.282201 10.487423 3694.000000 24659.000000 27471.000000 3311.000000 209.000000 69.000000 105.000000 20965.000000 2812.000000
1024121 44.365104 10.439039 3664.000000 24600.000000 27378.000000 3235.000000 251.000000 80.000000 98.000000 20936.000000 2778.000000
1025121 44.949812 10.505095 3608.000000 24514.000000 27282.000000 3113.000000 297.000000 98.000000 100.000000 20906.000000 2768.000000
1026121 45.600381 10.560583 3525.000000 24415.000000 27186.000000 2993.000000 342.000000 100.000000 90.000000 20890.000000 2771.000000
1027121 46.515005 10.652921 3457.000000 24322.000000 27063.000000 2814.000000 424.000000 142.000000 77.000000 20865.000000 2741.000000
1028121 47.541254 10.709241 3336.000000 24178.000000 26902.000000 2558.000000 530.000000 157.000000 91.000000 20842.000000 2724.000000
1029121 49.244610 10.860288 3191.000000 24012.000000 26712.000000 2253.000000 634.000000 201.000000 103.000000 20821.000000 2700.000000
1030121 50.651638 10.863078 3034.000000 23831.000000 26475.000000 1905.000000 768.000000 232.000000 129.000000 20797.000000 2644.000000
1031121 53.098643 11.037006 2830.000000 23615.000000 26239.000000 1444.000000 937.000000 272.000000 177.000000 20785.000000 2624.000000
1032121 55.568445 11.076425 2600.000000 23375.000000 25947.000000 959.000000 1112.000000 302.000000 227.000000 20775.000000 2572.000000
1033121 54.443779 10.578192 2411.000000 23174.000000 25770.000000 745.000000 1272.000000 130.000000 264.000000 20763.000000 2596.000000
1034121 54.499289 10.459223 2315.000000 23044.000000 25652.000000 696.000000 1239.000000 75.000000 305.000000 20729.000000 2608.000000
1035121 54.144549 10.358970 2294.000000 22997.000000 25601.000000 721.000000 1151.000000 48.000000 374.000000 20703.000000 2604.000000
1036121 53.279188 10.251602 2328.000000 22999.000000 25596.000000 825.000000 1033.000000 27.000000 443.000000 20671.000000 2597.000000
1037121 52.976669 10.283439 2378.000000 23020.000000 25614.000000 912.000000 886.000000 40.000000 540.000000 20642.000000 2594.000000
1038121 52.350470 10.219862 2418.000000 23026.000000 25607.000000 993.000000 717.000000 36.000000 672.000000 20608.000000 2581.000000
1039121 51.557231 10.143627 2461.000000 23042.000000 25622.000000 1100.000000 494.000000 19.000000 848.000000 20581.000000 2580.000000
1040121 50.117096 10.002337 2579.000000 23129.000000 25674.000000 1307.000000 259.000000 23.000000 990.000000 20550.000000 2545.000000
1041121 48.817245 9.932078 2713.000000 23236.000000 25765.000000 1545.000000 181.000000 30.000000 957.000000 20523.000000 2529.000000
1042121 47.235152 9.804452 2861.000000 23366.000000 25876.000000 1851.000000 151.000000 27.000000 832.000000 20505.000000 2510.000000
1043121 45.635639 9.686719 3022.000000 23515.000000 26015.000000 2190.000000 139.000000 20.000000 673.000000 20493.000000 2500.000000
1044121 43.953935 9.608636 3246.000000 23731.000000 26216.000000 2624.000000 145.000000 34.000000 443.000000 20485.000000 2485.000000
1045121 42.799462 9.630162 3458.000000 23931.000000 26417.000000 3035.000000 151.000000 58.000000 214.000000 20473.000000 2486.000000
1046121 42.462562 9.646570 3524.000000 23969.000000 26455.000000 3170.000000 166.000000 66.000000 122.000000 20445.000000 2486.000000
1047121 42.780838 9.703555 3503.000000 23925.000000 26413.000000 3132.000000 198.000000 75.000000 98.000000 20422.000000 2488.000000
1048121 43.514785 9.826984 3451.000000 23855.000000 26356.000000 3032.000000 230.000000 89.000000 100.000000 20404.000000 2501.000000
1049121 43.557138 9.780333 3398.000000 23767.000000 26267.000000 2962.000000 262.000000 69.000000 105.000000 20369.000000 2500.000000
1050121 43.912519 9.750688 3355.000000 23700.000000 26152.000000 2839.000000 316.000000 98.000000 102.000000 20345.000000 2452.000000
1051121 45.287958 9.958172 3274.000000 23603.000000 26059.000000 2650.000000 394.000000 139.000000 91.000000 20329.000000 2456.000000
1052121 46.558198 10.050950 3134.000000 23449.000000 25908.000000 2423.000000 475.000000 145.000000 91.000000 20315.000000 2459.000000
1053121 48.535335 10.290750 3000.000000 23299.000000 25761.000000 2127.000000 588.000000 189.000000 96.000000 20299.000000 2462.000000
1054121 50.443815 10.440527 2835.000000 23123.000000 25583.000000 1805.000000 705.000000 211.000000 114.000000 20288.000000 2460.000000
1055121 53.748038 10.798770 2624.000000 22892.000000 25364.000000 1364.000000 836.000000 267.000000 157.000000 20268.000000 2472.000000
1056121 55.973045 10.905112 2425.000000 22663.000000 25135.000000 935.000000 1023.000000 269.000000 198.000000 20238.000000 2472.000000
1057121 54.838710 10.425685 2268.000000 22473.000000 24948.000000 715.000000 1193.000000 126.000000 234.000000 20205.000000 2475.000000
1058121 54.150620 10.195778 2195.000000 22345.000000 24824.000000 715.000000 1147.000000 52.000000 281.000000 20150.000000 2479.000000
1059121 53.162651 9.982225 2211.000000 22317.000000 24754.000000 763.000000 1077.000000 34.000000 337.000000 20106.000000 2437.000000
1060121 52.646240 9.925669 2250.000000 22337.000000 24754.000000 839.000000 973.000000 40.000000 398.000000 20087.000000 2417.000000
1061121 52.230523 9.886469 2262.000000 22328.000000 24751.000000 897.000000 836.000000 24.000000 505.000000 20066.000000 2423.000000
1062121 51.833793 9.874399 2310.000000 22354.000000 24761.000000 979.000000 693.000000 38.000000 600.000000 20044.000000 2407.000000
1063121 50.867656 9.817213 2385.000000 22385.000000 24783.000000 1117.000000 482.000000 35.000000 751.000000 20000.000000 2398.000000
1064121 50.349794 9.847479 2453.000000 22442.000000 24849.000000 1263.000000 234.000000 40.000000 916.000000 19989.000000 2407.000000
1065121 49.606299 9.856386 2531.000000 22506.000000 24928.000000 1443.000000 145.000000 35.000000 908.000000 19975.000000 2422.000000
1066121 48.144512 9.788423 2664.000000 22621.000000 25050.000000 1739.000000 119.000000 23.000000 783.000000 19957.000000 2429.000000
1067121 47.322971 9.800493 2777.000000 22728.000000 25162.000000 1975.000000 111.000000 32.000000 659.000000 19951.000000 2434.000000
1068121 45.893452 9.786596 2969.000000 22914.000000 25351.000000 2351.000000 113.000000 44.000000 461.000000 19945.000000 2437.000000
1069121 44.509491 9.812664 3187.000000 23119.000000 25569.000000 2786.000000 132.000000 59.000000 210.000000 19932.000000 2450.000000
1070121 44.137207 9.846947 3269.000000 23167.000000 25612.000000 2926.000000 163.000000 77.000000 103.000000 19898.000000 2445.000000
1071121 44.190141 9.823106 3244.000000 23116.000000 25552.000000 2887.000000 196.000000 74.000000 87.000000 19872.000000 2436.000000
1072121 44.737775 9.903126 3199.000000 23052.000000 25497.000000 2826.000000 214.000000 80.000000 79.000000 19853.000000 2445.000000
1073121 44.757992 9.859931 3167.000000 22984.000000 25416.000000 2769.000000 252.000000 74.000000 72.000000 19817.000000 2432.000000
1074121 45.456188 9.933670 3119.000000 22912.000000 25328.000000 2632.000000 324.000000 100.000000 63.000000 19793.000000 2416.000000
1075121 46.512482 10.046386 3033.000000 22808.000000 25223.000000 2468.000000 374.000000 119.000000 72.000000 19775.000000 2415.000000
1076121 47.681622 10.126380 2924.000000 22680.000000 25083.000000 2279.000000 422.000000 137.000000 86.000000 19756.000000 2403.000000
1077121 49.091963 10.197857 2812.000000 22553.000000 24917.000000 2005.000000 530.000000 177.000000 100.000000 19741.000000 2364.000000
1078121 49.979928 10.077708 2659.000000 22385.000000 24708.000000 1735.000000 628.000000 167.000000 129.000000 19726.000000 2323.000000
1079121 52.748171 10.304144 2497.000000 22207.000000 24495.000000 1342.000000 747.000000 236.000000 172.000000 19710.000000 2288.000000
1080121 55.895197 10.543223 2286.000000 21987.000000 24281.000000 862.000000 961.000000 266.000000 197.000000 19701.000000 2294.000000
1081121 56.115108 10.341399 2109.000000 21797.000000 24136.000000 634.000000 1096.000000 157.000000 222.000000 19688.000000 2339.000000
1082121 55.524798 10.026660 1983.000000 21654.000000 24006.000000 610.000000 1055.000000 55.000000 263.000000 19671.000000 2352.000000
1083121 54.772938 9.864386 1983.000000 21632.000000 23965.000000 657.000000 1002.000000 31.000000 293.000000 19649.000000 2333.000000
1084121 54.702628 9.905247 2007.000000 21626.000000 23957.000000 695.000000 916.000000 42.000000 354.000000 19619.000000 2331.000000
1085121 54.130335 9.850098 2030.000000 21621.000000 23949.000000 757.000000 787.000000 31.000000 455.000000 19591.000000 2328.000000
1086121 53.409350 9.773401 2059.000000 21637.000000 23963.000000 846.000000 654.000000 16.000000 543.000000 19578.000000 2326.000000
1087121 52.584067 9.711975 2123.000000 21683.000000 23991.000000 962.000000 467.000000 22.000000 672.000000 19560.000000 2308.000000
1088121 52.064271 9.709102 2180.000000 21728.000000 24029.000000 1067.000000 234.000000 32.000000 847.000000 19548.000000 2301.000000
1089121 50.637643 9.563159 2263.000000 21797.000000 24082.000000 1257.000000 142.000000 18.000000 846.000000 19534.000000 2285.000000
1090121 48.906987 9.434430 2399.000000 21921.000000 24188.000000 1531.000000 117.000000 15.000000 736.000000 19522.000000 2267.000000
1091121 47.360734 9.346949 2550.000000 22043.000000 24286.000000 1794.000000 113.000000 27.000000 616.000000 19493.000000 2243.000000
1092121 45.982322 9.361963 2735.000000 22207.000000 24450.000000 2139.000000 114.000000 46.000000 436.000000 19472.000000 2243.000000
1093121 43.625192 9.224148 2968.000000 22391.000000 24631.000000 2598.000000 133.000000 32.000000 205.000000 19423.000000 2240.000000
1094121 43.143181 9.257083 3065.000000 22444.000000 24673.000000 2753.000000 151.000000 55.000000 106.000000 19379.000000 2229.000000
1095121 43.130567 9.241889 3062.000000 22412.000000 24627.000000 2746.000000 173.000000 61.000000 82.000000 19350.000000 2215.000000
1096121 43.333333 9.211973 3019.000000 22354.000000 24555.000000 2685.000000 197.000000 61.000000 76.000000 19335.000000 2201.000000
1097121 43.521915 9.205636 2990.000000 22296.000000 24485.000000 2635.000000 225.000000 65.000000 65.000000 19306.000000 2189.000000
1098121 44.444444 9.339669 2949.000000 22231.000000 24412.000000 2521.000000 259.000000 99.000000 70.000000 19282.000000 2181.000000
1099121 44.767557 9.309309 2882.000000 22136.000000 24309.000000 2410.000000 314.000000 90.000000 68.000000 19254.000000 2173.000000
1100121 45.791381 9.400190 2819.000000 22044.000000 24191.000000 2238.000000 377.000000 127.000000 77.000000 19225.000000 2147.000000
1101121 47.390224 9.514305 2696.000000 21916.000000 24048.000000 1980.000000 461.000000 156.000000 99.000000 19220.000000 2132.000000
1102121 49.392713 9.697122 2549.000000 21760.000000 23904.000000 1711.000000 543.000000 174.000000 121.000000 19211.000000 2144.000000
1103121 52.689838 10.034996 2377.000000 21577.000000 23717.000000 1329.000000 662.000000 240.000000 146.000000 19200.000000 2140.000000
1104121 56.809249 10.449983 2149.000000 21336.000000 23512.000000 861.000000 840.000000 281.000000 167.000000 19187.000000 2176.000000
1105121 55.856937 9.971290 1970.000000 21141.000000 23337.000000 625.000000 1024.000000 131.000000 190.000000 19171.000000 2196.000000
768104 0.224825 0.047500 8451.000000 40000.000000 40000.000000 4425.000000 1027.000000 19.000000 2980.000000 31549.000000 0.000000
769104 0.447322 0.094150 8481.000000 40347.000000 40361.000000 5110.000000 742.000000 24.000000 2605.000000 31866.000000 14.000000
770104 0.863981 0.181680 8518.000000 40684.000000 40731.000000 5800.000000 541.000000 27.000000 2150.000000 32166.000000 47.000000
771104 1.631321 0.341072 8503.000000 40968.000000 41047.000000 6335.000000 381.000000 61.000000 1726.000000 32465.000000 79.000000
772104 2.495647 0.519964 8465.000000 41199.000000 41349.000000 6801.000000 332.000000 65.000000 1267.000000 32734.000000 150.000000
773104 3.962461 0.822728 8389.000000 41327.000000 41569.000000 7029.000000 331.000000 100.000000 929.000000 32938.000000 242.000000
774104 6.103341 1.265246 8280.000000 41360.000000 41731.000000 7058.000000 383.000000 157.000000 682.000000 33080.000000 371.000000
775104 9.411765 1.949728 8092.000000 41274.000000 41852.000000 6875.000000 483.000000 238.000000 496.000000 33182.000000 578.000000
776104 13.046472 2.708949 7845.000000 41102.000000 41972.000000 6623.000000 628.000000 267.000000 327.000000 33257.000000 870.000000
777104 17.599175 3.651979 7522.000000 40832.000000 42032.000000 6146.000000 807.000000 335.000000 234.000000 33310.000000 1200.000000
778104 22.814036 4.742219 7138.000000 40479.000000 42090.000000 5545.000000 1047.000000 385.000000 161.000000 33341.000000 1611.000000
779104 29.215283 6.064204 6637.000000 40011.000000 42116.000000 4778.000000 1270.000000 449.000000 140.000000 33374.000000 2105.000000
780104 34.431480 7.143535 6107.000000 39501.000000 42136.000000 4120.000000 1437.000000 375.000000 175.000000 33394.000000 2635.000000
781104 40.375157 8.374852 5645.000000 39052.000000 42150.000000 3392.000000 1582.000000 432.000000 239.000000 33407.000000 3098.000000
782104 45.220672 9.381152 5142.000000 38555.000000 42159.000000 2745.000000 1707.000000 351.000000 339.000000 33413.000000 3604.000000
783104 50.045735 10.379663 4703.000000 38126.000000 42169.000000 2122.000000 1776.000000 334.000000 471.000000 33423.000000 4043.000000
784104 53.597987 11.105317 4314.000000 37760.000000 42187.000000 1640.000000 1823.000000 258.000000 593.000000 33446.000000 4427.000000
785104 56.174251 11.635012 4040.000000 37520.000000 42226.000000 1330.000000 1755.000000 207.000000 748.000000 33480.000000 4706.000000
786104 58.399085 12.081569 3815.000000 37341.000000 42271.000000 1134.000000 1604.000000 177.000000 900.000000 33526.000000 4930.000000
787104 60.249371 12.443888 3629.000000 37213.000000 42326.000000 983.000000 1446.000000 154.000000 1046.000000 33584.000000 5113.000000
788104 60.883461 12.576926 3520.000000 37170.000000 42411.000000 1024.000000 1265.000000 93.000000 1138.000000 33650.000000 5241.000000
789104 61.249857 12.639134 3473.000000 37199.000000 42495.000000 1103.000000 1066.000000 75.000000 1229.000000 33726.000000 5296.000000
790104 60.973391 12.580948 3470.000000 37296.000000 42620.000000 1329.000000 884.000000 38.000000 1219.000000 33826.000000 5324.000000
791104 60.495643 12.501462 3511.000000 37437.000000 42763.000000 1616.000000 698.000000 20.000000 1177.000000 33926.000000 5326.000000
792104 60.060736 12.444072 3574.000000 37595.000000 42912.000000 1932.000000 501.000000 23.000000 1118.000000 34021.000000 5317.000000
793104 59.279500 12.344102 3662.000000 37753.000000 43057.000000 2271.000000 387.000000 11.000000 993.000000 34091.000000 5304.000000
794104 57.774123 12.201561 3861.000000 37924.000000 43183.000000 2710.000000 302.000000 10.000000 839.000000 34063.000000 5259.000000
795104 56.125509 12.103926 4124.000000 38086.000000 43300.000000 3169.000000 214.000000 27.000000 714.000000 33962.000000 5214.000000
796104 54.898259 12.064912 4348.000000 38196.000000 43382.000000 3536.000000 193.000000 48.000000 571.000000 33848.000000 5186.000000
797104 52.629976 11.932773 4713.000000 38300.000000 43435.000000 4065.000000 165.000000 48.000000 435.000000 33587.000000 5135.000000
798104 50.215644 11.807140 5165.000000 38352.000000 43389.000000 4560.000000 170.000000 86.000000 349.000000 33187.000000 5037.000000
799104 47.308274 11.582574 5681.000000 38339.000000 43246.000000 5094.000000 213.000000 102.000000 272.000000 32658.000000 4907.000000
800104 44.468784 11.311818 6199.000000 38313.000000 43070.000000 5642.000000 257.000000 115.000000 185.000000 32114.000000 4757.000000
801104 41.939513 10.994177 6663.000000 38213.000000 42759.000000 6006.000000 351.000000 155.000000 151.000000 31550.000000 4546.000000
802104 39.462001 10.683227 7144.000000 38088.000000 42431.000000 6413.000000 445.000000 190.000000 96.000000 30944.000000 4343.000000
803104 37.016955 10.241939 7509.000000 37884.000000 41994.000000 6722.000000 528.000000 191.000000 68.000000 30375.000000 4110.000000
804104 34.825526 9.691333 7718.000000 37670.000000 41501.000000 6830.000000 618.000000 191.000000 79.000000 29952.000000 3831.000000
805104 33.848572 9.442144 7816.000000 37415.000000 41050.000000 6744.000000 723.000000 241.000000 108.000000 29599.000000 3635.000000
806104 33.353993 9.281297 7815.000000 37108.000000 40587.000000 6535.000000 835.000000 288.000000 157.000000 29293.000000 3479.000000
807104 33.157424 9.219100 7740.000000 36770.000000 40210.000000 6286.000000 994.000000 267.000000 193.000000 29030.000000 3440.000000
808104 34.197878 9.453497 7610.000000 36473.000000 39890.000000 5871.000000 1145.000000 354.000000 240.000000 28863.000000 3417.000000
809104 35.591979 9.804515 7403.000000 36127.000000 39645.000000 5406.000000 1319.000000 369.000000 309.000000 28724.000000 3518.000000
810104 37.446809 10.253812 7144.000000 35812.000000 39478.000000 4851.000000 1532.000000 382.000000 379.000000 28668.000000 3666.000000
811104 39.330233 10.736960 6894.000000 35522.000000 39378.000000 4266.000000 1830.000000 372.000000 426.000000 28628.000000 3856.000000
812104 41.519153 11.282482 6635.000000 35249.000000 39291.000000 3661.000000 2085.000000 391.000000 498.000000 28614.000000 4042.000000
813104 43.364574 11.786133 6421.000000 35009.000000 39258.000000 3082.000000 2369.000000 378.000000 592.000000 28588.000000 4249.000000
814104 44.720613 12.181837 6262.000000 34848.000000 39288.000000 2650.000000 2589.000000 346.000000 677.000000 28586.000000 4440.000000
815104 44.949870 12.304017 6184.000000 34765.000000 39353.000000 2368.000000 2772.000000 254.000000 790.000000 28581.000000 4588.000000
816104 45.002303 12.387787 6165.000000 34744.000000 39434.000000 2208.000000 2829.000000 195.000000 933.000000 28579.000000 4690.000000
817104 46.422052 12.862924 6039.000000 34623.000000 39540.000000 2119.000000 2645.000000 169.000000 1106.000000 28584.000000 4917.000000
818104 47.256510 13.216248 5995.000000 34582.000000 39686.000000 2173.000000 2374.000000 141.000000 1307.000000 28587.000000 5104.000000
819104 47.693948 13.471724 5987.000000 34573.000000 39839.000000 2302.000000 2040.000000 101.000000 1544.000000 28586.000000 5266.000000
820104 47.713961 13.636818 6070.000000 34655.000000 40024.000000 2554.000000 1694.000000 89.000000 1733.000000 28585.000000 5369.000000
821104 47.381546 13.701355 6192.000000 34778.000000 40215.000000 2893.000000 1294.000000 73.000000 1932.000000 28586.000000 5437.000000
822104 46.681884 13.661216 6384.000000 34976.000000 40421.000000 3343.000000 922.000000 77.000000 2042.000000 28592.000000 5445.000000
823104 45.528523 13.490306 6613.000000 35214.000000 40644.000000 3913.000000 608.000000 53.000000 2039.000000 28601.000000 5430.000000
824104 44.369075 13.279033 6889.000000 35537.000000 40884.000000 4554.000000 484.000000 82.000000 1769.000000 28648.000000 5347.000000
825104 43.331989 13.075444 7122.000000 35804.000000 41077.000000 5148.000000 434.000000 98.000000 1442.000000 28682.000000 5273.000000
826104 42.376682 12.837494 7309.000000 36044.000000 41223.000000 5706.000000 398.000000 113.000000 1092.000000 28735.000000 5179.000000
827104 41.282195 12.471820 7418.000000 36208.000000 41253.000000 6163.000000 385.000000 100.000000 770.000000 28790.000000 5045.000000
828104 40.545117 12.187318 7480.000000 36335.000000 41256.000000 6490.000000 387.000000 107.000000 496.000000 28855.000000 4921.000000
829104 40.548930 12.077859 7439.000000 36297.000000 41100.000000 6476.000000 437.000000 161.000000 365.000000 28858.000000 4803.000000
830104 40.721950 11.979740 7304.000000 36150.000000 40869.000000 6323.000000 501.000000 177.000000 303.000000 28846.000000 4719.000000
831104 41.040413 11.927803 7184.000000 35992.000000 40611.000000 6092.000000 615.000000 225.000000 252.000000 28808.000000 4619.000000
832104 41.623667 11.991180 7040.000000 35775.000000 40363.000000 5853.000000 711.000000 252.000000 224.000000 28735.000000 4588.000000
833104 42.473684 12.089586 6869.000000 35520.000000 40051.000000 5503.000000 848.000000 311.000000 207.000000 28651.000000 4531.000000
834104 43.929144 12.403549 6655.000000 35208.000000 39787.000000 5007.000000 1053.000000 356.000000 239.000000 28553.000000 4579.000000
835104 45.559048 12.833940 6450.000000 34843.000000 39528.000000 4507.000000 1297.000000 388.000000 258.000000 28393.000000 4685.000000
836104 47.234081 13.243346 6236.000000 34492.000000 39265.000000 3960.000000 1557.000000 427.000000 292.000000 28256.000000 4773.000000
837104 48.936170 13.661734 5977.000000 34131.000000 39058.000000 3394.000000 1850.000000 409.000000 324.000000 28154.000000 4927.000000
838104 50.184026 14.027056 5777.000000 33791.000000 38882.000000 2923.000000 2093.000000 363.000000 398.000000 28014.000000 5091.000000
839104 50.911602 14.266546 5652.000000 33547.000000 38755.000000 2579.000000 2273.000000 321.000000 479.000000 27895.000000 5208.000000
840104 50.404115 14.186377 5563.000000 33360.000000 38685.000000 2446.000000 2364.000000 163.000000 590.000000 27797.000000 5325.000000
841104 49.396930 14.034268 5662.000000 33238.000000 38520.000000 2571.000000 2226.000000 124.000000 741.000000 27576.000000 5282.000000
842104 48.965831 13.982775 5725.000000 33183.000000 38433.000000 2658.000000 2008.000000 124.000000 935.000000 27458.000000 5250.000000
843104 48.437359 14.008492 5858.000000 33146.000000 38391.000000 2835.000000 1750.000000 133.000000 1140.000000 27288.000000 5245.000000
844104 48.133298 14.066243 5934.000000 33115.000000 38404.000000 3008.000000 1453.000000 113.000000 1360.000000 27181.000000 5289.000000
845104 47.409167 14.017427 6074.000000 33152.000000 38445.000000 3270.000000 1135.000000 96.000000 1573.000000 27078.000000 5293.000000
846104 47.160515 14.152681 6252.000000 33234.000000 38551.000000 3555.000000 835.000000 139.000000 1723.000000 26982.000000 5317.000000
847104 46.594860 14.183189 6417.000000 33362.000000 38736.000000 3957.000000 606.000000 120.000000 1734.000000 26945.000000 5374.000000
848104 45.938329 14.224116 6652.000000 33550.000000 38962.000000 4428.000000 524.000000 130.000000 1570.000000 26898.000000 5412.000000
849104 45.115525 14.202950 6882.000000 33729.000000 39182.000000 4950.000000 540.000000 112.000000 1280.000000 26847.000000 5453.000000
850104 44.371229 14.177363 7136.000000 33962.000000 39422.000000 5504.000000 546.000000 129.000000 957.000000 26826.000000 5460.000000
851104 43.613196 14.084116 7336.000000 34156.000000 39612.000000 6014.000000 535.000000 123.000000 664.000000 26820.000000 5456.000000
852104 43.527496 14.131393 7456.000000 34276.000000 39713.000000 6279.000000 581.000000 175.000000 421.000000 26820.000000 5437.000000
853104 43.925742 14.246845 7415.000000 34234.000000 39693.000000 6278.000000 621.000000 196.000000 320.000000 26819.000000 5459.000000
854104 44.589084 14.378556 7285.000000 34078.000000 39545.000000 6084.000000 653.000000 219.000000 329.000000 26793.000000 5467.000000
855104 45.138723 14.430946 7117.000000 33884.000000 39346.000000 5817.000000 750.000000 216.000000 334.000000 26767.000000 5462.000000
856104 45.600452 14.450010 6977.000000 33706.000000 39128.000000 5559.000000 856.000000 232.000000 330.000000 26729.000000 5422.000000
857104 46.521347 14.597208 6792.000000 33480.000000 38891.000000 5200.000000 972.000000 266.000000 354.000000 26688.000000 5411.000000
858104 47.136197 14.662696 6666.000000 33269.000000 38615.000000 4837.000000 1160.000000 316.000000 353.000000 26603.000000 5346.000000
859104 48.419625 14.909328 6474.000000 32998.000000 38325.000000 4362.000000 1371.000000 387.000000 354.000000 26524.000000 5327.000000
860104 49.531494 15.031596 6214.000000 32668.000000 37980.000000 3830.000000 1576.000000 397.000000 411.000000 26454.000000 5312.000000
861104 50.946583 15.215545 5960.000000 32381.000000 37672.000000 3213.000000 1866.000000 441.000000 440.000000 26421.000000 5291.000000
862104 51.659845 15.203833 5713.000000 32077.000000 37359.000000 2682.000000 2135.000000 398.000000 498.000000 26364.000000 5282.000000
863104 52.085838 15.165634 5485.000000 31804.000000 37130.000000 2246.000000 2343.000000 305.000000 591.000000 26319.000000 5326.000000
864104 51.127327 14.781456 5392.000000 31675.000000 36972.000000 2095.000000 2432.000000 168.000000 697.000000 26283.000000 5297.000000
865104 50.361333 14.545947 5365.000000 31600.000000 36890.000000 2201.000000 2294.000000 76.000000 794.000000 26235.000000 5290.000000
866104 50.070668 14.430022 5388.000000 31601.000000 36826.000000 2269.000000 2050.000000 89.000000 980.000000 26213.000000 5225.000000
867104 49.633183 14.335778 5448.000000 31626.000000 36810.000000 2395.000000 1811.000000 93.000000 1149.000000 26178.000000 5184.000000
868104 49.061209 14.204175 5507.000000 31647.000000 36792.000000 2581.000000 1502.000000 81.000000 1343.000000 26140.000000 5145.000000
869104 48.733942 14.212412 5631.000000 31723.000000 36834.000000 2801.000000 1167.000000 124.000000 1539.000000 26092.000000 5111.000000
870104 48.172696 14.179266 5753.000000 31796.000000 36906.000000 3060.000000 853.000000 123.000000 1717.000000 26043.000000 5110.000000
871104 46.962575 14.031439 5958.000000 31920.000000 37024.000000 3499.000000 571.000000 91.000000 1797.000000 25962.000000 5104.000000
872104 45.879634 13.883733 6175.000000 32099.000000 37173.000000 3958.000000 489.000000 87.000000 1641.000000 25924.000000 5074.000000
873104 44.918291 13.765030 6402.000000 32300.000000 37341.000000 4463.000000 486.000000 99.000000 1354.000000 25898.000000 5041.000000
874104 43.496527 13.517546 6679.000000 32545.000000 37529.000000 5057.000000 516.000000 89.000000 1017.000000 25866.000000 4984.000000
875104 42.239933 13.335982 6983.000000 32818.000000 37755.000000 5677.000000 523.000000 98.000000 685.000000 25835.000000 4937.000000
876104 41.328504 13.244177 7265.000000 33027.000000 37911.000000 6193.000000 559.000000 137.000000 376.000000 25762.000000 4884.000000
877104 41.128171 13.226130 7304.000000 32997.000000 37872.000000 6301.000000 575.000000 134.000000 294.000000 25693.000000 4875.000000
878104 40.887310 13.121752 7307.000000 32919.000000 37716.000000 6236.000000 626.000000 152.000000 293.000000 25612.000000 4797.000000
879104 41.006415 13.119386 7262.000000 32776.000000 37517.000000 6093.000000 676.000000 181.000000 312.000000 25514.000000 4741.000000
880104 41.512775 13.194854 7152.000000 32603.000000 37310.000000 5827.000000 783.000000 216.000000 326.000000 25451.000000 4707.000000
881104 41.861857 13.207293 7046.000000 32426.000000 37078.000000 5560.000000 892.000000 245.000000 349.000000 25380.000000 4652.000000
882104 43.502384 13.607029 6857.000000 32200.000000 36878.000000 5081.000000 1074.000000 340.000000 362.000000 25343.000000 4678.000000
883104 44.724284 13.818430 6593.000000 31902.000000 36625.000000 4644.000000 1248.000000 338.000000 363.000000 25309.000000 4723.000000
884104 46.126061 14.058845 6376.000000 31635.000000 36333.000000 4115.000000 1482.000000 410.000000 369.000000 25259.000000 4698.000000
885104 47.642771 14.325741 6080.000000 31288.000000 36047.000000 3545.000000 1722.000000 405.000000 408.000000 25208.000000 4759.000000
886104 49.749693 14.728747 5768.000000 30941.000000 35760.000000 2884.000000 1983.000000 448.000000 453.000000 25173.000000 4819.000000
887104 51.055422 14.906430 5485.000000 30645.000000 35535.000000 2290.000000 2287.000000 407.000000 501.000000 25160.000000 4890.000000
888104 50.156219 14.520323 5288.000000 30424.000000 35378.000000 2038.000000 2451.000000 183.000000 616.000000 25136.000000 4954.000000
889104 50.501574 14.554164 5169.000000 30283.000000 35282.000000 1981.000000 2312.000000 136.000000 740.000000 25114.000000 4999.000000
890104 50.367755 14.564015 5156.000000 30224.000000 35265.000000 2045.000000 2101.000000 95.000000 915.000000 25068.000000 5041.000000
891104 50.337145 14.605722 5172.000000 30206.000000 35267.000000 2128.000000 1882.000000 90.000000 1072.000000 25034.000000 5061.000000
892104 49.931840 14.535147 5215.000000 30225.000000 35280.000000 2265.000000 1627.000000 73.000000 1250.000000 25010.000000 5055.000000
893104 49.522155 14.518594 5317.000000 30292.000000 35334.000000 2498.000000 1292.000000 88.000000 1439.000000 24975.000000 5042.000000
894104 48.863853 14.451912 5448.000000 30388.000000 35414.000000 2784.000000 914.000000 92.000000 1658.000000 24940.000000 5026.000000
895104 48.040229 14.382193 5644.000000 30542.000000 35537.000000 3172.000000 560.000000 116.000000 1796.000000 24898.000000 4995.000000
896104 47.436135 14.361374 5776.000000 30658.000000 35686.000000 3540.000000 436.000000 97.000000 1703.000000 24882.000000 5028.000000
897104 46.621253 14.312801 5974.000000 30827.000000 35863.000000 3971.000000 434.000000 97.000000 1472.000000 24853.000000 5036.000000
898104 45.316253 14.114713 6226.000000 31075.000000 36090.000000 4558.000000 431.000000 79.000000 1158.000000 24849.000000 5015.000000
899104 43.764624 13.884307 6556.000000 31389.000000 36372.000000 5277.000000 427.000000 67.000000 785.000000 24833.000000 4983.000000
900104 42.710803 13.777754 6872.000000 31677.000000 36617.000000 5876.000000 445.000000 105.000000 446.000000 24805.000000 4940.000000
901104 42.442890 13.739562 6970.000000 31753.000000 36646.000000 6077.000000 477.000000 142.000000 274.000000 24783.000000 4893.000000
902104 42.717870 13.788857 6897.000000 31645.000000 36544.000000 5970.000000 514.000000 140.000000 273.000000 24748.000000 4899.000000
903104 43.136418 13.868914 6823.000000 31543.000000 36434.000000 5827.000000 576.000000 162.000000 258.000000 24720.000000 4891.000000
904104 43.320083 13.827440 6740.000000 31422.000000 36254.000000 5618.000000 672.000000 181.000000 269.000000 24682.000000 4832.000000
905104 44.555322 14.109885 6598.000000 31248.000000 36074.000000 5274.000000 778.000000 264.000000 282.000000 24650.000000 4826.000000
906104 45.925464 14.379030 6388.000000 30995.000000 35823.000000 4822.000000 946.000000 323.000000 297.000000 24607.000000 4828.000000
907104 46.629623 14.400248 6157.000000 30727.000000 35548.000000 4442.000000 1123.000000 298.000000 294.000000 24570.000000 4821.000000
908104 47.989527 14.567130 5916.000000 30452.000000 35230.000000 3929.000000 1321.000000 354.000000 312.000000 24536.000000 4778.000000
909104 49.442736 14.739495 5639.000000 30144.000000 34913.000000 3355.000000 1578.000000 377.000000 329.000000 24505.000000 4769.000000
910104 51.178850 14.995953 5418.000000 29877.000000 34596.000000 2696.000000 1881.000000 469.000000 372.000000 24459.000000 4719.000000
911104 52.228200 15.007000 5105.000000 29538.000000 34284.000000 2036.000000 2227.000000 399.000000 443.000000 24433.000000 4746.000000
912104 51.706361 14.716671 4919.000000 29297.000000 34077.000000 1720.000000 2419.000000 235.000000 545.000000 24378.000000 4780.000000
913104 50.920054 14.444117 4811.000000 29102.000000 33910.000000 1765.000000 2291.000000 90.000000 665.000000 24291.000000 4808.000000
914104 50.400833 14.319096 4854.000000 29057.000000 33808.000000 1840.000000 2101.000000 90.000000 823.000000 24203.000000 4751.000000
915104 49.715409 14.221433 4939.000000 29056.000000 33780.000000 2005.000000 1900.000000 80.000000 954.000000 24117.000000 4724.000000
916104 49.284022 14.163484 4995.000000 29065.000000 33777.000000 2149.000000 1633.000000 72.000000 1141.000000 24070.000000 4712.000000
917104 48.600899 14.073636 5101.000000 29124.000000 33815.000000 2385.000000 1297.000000 68.000000 1351.000000 24023.000000 4691.000000
918104 48.149269 14.078028 5230.000000 29226.000000 33911.000000 2654.000000 870.000000 89.000000 1617.000000 23996.000000 4685.000000
919104 47.078116 13.926618 5392.000000 29344.000000 34014.000000 3017.000000 480.000000 67.000000 1828.000000 23952.000000 4670.000000
920104 46.112311 13.775809 5578.000000 29488.000000 34096.000000 3380.000000 351.000000 89.000000 1758.000000 23910.000000 4608.000000
921104 44.963027 13.658110 5816.000000 29683.000000 34280.000000 3873.000000 349.000000 85.000000 1509.000000 23867.000000 4597.000000
922104 43.560180 13.462541 6099.000000 29949.000000 34518.000000 4478.000000 351.000000 78.000000 1192.000000 23850.000000 4569.000000
923104 42.257480 13.370625 6466.000000 30296.000000 34860.000000 5214.000000 375.000000 97.000000 780.000000 23830.000000 4564.000000
924104 41.151611 13.285958 6806.000000 30628.000000 35180.000000 5895.000000 408.000000 122.000000 381.000000 23822.000000 4552.000000
925104 40.956377 13.297948 6897.000000 30689.000000 35231.000000 6062.000000 461.000000 143.000000 231.000000 23792.000000 4542.000000
926104 41.609499 13.464822 6791.000000 30557.000000 35136.000000 5908.000000 521.000000 152.000000 210.000000 23766.000000 4579.000000
927104 42.124900 13.543541 6675.000000 30431.000000 35013.000000 5730.000000 580.000000 160.000000 205.000000 23756.000000 4582.000000
928104 42.832795 13.689009 6549.000000 30283.000000 34882.000000 5506.000000 663.000000 176.000000 204.000000 23734.000000 4599.000000
929104 43.887776 13.890330 6406.000000 30114.000000 34686.000000 5162.000000 764.000000 246.000000 234.000000 23708.000000 4572.000000
930104 45.079454 14.081686 6193.000000 29881.000000 34449.000000 4755.000000 908.000000 283.000000 247.000000 23688.000000 4568.000000
931104 45.925644 14.133552 5954.000000 29611.000000 34174.000000 4365.000000 1041.000000 267.000000 281.000000 23657.000000 4563.000000
932104 47.634839 14.410906 5729.000000 29367.000000 33891.000000 3830.000000 1216.000000 360.000000 323.000000 23638.000000 4524.000000
933104 49.659182 14.743609 5431.000000 29056.000000 33601.000000 3171.000000 1495.000000 409.000000 356.000000 23625.000000 4545.000000
934104 52.682625 15.334715 5087.000000 28692.000000 33297.000000 2404.000000 1766.000000 501.000000 416.000000 23605.000000 4605.000000
935104 55.139890 15.753777 4687.000000 28278.000000 33027.000000 1654.000000 2117.000000 454.000000 462.000000 23591.000000 4749.000000
936104 54.144965 15.219447 4455.000000 28026.000000 32787.000000 1357.000000 2348.000000 229.000000 521.000000 23571.000000 4761.000000
937104 53.428729 14.876793 4300.000000 27843.000000 32628.000000 1386.000000 2226.000000 69.000000 619.000000 23543.000000 4785.000000
938104 52.965961 14.680845 4310.000000 27830.000000 32539.000000 1455.000000 2033.000000 68.000000 754.000000 23520.000000 4709.000000
939104 52.191720 14.499216 4377.000000 27862.000000 32519.000000 1616.000000 1841.000000 58.000000 862.000000 23485.000000 4657.000000
940104 51.531849 14.376191 4443.000000 27895.000000 32526.000000 1776.000000 1590.000000 45.000000 1032.000000 23452.000000 4631.000000
941104 50.926027 14.278252 4526.000000 27947.000000 32546.000000 1945.000000 1232.000000 48.000000 1301.000000 23421.000000 4599.000000
942104 50.064865 14.183767 4678.000000 28078.000000 32650.000000 2252.000000 823.000000 59.000000 1544.000000 23400.000000 4572.000000
943104 48.874186 13.992851 4838.000000 28198.000000 32731.000000 2582.000000 430.000000 47.000000 1779.000000 23360.000000 4533.000000
944104 47.779061 13.845358 5027.000000 28367.000000 32863.000000 2963.000000 271.000000 54.000000 1739.000000 23340.000000 4496.000000
945104 46.826051 13.759690 5233.000000 28553.000000 33024.000000 3389.000000 262.000000 73.000000 1509.000000 23320.000000 4471.000000
946104 45.397301 13.634317 5543.000000 28851.000000 33313.000000 4040.000000 280.000000 80.000000 1143.000000 23308.000000 4462.000000
947104 43.691295 13.422180 5895.000000 29184.000000 33616.000000 4766.000000 307.000000 80.000000 742.000000 23289.000000 4432.000000
948104 42.515983 13.341201 6229.000000 29488.000000 33895.000000 5436.000000 325.000000 115.000000 353.000000 23259.000000 4407.000000
949104 42.042182 13.324107 6351.000000 29549.000000 33961.000000 5704.000000 351.000000 113.000000 183.000000 23198.000000 4412.000000
950104 42.155856 13.346926 6342.000000 29470.000000 33843.000000 5639.000000 390.000000 144.000000 169.000000 23128.000000 4373.000000
951104 42.240891 13.285634 6245.000000 29334.000000 33683.000000 5485.000000 459.000000 126.000000 175.000000 23089.000000 4349.000000
952104 42.595245 13.309664 6162.000000 29206.000000 33517.000000 5303.000000 539.000000 150.000000 170.000000 23044.000000 4311.000000
953104 43.854560 13.592088 6049.000000 29073.000000 33365.000000 5002.000000 627.000000 243.000000 177.000000 23024.000000 4292.000000
954104 44.704373 13.670389 5859.000000 28858.000000 33130.000000 4651.000000 754.000000 257.000000 197.000000 22999.000000 4272.000000
955104 45.041322 13.596811 5683.000000 28629.000000 32868.000000 4337.000000 912.000000 230.000000 204.000000 22946.000000 4239.000000
956104 46.490956 13.797969 5478.000000 28402.000000 32599.000000 3820.000000 1123.000000 301.000000 234.000000 22924.000000 4197.000000
957104 49.165160 14.315353 5218.000000 28109.000000 32294.000000 3142.000000 1364.000000 438.000000 274.000000 22891.000000 4185.000000
958104 51.437099 14.578895 4860.000000 27730.000000 31916.000000 2413.000000 1656.000000 467.000000 324.000000 22870.000000 4186.000000
959104 53.665252 14.816926 4500.000000 27355.000000 31572.000000 1674.000000 2003.000000 461.000000 362.000000 22855.000000 4217.000000
960104 53.223902 14.398441 4216.000000 27050.000000 31302.000000 1275.000000 2257.000000 255.000000 429.000000 22834.000000 4252.000000
961104 52.958188 14.127290 4025.000000 26836.000000 31110.000000 1208.000000 2165.000000 121.000000 531.000000 22811.000000 4274.000000
962104 52.457823 13.928905 3966.000000 26756.000000 31029.000000 1264.000000 2001.000000 49.000000 652.000000 22790.000000 4273.000000
963104 52.073009 13.879313 4023.000000 26789.000000 31039.000000 1367.000000 1808.000000 58.000000 790.000000 22766.000000 4250.000000
964104 51.752379 13.834514 4057.000000 26814.000000 31060.000000 1476.000000 1552.000000 51.000000 978.000000 22757.000000 4246.000000
965104 51.388556 13.807410 4112.000000 26850.000000 31092.000000 1611.000000 1214.000000 51.000000 1236.000000 22738.000000 4242.000000
966104 51.023063 13.833574 4215.000000 26945.000000 31185.000000 1835.000000 823.000000 74.000000 1483.000000 22730.000000 4240.000000
967104 50.227511 13.758389 4314.000000 27033.000000 31290.000000 2113.000000 416.000000 48.000000 1737.000000 22719.000000 4257.000000
968104 49.307225 13.693751 4483.000000 27195.000000 31445.000000 2487.000000 245.000000 56.000000 1695.000000 22712.000000 4250.000000
969104 48.032200 13.578608 4695.000000 27389.000000 31638.000000 2965.000000 215.000000 47.000000 1468.000000 22694.000000 4249.000000
970104 46.591403 13.457499 4989.000000 27670.000000 31893.000000 3560.000000 215.000000 69.000000 1145.000000 22681.000000 4223.000000
971104 44.882796 13.310781 5333.000000 27999.000000 32222.000000 4309.000000 217.000000 66.000000 741.000000 22666.000000 4223.000000
972104 43.384366 13.162914 5673.000000 28318.000000 32508.000000 4990.000000 228.000000 89.000000 366.000000 22645.000000 4190.000000
973104 42.457091 12.985418 5818.000000 28430.000000 32575.000000 5315.000000 240.000000 85.000000 178.000000 22612.000000 4145.000000
974104 42.534302 12.979496 5807.000000 28377.000000 32482.000000 5271.000000 280.000000 111.000000 145.000000 22570.000000 4105.000000
975104 42.918149 13.040657 5741.000000 28274.000000 32368.000000 5135.000000 332.000000 127.000000 147.000000 22533.000000 4094.000000
976104 43.136247 13.018247 5669.000000 28168.000000 32224.000000 4995.000000 394.000000 139.000000 141.000000 22499.000000 4056.000000
977104 43.985824 13.153383 5541.000000 28030.000000 32083.000000 4768.000000 472.000000 167.000000 134.000000 22489.000000 4053.000000
978104 44.779607 13.229572 5406.000000 27859.000000 31868.000000 4473.000000 593.000000 207.000000 133.000000 22453.000000 4009.000000
979104 45.775796 13.309728 5231.000000 27665.000000 31631.000000 4082.000000 759.000000 244.000000 146.000000 22434.000000 3966.000000
980104 47.806287 13.701770 5016.000000 27425.000000 31412.000000 3602.000000 932.000000 317.000000 165.000000 22409.000000 3987.000000
981104 49.879380 13.966355 4722.000000 27106.000000 31089.000000 2973.000000 1219.000000 359.000000 171.000000 22384.000000 3983.000000
982104 53.077567 14.449795 4410.000000 26777.000000 30734.000000 2185.000000 1518.000000 484.000000 223.000000 22367.000000 3957.000000
983104 55.384041 14.650290 4035.000000 26370.000000 30368.000000 1433.000000 1874.000000 451.000000 277.000000 22335.000000 3998.000000
984104 55.217559 14.299010 3746.000000 26041.000000 30086.000000 1038.000000 2112.000000 257.000000 339.000000 22295.000000 4045.000000
985104 54.255319 13.835025 3560.000000 25805.000000 29859.000000 1018.000000 2057.000000 77.000000 408.000000 22245.000000 4054.000000
986104 53.502255 13.566791 3549.000000 25738.000000 29727.000000 1045.000000 1919.000000 44.000000 541.000000 22189.000000 3989.000000
987104 53.179114 13.538161 3592.000000 25743.000000 29716.000000 1128.000000 1716.000000 50.000000 698.000000 22151.000000 3973.000000
988104 52.817272 13.494786 3628.000000 25762.000000 29730.000000 1237.000000 1498.000000 44.000000 849.000000 22134.000000 3968.000000
989104 52.252841 13.446932 3707.000000 25804.000000 29754.000000 1385.000000 1162.000000 51.000000 1109.000000 22097.000000 3950.000000
990104 51.408269 13.347422 3788.000000 25859.000000 29811.000000 1590.000000 780.000000 27.000000 1391.000000 22071.000000 3952.000000
991104 50.292026 13.243063 3953.000000 25987.000000 29910.000000 1886.000000 372.000000 38.000000 1657.000000 22034.000000 3923.000000
992104 48.770797 13.069808 4172.000000 26172.000000 30054.000000 2295.000000 227.000000 46.000000 1604.000000 22000.000000 3882.000000
993104 47.578002 12.968662 4357.000000 26339.000000 30219.000000 2706.000000 190.000000 39.000000 1422.000000 21982.000000 3880.000000
994104 45.716639 12.750665 4660.000000 26631.000000 30469.000000 3330.000000 179.000000 47.000000 1104.000000 21971.000000 3838.000000
995104 44.004088 12.596301 4994.000000 26951.000000 30763.000000 4014.000000 187.000000 63.000000 730.000000 21957.000000 3812.000000
996104 42.334171 12.460598 5361.000000 27300.000000 31090.000000 4741.000000 213.000000 84.000000 323.000000 21939.000000 3790.000000
997104 41.602682 12.346353 5479.000000 27391.000000 31159.000000 4997.000000 238.000000 79.000000 165.000000 21912.000000 3768.000000
998104 41.768855 12.371830 5458.000000 27354.000000 31111.000000 4961.000000 281.000000 92.000000 124.000000 21896.000000 3757.000000
999104 41.987320 12.381137 5403.000000 27278.000000 31023.000000 4863.000000 324.000000 96.000000 120.000000 21875.000000 3745.000000
1000104 42.213115 12.337725 5338.000000 27199.000000 30889.000000 4703.000000 390.000000 121.000000 124.000000 21861.000000 3690.000000
1001104 43.159901 12.510970 5238.000000 27085.000000 30765.000000 4478.000000 472.000000 169.000000 119.000000 21847.000000 3680.000000
1002104 44.091791 12.627518 5097.000000 26922.000000 30584.000000 4186.000000 592.000000 200.000000 119.000000 21825.000000 3662.000000
1003104 46.188917 13.009549 4887.000000 26703.000000 30370.000000 3740.000000 729.000000 284.000000 134.000000 21816.000000 3667.000000
1004104 47.728360 13.236074 4652.000000 26448.000000 30160.000000 3342.000000 875.000000 280.000000 155.000000 21796.000000 3712.000000
1005104 50.304386 13.572674 4381.000000 26164.000000 29832.000000 2706.000000 1108.000000 381.000000 186.000000 21783.000000 3668.000000
1006104 53.164557 13.951124 4044.000000 25805.000000 29503.000000 2002.000000 1399.000000 418.000000 225.000000 21761.000000 3698.000000
1007104 56.175676 14.265125 3685.000000 25426.000000 29141.000000 1210.000000 1743.000000 442.000000 290.000000 21741.000000 3715.000000
1008104 55.147162 13.590144 3394.000000 25108.000000 28815.000000 865.000000 1975.000000 209.000000 345.000000 21714.000000 3707.000000
1009104 54.024478 13.116588 3267.000000 24927.000000 28605.000000 872.000000 1908.000000 74.000000 413.000000 21660.000000 3678.000000
1010104 53.410572 12.924932 3268.000000 24897.000000 28534.000000 932.000000 1772.000000 51.000000 513.000000 21629.000000 3637.000000
1011104 52.789824 12.811787 3304.000000 24891.000000 28505.000000 1011.000000 1601.000000 38.000000 654.000000 21587.000000 3614.000000
1012104 52.142652 12.710320 3358.000000 24932.000000 28528.000000 1148.000000 1403.000000 30.000000 777.000000 21574.000000 3596.000000
1013104 51.529445 12.626528 3422.000000 24977.000000 28551.000000 1288.000000 1087.000000 31.000000 1016.000000 21555.000000 3574.000000
1014104 50.641839 12.546306 3534.000000 25059.000000 28614.000000 1499.000000 703.000000 35.000000 1297.000000 21525.000000 3555.000000
1015104 49.778271 12.509142 3668.000000 25167.000000 28715.000000 1748.000000 338.000000 44.000000 1538.000000 21499.000000 3548.000000
1016104 48.671727 12.439379 3822.000000 25312.000000 28868.000000 2104.000000 174.000000 35.000000 1509.000000 21490.000000 3556.000000
1017104 47.251292 12.294065 4015.000000 25480.000000 29014.000000 2494.000000 142.000000 33.000000 1346.000000 21465.000000 3534.000000
1018104 45.349134 12.151734 4332.000000 25772.000000 29288.000000 3117.000000 139.000000 43.000000 1033.000000 21440.000000 3516.000000
1019104 43.331705 11.988107 4688.000000 26096.000000 29596.000000 3829.000000 139.000000 48.000000 672.000000 21408.000000 3500.000000
1020104 41.926379 11.924273 5017.000000 26411.000000 29897.000000 4462.000000 179.000000 79.000000 297.000000 21394.000000 3486.000000
1021104 41.350944 11.905397 5147.000000 26494.000000 29978.000000 4720.000000 210.000000 85.000000 132.000000 21347.000000 3484.000000
1022104 41.480366 11.960188 5136.000000 26444.000000 29941.000000 4718.000000 232.000000 84.000000 102.000000 21308.000000 3497.000000
1023104 42.131033 12.101122 5072.000000 26359.000000 29865.000000 4603.000000 267.000000 108.000000 94.000000 21287.000000 3506.000000
1024104 42.610837 12.200282 4989.000000 26241.000000 29778.000000 4472.000000 336.000000 96.000000 85.000000 21252.000000 3537.000000
1025104 43.463275 12.336808 4901.000000 26130.000000 29643.000000 4259.000000 408.000000 144.000000 90.000000 21229.000000 3513.000000
1026104 44.256143 12.406678 4766.000000 25973.000000 29468.000000 4000.000000 513.000000 161.000000 92.000000 21207.000000 3495.000000
1027104 45.441049 12.554690 4645.000000 25818.000000 29256.000000 3669.000000 648.000000 235.000000 93.000000 21173.000000 3438.000000
1028104 46.362594 12.553037 4444.000000 25584.000000 28989.000000 3285.000000 791.000000 234.000000 134.000000 21140.000000 3405.000000
1029104 50.006595 13.207219 4198.000000 25321.000000 28704.000000 2633.000000 985.000000 408.000000 172.000000 21123.000000 3383.000000
1030104 53.632361 13.741319 3819.000000 24918.000000 28367.000000 1895.000000 1277.000000 449.000000 198.000000 21099.000000 3449.000000
1031104 55.944661 13.852907 3456.000000 24540.000000 28023.000000 1190.000000 1626.000000 399.000000 241.000000 21084.000000 3483.000000
1032104 55.129938 13.240016 3181.000000 24243.000000 27719.000000 813.000000 1884.000000 194.000000 290.000000 21062.000000 3476.000000
1033104 54.602833 12.878045 3023.000000 24070.000000 27543.000000 785.000000 1814.000000 74.000000 350.000000 21047.000000 3473.000000
1034104 54.009947 12.653388 3004.000000 24033.000000 27463.000000 829.000000 1707.000000 45.000000 423.000000 21029.000000 3430.000000
1035104 53.976390 12.660303 3006.000000 24016.000000 27448.000000 859.000000 1543.000000 43.000000 561.000000 21010.000000 3432.000000
1036104 53.421053 12.570117 3034.000000 24028.000000 27454.000000 950.000000 1338.000000 25.000000 721.000000 20994.000000 3426.000000
1037104 53.128363 12.574589 3085.000000 24064.000000 27484.000000 1046.000000 1064.000000 36.000000 939.000000 20979.000000 3420.000000
1038104 52.694702 12.595254 3157.000000 24128.000000 27558.000000 1208.000000 682.000000 41.000000 1226.000000 20971.000000 3430.000000
1039104 51.925671 12.537087 3236.000000 24201.000000 27638.000000 1401.000000 343.000000 28.000000 1464.000000 20965.000000 3437.000000
1040104 50.410196 12.389285 3410.000000 24358.000000 27774.000000 1744.000000 178.000000 25.000000 1463.000000 20948.000000 3416.000000
1041104 49.057950 12.299159 3609.000000 24548.000000 27945.000000 2134.000000 152.000000 40.000000 1283.000000 20939.000000 3397.000000
1042104 47.185909 12.167341 3863.000000 24778.000000 28182.000000 2673.000000 143.000000 25.000000 1022.000000 20915.000000 3404.000000
1043104 44.847053 11.981761 4242.000000 25135.000000 28510.000000 3412.000000 153.000000 41.000000 636.000000 20893.000000 3375.000000
1044104 43.234032 11.901039 4559.000000 25416.000000 28779.000000 4025.000000 173.000000 62.000000 299.000000 20857.000000 3363.000000
1045104 42.251771 11.779379 4703.000000 25520.000000 28864.000000 4335.000000 190.000000 56.000000 122.000000 20817.000000 3344.000000
1046104 42.149172 11.745316 4708.000000 25497.000000 28820.000000 4347.000000 204.000000 62.000000 95.000000 20789.000000 3323.000000
1047104 41.984446 11.650249 4695.000000 25452.000000 28729.000000 4297.000000 231.000000 70.000000 97.000000 20757.000000 3277.000000
1048104 42.206144 11.617750 4641.000000 25383.000000 28620.000000 4174.000000 278.000000 88.000000 101.000000 20742.000000 3237.000000
1049104 42.608584 11.609777 4577.000000 25294.000000 28476.000000 3993.000000 357.000000 124.000000 103.000000 20717.000000 3182.000000
1050104 43.421397 11.713651 4479.000000 25176.000000 28343.000000 3777.000000 451.000000 153.000000 98.000000 20697.000000 3167.000000
1051104 44.404380 11.805013 4362.000000 25040.000000 28166.000000 3482.000000 578.000000 199.000000 103.000000 20678.000000 3126.000000
1052104 46.091718 12.046081 4179.000000 24825.000000 27951.000000 3110.000000 711.000000 241.000000 117.000000 20646.000000 3126.000000
1053104 48.547130 12.379816 3965.000000 24576.000000 27666.000000 2593.000000 903.000000 335.000000 134.000000 20611.000000 3090.000000
1054104 51.680547 12.729870 3663.000000 24237.000000 27298.000000 1903.000000 1192.000000 414.000000 154.000000 20574.000000 3061.000000
1055104 54.466095 12.956577 3299.000000 23851.000000 26967.000000 1227.000000 1491.000000 378.000000 203.000000 20552.000000 3116.000000
1056104 54.253247 12.523890 3035.000000 23560.000000 26685.000000 829.000000 1742.000000 217.000000 247.000000 20525.000000 3125.000000
1057104 53.677569 12.198159 2871.000000 23352.000000 26504.000000 792.000000 1692.000000 81.000000 306.000000 20481.000000 3152.000000
1058104 52.721487 11.921984 2859.000000 23293.000000 26405.000000 837.000000 1578.000000 36.000000 408.000000 20434.000000 3112.000000
1059104 52.471929 11.869290 2866.000000 23278.000000 26379.000000 870.000000 1438.000000 30.000000 528.000000 20412.000000 3101.000000
1060104 51.785118 11.765152 2918.000000 23307.000000 26383.000000 972.000000 1254.000000 28.000000 664.000000 20389.000000 3076.000000
1061104 51.545199 11.801430 2970.000000 23348.000000 26429.000000 1070.000000 1018.000000 38.000000 844.000000 20378.000000 3081.000000
1062104 50.800392 11.748706 3048.000000 23397.000000 26471.000000 1234.000000 661.000000 36.000000 1117.000000 20349.000000 3074.000000
1063104 49.983912 11.702007 3151.000000 23486.000000 26551.000000 1441.000000 331.000000 42.000000 1337.000000 20335.000000 3065.000000
1064104 49.276047 11.738902 3269.000000 23587.000000 26672.000000 1685.000000 182.000000 46.000000 1356.000000 20318.000000 3085.000000
1065104 48.053938 11.686666 3423.000000 23731.000000 26834.000000 2028.000000 154.000000 33.000000 1208.000000 20308.000000 3103.000000
1066104 46.535094 11.598491 3641.000000 23940.000000 27038.000000 2475.000000 154.000000 38.000000 974.000000 20299.000000 3098.000000
1067104 44.324784 11.441112 3968.000000 24251.000000 27340.000000 3129.000000 163.000000 39.000000 637.000000 20283.000000 3089.000000
1068104 42.612478 11.345952 4291.000000 24565.000000 27631.000000 3748.000000 183.000000 69.000000 291.000000 20274.000000 3066.000000
1069104 41.724785 11.223349 4392.000000 24655.000000 27719.000000 4002.000000 209.000000 47.000000 134.000000 20263.000000 3064.000000
1070104 41.676711 11.226956 4410.000000 24662.000000 27719.000000 4040.000000 227.000000 55.000000 88.000000 20252.000000 3057.000000
1071104 41.991925 11.280642 4387.000000 24615.000000 27658.000000 3961.000000 260.000000 77.000000 89.000000 20228.000000 3043.000000
1072104 42.694497 11.415111 4316.000000 24533.000000 27595.000000 3837.000000 290.000000 88.000000 101.000000 20217.000000 3062.000000
1073104 43.624161 11.579292 4235.000000 24440.000000 27506.000000 3681.000000 335.000000 119.000000 100.000000 20205.000000 3066.000000
1074104 44.968685 11.798861 4095.000000 24294.000000 27384.000000 3414.000000 433.000000 141.000000 107.000000 20199.000000 3090.000000
1075104 46.316537 11.982227 3963.000000 24150.000000 27232.000000 3128.000000 532.000000 181.000000 122.000000 20187.000000 3082.000000
1076104 47.446964 12.006664 3805.000000 23980.000000 27010.000000 2791.000000 661.000000 213.000000 140.000000 20175.000000 3030.000000
1077104 49.651621 12.249169 3599.000000 23758.000000 26761.000000 2357.000000 813.000000 275.000000 154.000000 20159.000000 3003.000000
1078104 53.252936 12.697692 3354.000000 23482.000000 26430.000000 1708.000000 1060.000000 408.000000 178.000000 20128.000000 2948.000000
1079104 55.651596 12.819237 3011.000000 23112.000000 26117.000000 1079.000000 1379.000000 343.000000 210.000000 20101.000000 3005.000000
1080104 55.189170 12.306025 2771.000000 22850.000000 25841.000000 757.000000 1591.000000 189.000000 234.000000 20079.000000 2991.000000
1081104 54.348213 11.912372 2629.000000 22660.000000 25654.000000 730.000000 1555.000000 62.000000 282.000000 20031.000000 2994.000000
1082104 53.575278 11.663016 2626.000000 22628.000000 25568.000000 759.000000 1459.000000 42.000000 366.000000 20002.000000 2940.000000
1083104 52.851232 11.503073 2646.000000 22628.000000 25541.000000 836.000000 1315.000000 25.000000 470.000000 19982.000000 2913.000000
1084104 52.410714 11.483235 2694.000000 22653.000000 25559.000000 923.000000 1160.000000 29.000000 582.000000 19959.000000 2906.000000
1085104 52.014197 11.461307 2726.000000 22664.000000 25573.000000 999.000000 938.000000 22.000000 767.000000 19938.000000 2909.000000
1086104 51.054852 11.338878 2801.000000 22724.000000 25611.000000 1154.000000 598.000000 17.000000 1032.000000 19923.000000 2887.000000
1087104 49.991357 11.261244 2928.000000 22824.000000 25681.000000 1364.000000 283.000000 35.000000 1246.000000 19896.000000 2857.000000
1088104 48.783784 11.200745 3066.000000 22930.000000 25784.000000 1633.000000 162.000000 34.000000 1237.000000 19864.000000 2854.000000
1089104 47.509073 11.122268 3220.000000 23052.000000 25894.000000 1928.000000 133.000000 38.000000 1121.000000 19832.000000 2842.000000
1090104 45.993309 11.072757 3434.000000 23230.000000 26073.000000 2345.000000 130.000000 44.000000 915.000000 19796.000000 2843.000000
1091104 43.844525 10.987720 3753.000000 23525.000000 26384.000000 2991.000000 148.000000 40.000000 574.000000 19772.000000 2859.000000
1092104 42.115162 10.922667 4057.000000 23796.000000 26651.000000 3554.000000 179.000000 56.000000 268.000000 19739.000000 2855.000000
1093104 41.322902 10.863468 4190.000000 23901.000000 26741.000000 3809.000000 202.000000 65.000000 114.000000 19711.000000 2840.000000
1094104 41.466534 10.914123 4166.000000 23865.000000 26736.000000 3813.000000 228.000000 47.000000 78.000000 19699.000000 2871.000000
1095104 41.657159 10.945404 4151.000000 23826.000000 26687.000000 3763.000000 256.000000 60.000000 72.000000 19675.000000 2861.000000
1096104 41.761405 10.911415 4111.000000 23758.000000 26596.000000 3679.000000 280.000000 64.000000 88.000000 19647.000000 2838.000000
1097104 42.674046 11.055352 4046.000000 23683.000000 26503.000000 3532.000000 313.000000 110.000000 91.000000 19637.000000 2820.000000
1098104 43.596205 11.155363 3945.000000 23563.000000 26364.000000 3307.000000 400.000000 140.000000 98.000000 19618.000000 2801.000000
1099104 45.162269 11.368582 3816.000000 23417.000000 26195.000000 3004.000000 496.000000 200.000000 116.000000 19601.000000 2778.000000
1100104 46.174184 11.407823 3654.000000 23250.000000 26026.000000 2698.000000 627.000000 193.000000 136.000000 19596.000000 2776.000000
1101104 48.416653 11.676682 3494.000000 23068.000000 25795.000000 2265.000000 788.000000 285.000000 156.000000 19574.000000 2727.000000
1102104 52.087175 12.171426 3214.000000 22776.000000 25527.000000 1620.000000 1058.000000 356.000000 180.000000 19562.000000 2751.000000
1103104 54.949709 12.353711 2911.000000 22451.000000 25207.000000 1027.000000 1322.000000 358.000000 204.000000 19540.000000 2756.000000
1104104 54.709014 11.930976 2659.000000 22189.000000 24977.000000 717.000000 1530.000000 192.000000 220.000000 19530.000000 2788.000000
