761591 0.889617 0.190000 8543.000000 40000.000000 40000.000000 2232.000000 2831.000000 76.000000 3404.000000 31457.000000 0.000000
762591 1.372253 0.292695 8542.000000 40258.000000 40315.000000 2801.000000 2255.000000 61.000000 3425.000000 31716.000000 57.000000
763591 1.868943 0.398083 8550.000000 40577.000000 40695.000000 3505.000000 1690.000000 44.000000 3311.000000 32027.000000 118.000000
764591 2.163709 0.459910 8569.000000 40929.000000 41095.000000 4270.000000 1260.000000 23.000000 3016.000000 32360.000000 166.000000
765591 2.169715 0.460418 8619.000000 41300.000000 41484.000000 5039.000000 914.000000 7.000000 2659.000000 32681.000000 184.000000
766591 2.416714 0.511399 8660.000000 41651.000000 41846.000000 5733.000000 592.000000 19.000000 2316.000000 32991.000000 195.000000
767591 2.862274 0.604667 8691.000000 41954.000000 42172.000000 6320.000000 413.000000 37.000000 1921.000000 33263.000000 218.000000
768591 3.520267 0.745777 8742.000000 42243.000000 42506.000000 6897.000000 272.000000 54.000000 1519.000000 33501.000000 263.000000
769591 4.750305 1.003744 8693.000000 42402.000000 42740.000000 7203.000000 222.000000 91.000000 1177.000000 33709.000000 338.000000
770591 6.543606 1.379021 8589.000000 42471.000000 42929.000000 7340.000000 252.000000 134.000000 863.000000 33882.000000 458.000000
771591 9.127945 1.923211 8454.000000 42477.000000 43105.000000 7314.000000 361.000000 201.000000 578.000000 34023.000000 628.000000
772591 13.043956 2.746287 8216.000000 42338.000000 43222.000000 7034.000000 495.000000 303.000000 384.000000 34122.000000 884.000000
773591 17.398463 3.659325 7855.000000 42059.000000 43314.000000 6583.000000 723.000000 330.000000 219.000000 34204.000000 1255.000000
774591 23.135147 4.862921 7420.000000 41673.000000 43369.000000 5943.000000 937.000000 413.000000 127.000000 34253.000000 1696.000000
775591 28.898881 6.072268 6917.000000 41193.000000 43394.000000 5199.000000 1172.000000 434.000000 112.000000 34276.000000 2201.000000
776591 34.367803 7.219202 6423.000000 40716.000000 43412.000000 4438.000000 1438.000000 438.000000 109.000000 34293.000000 2696.000000
777591 39.322145 8.256374 5925.000000 40229.000000 43421.000000 3721.000000 1672.000000 393.000000 139.000000 34304.000000 3192.000000
778591 43.743832 9.185530 5492.000000 39800.000000 43427.000000 3090.000000 1813.000000 362.000000 227.000000 34308.000000 3627.000000
779591 48.492159 10.180730 5069.000000 39385.000000 43435.000000 2360.000000 1984.000000 372.000000 353.000000 34316.000000 4050.000000
780591 51.953039 10.898336 4659.000000 38992.000000 43447.000000 1845.000000 2016.000000 280.000000 518.000000 34333.000000 4455.000000
781591 54.692982 11.475372 4359.000000 38706.000000 43467.000000 1433.000000 2004.000000 227.000000 695.000000 34347.000000 4761.000000
782591 57.246218 12.006530 4135.000000 38506.000000 43493.000000 1060.000000 1952.000000 235.000000 888.000000 34371.000000 4987.000000
783591 58.511221 12.274658 3943.000000 38353.000000 43545.000000 910.000000 1799.000000 153.000000 1081.000000 34410.000000 5192.000000
784591 59.518600 12.471343 3836.000000 38316.000000 43620.000000 867.000000 1601.000000 136.000000 1232.000000 34480.000000 5304.000000
785591 59.322956 12.464265 3804.000000 38342.000000 43725.000000 1016.000000 1408.000000 67.000000 1313.000000 34538.000000 5383.000000
786591 58.329737 12.339367 3900.000000 38443.000000 43811.000000 1345.000000 1179.000000 38.000000 1338.000000 34543.000000 5368.000000
787591 56.676558 12.178349 4112.000000 38590.000000 43914.000000 1807.000000 895.000000 24.000000 1386.000000 34478.000000 5324.000000
788591 55.086512 11.998819 4321.000000 38773.000000 44046.000000 2302.000000 690.000000 12.000000 1317.000000 34452.000000 5273.000000
789591 53.653787 11.832380 4528.000000 39014.000000 44243.000000 2840.000000 502.000000 6.000000 1180.000000 34486.000000 5229.000000
790591 52.768201 11.722569 4663.000000 39194.000000 44393.000000 3238.000000 332.000000 5.000000 1088.000000 34531.000000 5199.000000
791591 51.614833 11.626810 4869.000000 39372.000000 44535.000000 3676.000000 239.000000 15.000000 939.000000 34503.000000 5163.000000
792591 49.970800 11.489314 5165.000000 39576.000000 44685.000000 4229.000000 150.000000 25.000000 761.000000 34411.000000 5109.000000
793591 48.333492 11.374302 5481.000000 39700.000000 44750.000000 4721.000000 106.000000 40.000000 614.000000 34219.000000 5050.000000
794591 46.724648 11.280127 5813.000000 39774.000000 44769.000000 5182.000000 122.000000 55.000000 454.000000 33961.000000 4995.000000
795591 44.605735 11.132481 6267.000000 39823.000000 44716.000000 5710.000000 154.000000 85.000000 318.000000 33556.000000 4893.000000
796591 42.691275 11.055265 6775.000000 39801.000000 44567.000000 6167.000000 225.000000 161.000000 222.000000 33026.000000 4766.000000
797591 40.358820 10.866327 7318.000000 39692.000000 44302.000000 6653.000000 330.000000 204.000000 131.000000 32374.000000 4610.000000
798591 38.714192 10.711032 7697.000000 39457.000000 43908.000000 6893.000000 478.000000 252.000000 74.000000 31760.000000 4451.000000
799591 36.711529 10.419735 8062.000000 39184.000000 43456.000000 7105.000000 649.000000 256.000000 52.000000 31122.000000 4272.000000
800591 35.456750 10.200949 8260.000000 38886.000000 42996.000000 7106.000000 825.000000 276.000000 53.000000 30626.000000 4110.000000
801591 34.290389 9.857731 8280.000000 38580.000000 42525.000000 7006.000000 963.000000 247.000000 64.000000 30300.000000 3945.000000
802591 33.399389 9.608076 8316.000000 38305.000000 42100.000000 6862.000000 1104.000000 250.000000 100.000000 29989.000000 3795.000000
803591 33.773727 9.682368 8249.000000 38005.000000 41715.000000 6476.000000 1289.000000 329.000000 155.000000 29756.000000 3710.000000
804591 34.198214 9.715777 8060.000000 37681.000000 41376.000000 6047.000000 1459.000000 325.000000 229.000000 29621.000000 3695.000000
805591 35.166351 9.924593 7848.000000 37356.000000 41110.000000 5545.000000 1645.000000 326.000000 332.000000 29508.000000 3754.000000
806591 36.891012 10.381232 7665.000000 37070.000000 40920.000000 4978.000000 1814.000000 398.000000 475.000000 29405.000000 3850.000000
807591 38.300848 10.747308 7495.000000 36827.000000 40773.000000 4400.000000 2047.000000 436.000000 612.000000 29332.000000 3946.000000
808591 40.142080 11.244595 7272.000000 36574.000000 40704.000000 3706.000000 2377.000000 447.000000 742.000000 29302.000000 4130.000000
809591 41.130655 11.548479 7112.000000 36383.000000 40698.000000 3146.000000 2745.000000 385.000000 836.000000 29271.000000 4315.000000
810591 44.491820 12.547547 6740.000000 35997.000000 40749.000000 2698.000000 2759.000000 361.000000 922.000000 29257.000000 4752.000000
811591 46.667813 13.278689 6460.000000 35701.000000 40870.000000 2497.000000 2680.000000 258.000000 1025.000000 29241.000000 5169.000000
812591 47.884811 13.742412 6319.000000 35566.000000 41019.000000 2488.000000 2522.000000 184.000000 1125.000000 29247.000000 5453.000000
813591 48.831756 14.154974 6284.000000 35537.000000 41194.000000 2547.000000 2302.000000 174.000000 1261.000000 29253.000000 5657.000000
814591 49.335315 14.444928 6268.000000 35521.000000 41364.000000 2687.000000 2007.000000 132.000000 1442.000000 29253.000000 5843.000000
815591 49.441682 14.605605 6285.000000 35548.000000 41532.000000 2903.000000 1568.000000 82.000000 1732.000000 29263.000000 5984.000000
816591 49.099063 14.680107 6439.000000 35716.000000 41764.000000 3273.000000 1085.000000 83.000000 1998.000000 29277.000000 6048.000000
817591 48.629274 14.705672 6597.000000 35880.000000 41977.000000 3651.000000 848.000000 76.000000 2022.000000 29283.000000 6097.000000
818591 48.036862 14.696266 6798.000000 36093.000000 42208.000000 4121.000000 685.000000 88.000000 1904.000000 29295.000000 6115.000000
819591 47.022587 14.565028 7042.000000 36344.000000 42451.000000 4713.000000 563.000000 76.000000 1690.000000 29302.000000 6107.000000
820591 45.891589 14.366296 7342.000000 36692.000000 42725.000000 5395.000000 514.000000 105.000000 1328.000000 29350.000000 6033.000000
821591 44.754728 14.108058 7618.000000 37022.000000 42940.000000 6084.000000 483.000000 140.000000 911.000000 29404.000000 5918.000000
822591 44.343487 13.889148 7657.000000 37098.000000 42868.000000 6281.000000 509.000000 184.000000 683.000000 29441.000000 5770.000000
823591 44.181504 13.757369 7617.000000 37054.000000 42748.000000 6342.000000 580.000000 187.000000 508.000000 29437.000000 5694.000000
824591 44.144487 13.635403 7537.000000 36960.000000 42573.000000 6314.000000 627.000000 192.000000 404.000000 29423.000000 5613.000000
825591 44.181368 13.482244 7412.000000 36840.000000 42352.000000 6163.000000 711.000000 198.000000 340.000000 29428.000000 5512.000000
826591 44.525547 13.464505 7279.000000 36671.000000 42133.000000 5993.000000 783.000000 211.000000 292.000000 29392.000000 5462.000000
827591 45.253846 13.550342 7121.000000 36477.000000 41903.000000 5671.000000 927.000000 252.000000 271.000000 29356.000000 5426.000000
828591 46.046022 13.650885 6935.000000 36224.000000 41631.000000 5304.000000 1050.000000 276.000000 305.000000 29289.000000 5407.000000
829591 47.393521 13.933138 6745.000000 35952.000000 41369.000000 4870.000000 1208.000000 347.000000 320.000000 29207.000000 5417.000000
830591 48.602886 14.178996 6537.000000 35644.000000 41096.000000 4362.000000 1435.000000 375.000000 365.000000 29107.000000 5452.000000
831591 50.867588 14.775396 6314.000000 35314.000000 40872.000000 3713.000000 1687.000000 481.000000 433.000000 29000.000000 5558.000000
832591 52.679560 15.206591 6028.000000 34951.000000 40660.000000 3025.000000 2040.000000 474.000000 489.000000 28923.000000 5709.000000
833591 51.780046 14.933201 5881.000000 34644.000000 40420.000000 2747.000000 2324.000000 260.000000 550.000000 28763.000000 5776.000000
834591 50.710738 14.773238 5997.000000 34405.000000 40086.000000 2819.000000 2321.000000 241.000000 616.000000 28408.000000 5681.000000
835591 49.203221 14.434000 6089.000000 34205.000000 39788.000000 2971.000000 2232.000000 160.000000 726.000000 28116.000000 5583.000000
836591 48.185017 14.174640 6160.000000 34120.000000 39613.000000 3118.000000 2088.000000 122.000000 832.000000 27960.000000 5493.000000
837591 46.962697 13.904651 6296.000000 34084.000000 39476.000000 3316.000000 1893.000000 97.000000 990.000000 27788.000000 5392.000000
838591 46.026349 13.740865 6442.000000 34085.000000 39408.000000 3536.000000 1602.000000 92.000000 1212.000000 27643.000000 5323.000000
839591 45.363345 13.649046 6560.000000 34122.000000 39424.000000 3760.000000 1221.000000 79.000000 1500.000000 27562.000000 5302.000000
840591 45.046169 13.705391 6720.000000 34209.000000 39510.000000 4025.000000 836.000000 114.000000 1745.000000 27489.000000 5301.000000
841591 44.647093 13.773875 6903.000000 34309.000000 39633.000000 4349.000000 646.000000 135.000000 1773.000000 27406.000000 5324.000000
842591 44.203657 13.787471 7035.000000 34419.000000 39797.000000 4704.000000 576.000000 109.000000 1646.000000 27384.000000 5378.000000
843591 43.605887 13.833134 7278.000000 34627.000000 40056.000000 5241.000000 540.000000 112.000000 1385.000000 27349.000000 5429.000000
844591 42.853860 13.858615 7608.000000 34924.000000 40372.000000 5853.000000 565.000000 147.000000 1043.000000 27316.000000 5448.000000
845591 43.270384 14.211174 7847.000000 35133.000000 40630.000000 6195.000000 669.000000 277.000000 706.000000 27286.000000 5497.000000
846591 43.690185 14.452243 7837.000000 35106.000000 40748.000000 6308.000000 801.000000 247.000000 481.000000 27269.000000 5642.000000
847591 43.903348 14.478959 7714.000000 34964.000000 40659.000000 6223.000000 915.000000 192.000000 384.000000 27250.000000 5695.000000
848591 44.362542 14.549671 7616.000000 34858.000000 40537.000000 6035.000000 1014.000000 219.000000 348.000000 27242.000000 5679.000000
849591 44.902139 14.652804 7487.000000 34700.000000 40395.000000 5827.000000 1096.000000 224.000000 340.000000 27213.000000 5695.000000
850591 45.205585 14.646816 7332.000000 34530.000000 40234.000000 5603.000000 1221.000000 189.000000 319.000000 27198.000000 5704.000000
851591 45.995654 14.800110 7197.000000 34358.000000 40047.000000 5299.000000 1321.000000 238.000000 339.000000 27161.000000 5689.000000
852591 46.753964 14.891586 7046.000000 34170.000000 39801.000000 4902.000000 1433.000000 296.000000 415.000000 27124.000000 5631.000000
853591 47.217307 14.853514 6882.000000 33974.000000 39526.000000 4543.000000 1469.000000 319.000000 551.000000 27092.000000 5552.000000
854591 48.770290 15.153599 6688.000000 33748.000000 39258.000000 3958.000000 1615.000000 439.000000 676.000000 27060.000000 5510.000000
855591 50.464863 15.466564 6376.000000 33392.000000 38955.000000 3248.000000 1899.000000 462.000000 767.000000 27016.000000 5563.000000
856591 51.240589 15.499482 6162.000000 33114.000000 38640.000000 2639.000000 2198.000000 463.000000 862.000000 26952.000000 5526.000000
857591 50.932381 15.216203 5962.000000 32899.000000 38413.000000 2287.000000 2463.000000 331.000000 881.000000 26937.000000 5514.000000
858591 50.392451 14.935829 5791.000000 32709.000000 38257.000000 2388.000000 2371.000000 166.000000 866.000000 26918.000000 5548.000000
859591 49.539007 14.639769 5809.000000 32699.000000 38170.000000 2583.000000 2232.000000 117.000000 877.000000 26890.000000 5471.000000
860591 49.003204 14.453340 5844.000000 32703.000000 38095.000000 2717.000000 2035.000000 114.000000 978.000000 26859.000000 5392.000000
861591 48.535156 14.346069 5888.000000 32732.000000 38108.000000 2914.000000 1816.000000 91.000000 1067.000000 26844.000000 5376.000000
862591 48.138298 14.247481 5936.000000 32768.000000 38112.000000 3064.000000 1486.000000 86.000000 1300.000000 26832.000000 5344.000000
863591 47.800793 14.207493 6004.000000 32829.000000 38170.000000 3285.000000 1047.000000 82.000000 1590.000000 26825.000000 5341.000000
864591 47.268761 14.163943 6142.000000 32927.000000 38245.000000 3551.000000 632.000000 99.000000 1860.000000 26785.000000 5318.000000
865591 46.550679 14.028589 6262.000000 33045.000000 38336.000000 3876.000000 477.000000 87.000000 1822.000000 26783.000000 5291.000000
866591 45.611940 13.906441 6466.000000 33198.000000 38457.000000 4315.000000 434.000000 89.000000 1628.000000 26732.000000 5259.000000
867591 44.717218 13.811397 6732.000000 33439.000000 38642.000000 4837.000000 436.000000 134.000000 1325.000000 26707.000000 5203.000000
868591 43.753575 13.751573 7042.000000 33744.000000 38941.000000 5518.000000 454.000000 158.000000 912.000000 26702.000000 5197.000000
869591 43.301435 13.861234 7353.000000 33987.000000 39174.000000 6056.000000 541.000000 243.000000 513.000000 26634.000000 5187.000000
870591 42.701629 13.735463 7400.000000 33940.000000 39125.000000 6246.000000 633.000000 189.000000 332.000000 26540.000000 5185.000000
871591 42.805698 13.739340 7335.000000 33771.000000 38932.000000 6144.000000 716.000000 188.000000 287.000000 26436.000000 5161.000000
872591 42.913576 13.731459 7253.000000 33614.000000 38765.000000 6008.000000 804.000000 172.000000 269.000000 26361.000000 5151.000000
873591 43.089431 13.731637 7178.000000 33475.000000 38597.000000 5850.000000 878.000000 178.000000 272.000000 26297.000000 5122.000000
874591 43.367556 13.748568 7101.000000 33330.000000 38404.000000 5665.000000 957.000000 206.000000 273.000000 26229.000000 5074.000000
875591 43.997011 13.859392 6966.000000 33156.000000 38234.000000 5414.000000 1046.000000 221.000000 285.000000 26190.000000 5078.000000
876591 45.020188 14.067921 6805.000000 32961.000000 38044.000000 5017.000000 1187.000000 269.000000 332.000000 26156.000000 5083.000000
877591 46.562473 14.411081 6613.000000 32736.000000 37832.000000 4556.000000 1261.000000 356.000000 440.000000 26123.000000 5096.000000
878591 48.241031 14.740315 6349.000000 32449.000000 37584.000000 3948.000000 1480.000000 405.000000 516.000000 26100.000000 5135.000000
879591 50.554066 15.180464 6032.000000 32107.000000 37265.000000 3174.000000 1771.000000 499.000000 588.000000 26075.000000 5158.000000
880591 52.545937 15.535975 5693.000000 31752.000000 36998.000000 2379.000000 2163.000000 502.000000 649.000000 26059.000000 5246.000000
881591 51.947810 15.165696 5428.000000 31452.000000 36754.000000 1977.000000 2477.000000 272.000000 702.000000 26024.000000 5302.000000
882591 51.548631 14.924679 5274.000000 31261.000000 36577.000000 2019.000000 2411.000000 143.000000 701.000000 25987.000000 5316.000000
883591 50.992308 14.717974 5270.000000 31225.000000 36486.000000 2113.000000 2303.000000 109.000000 745.000000 25955.000000 5261.000000
884591 50.798631 14.661252 5284.000000 31209.000000 36443.000000 2208.000000 2117.000000 109.000000 850.000000 25925.000000 5234.000000
885591 50.512821 14.597398 5296.000000 31204.000000 36438.000000 2311.000000 1886.000000 85.000000 1014.000000 25908.000000 5234.000000
886591 50.160650 14.557222 5363.000000 31244.000000 36463.000000 2461.000000 1587.000000 89.000000 1226.000000 25881.000000 5219.000000
887591 49.466392 14.474333 5467.000000 31291.000000 36506.000000 2695.000000 1133.000000 69.000000 1570.000000 25824.000000 5215.000000
888591 48.894463 14.388824 5572.000000 31385.000000 36577.000000 2949.000000 641.000000 71.000000 1911.000000 25813.000000 5192.000000
889591 47.874290 14.248705 5771.000000 31527.000000 36670.000000 3324.000000 456.000000 82.000000 1909.000000 25756.000000 5143.000000
890591 46.923907 14.153554 5978.000000 31720.000000 36860.000000 3803.000000 404.000000 77.000000 1694.000000 25742.000000 5140.000000
891591 45.744213 14.019045 6252.000000 31962.000000 37071.000000 4369.000000 381.000000 88.000000 1414.000000 25710.000000 5109.000000
892591 44.461578 13.885545 6628.000000 32332.000000 37377.000000 5115.000000 372.000000 145.000000 996.000000 25704.000000 5045.000000
893591 43.297587 13.727521 6939.000000 32650.000000 37647.000000 5834.000000 387.000000 171.000000 547.000000 25711.000000 4997.000000
894591 42.822628 13.649158 7032.000000 32687.000000 37658.000000 6058.000000 456.000000 169.000000 349.000000 25655.000000 4971.000000
895591 42.523325 13.485632 6999.000000 32616.000000 37514.000000 6011.000000 545.000000 161.000000 282.000000 25617.000000 4898.000000
896591 42.385399 13.364561 6932.000000 32512.000000 37360.000000 5915.000000 612.000000 145.000000 260.000000 25580.000000 4848.000000
897591 42.561028 13.352502 6857.000000 32396.000000 37214.000000 5772.000000 700.000000 151.000000 234.000000 25539.000000 4818.000000
898591 43.085566 13.448983 6791.000000 32287.000000 37066.000000 5595.000000 780.000000 206.000000 210.000000 25496.000000 4779.000000
899591 43.573750 13.453401 6621.000000 32106.000000 36868.000000 5317.000000 891.000000 198.000000 215.000000 25485.000000 4762.000000
900591 44.947022 13.761893 6452.000000 31902.000000 36681.000000 4912.000000 1028.000000 269.000000 243.000000 25450.000000 4779.000000
901591 46.380624 14.028974 6247.000000 31669.000000 36446.000000 4407.000000 1209.000000 336.000000 295.000000 25422.000000 4777.000000
902591 48.186384 14.329968 5977.000000 31380.000000 36155.000000 3766.000000 1417.000000 406.000000 388.000000 25403.000000 4775.000000
903591 50.900556 14.832910 5649.000000 31030.000000 35819.000000 2930.000000 1749.000000 524.000000 446.000000 25381.000000 4789.000000
904591 53.245597 15.172278 5235.000000 30595.000000 35466.000000 2064.000000 2143.000000 510.000000 518.000000 25360.000000 4871.000000
905591 52.679659 14.753959 4928.000000 30253.000000 35177.000000 1650.000000 2424.000000 266.000000 588.000000 25325.000000 4924.000000
906591 51.961289 14.437325 4800.000000 30045.000000 34958.000000 1654.000000 2383.000000 134.000000 629.000000 25245.000000 4913.000000
907591 51.222784 14.232876 4825.000000 30011.000000 34877.000000 1789.000000 2281.000000 98.000000 657.000000 25186.000000 4866.000000
908591 50.906469 14.183624 4864.000000 29999.000000 34843.000000 1875.000000 2083.000000 98.000000 808.000000 25135.000000 4844.000000
909591 50.605128 14.170017 4916.000000 29986.000000 34820.000000 1986.000000 1829.000000 100.000000 1001.000000 25070.000000 4834.000000
910591 49.755302 14.010910 4986.000000 30008.000000 34830.000000 2191.000000 1501.000000 58.000000 1236.000000 25022.000000 4822.000000
911591 49.235598 13.944886 5074.000000 30070.000000 34873.000000 2385.000000 1048.000000 60.000000 1581.000000 24996.000000 4803.000000
912591 48.525712 13.810288 5179.000000 30158.000000 34916.000000 2618.000000 577.000000 64.000000 1920.000000 24979.000000 4758.000000
913591 47.468667 13.710344 5379.000000 30329.000000 35083.000000 3045.000000 395.000000 56.000000 1883.000000 24950.000000 4754.000000
914591 46.121857 13.516807 5619.000000 30561.000000 35282.000000 3562.000000 345.000000 48.000000 1664.000000 24942.000000 4721.000000
915591 44.653138 13.318132 5934.000000 30862.000000 35523.000000 4189.000000 318.000000 70.000000 1357.000000 24928.000000 4661.000000
916591 42.936667 13.121200 6336.000000 31236.000000 35858.000000 4993.000000 310.000000 83.000000 950.000000 24900.000000 4622.000000
917591 41.763506 13.020632 6714.000000 31599.000000 36158.000000 5723.000000 326.000000 149.000000 516.000000 24885.000000 4559.000000
918591 41.715091 13.078643 6789.000000 31658.000000 36227.000000 5923.000000 393.000000 169.000000 304.000000 24869.000000 4569.000000
919591 41.931475 13.081162 6685.000000 31532.000000 36113.000000 5839.000000 454.000000 143.000000 249.000000 24847.000000 4581.000000
920591 42.267489 13.137288 6608.000000 31427.000000 36012.000000 5716.000000 532.000000 146.000000 214.000000 24819.000000 4585.000000
921591 42.900873 13.276309 6516.000000 31300.000000 35891.000000 5541.000000 606.000000 174.000000 195.000000 24784.000000 4591.000000
922591 43.477469 13.360562 6383.000000 31145.000000 35747.000000 5356.000000 680.000000 174.000000 173.000000 24762.000000 4602.000000
923591 44.050143 13.434346 6287.000000 31011.000000 35573.000000 5123.000000 780.000000 217.000000 167.000000 24724.000000 4562.000000
924591 45.403430 13.701536 6104.000000 30794.000000 35361.000000 4710.000000 921.000000 278.000000 195.000000 24690.000000 4567.000000
925591 46.780993 13.907322 5894.000000 30567.000000 35111.000000 4185.000000 1108.000000 339.000000 262.000000 24673.000000 4544.000000
926591 49.263695 14.410016 5600.000000 30237.000000 34823.000000 3512.000000 1336.000000 432.000000 320.000000 24637.000000 4586.000000
927591 51.807474 14.802565 5235.000000 29854.000000 34467.000000 2662.000000 1695.000000 489.000000 389.000000 24619.000000 4613.000000
928591 54.435058 15.127949 4828.000000 29434.000000 34076.000000 1804.000000 2053.000000 513.000000 458.000000 24606.000000 4642.000000
929591 53.643394 14.586110 4508.000000 29092.000000 33765.000000 1385.000000 2362.000000 252.000000 509.000000 24584.000000 4673.000000
930591 52.926829 14.223149 4357.000000 28902.000000 33565.000000 1394.000000 2300.000000 111.000000 552.000000 24545.000000 4663.000000
931591 52.176825 13.967666 4364.000000 28869.000000 33463.000000 1478.000000 2213.000000 80.000000 593.000000 24505.000000 4594.000000
932591 51.870881 13.893792 4381.000000 28853.000000 33425.000000 1553.000000 2016.000000 72.000000 740.000000 24472.000000 4572.000000
933591 51.456311 13.805803 4422.000000 28860.000000 33399.000000 1662.000000 1767.000000 72.000000 921.000000 24438.000000 4539.000000
934591 51.093351 13.778549 4475.000000 28873.000000 33407.000000 1792.000000 1402.000000 69.000000 1212.000000 24398.000000 4534.000000
935591 50.390496 13.691793 4555.000000 28922.000000 33458.000000 2005.000000 968.000000 45.000000 1537.000000 24367.000000 4536.000000
936591 49.624142 13.588091 4664.000000 29007.000000 33522.000000 2244.000000 506.000000 40.000000 1874.000000 24343.000000 4515.000000
937591 48.749198 13.538790 4850.000000 29177.000000 33681.000000 2629.000000 316.000000 56.000000 1849.000000 24327.000000 4504.000000
938591 47.268359 13.355174 5086.000000 29395.000000 33882.000000 3126.000000 291.000000 38.000000 1631.000000 24309.000000 4487.000000
939591 45.469256 13.151967 5438.000000 29735.000000 34185.000000 3841.000000 259.000000 46.000000 1292.000000 24297.000000 4450.000000
940591 43.896966 13.022838 5825.000000 30123.000000 34547.000000 4623.000000 245.000000 75.000000 882.000000 24298.000000 4424.000000
941591 42.514178 12.903041 6212.000000 30492.000000 34860.000000 5364.000000 260.000000 130.000000 458.000000 24280.000000 4368.000000
942591 41.948478 12.822862 6318.000000 30565.000000 34922.000000 5638.000000 303.000000 121.000000 256.000000 24247.000000 4357.000000
943591 41.708212 12.739183 6320.000000 30495.000000 34806.000000 5621.000000 366.000000 123.000000 210.000000 24175.000000 4311.000000
944591 41.684011 12.702165 6297.000000 30414.000000 34687.000000 5550.000000 439.000000 133.000000 175.000000 24117.000000 4273.000000
945591 41.688906 12.659547 6263.000000 30322.000000 34551.000000 5438.000000 519.000000 145.000000 161.000000 24059.000000 4229.000000
946591 42.054993 12.672617 6187.000000 30219.000000 34397.000000 5265.000000 589.000000 181.000000 152.000000 24032.000000 4178.000000
947591 42.519992 12.728069 6057.000000 30058.000000 34255.000000 5050.000000 700.000000 163.000000 144.000000 24001.000000 4197.000000
948591 43.950372 13.004023 5916.000000 29892.000000 34051.000000 4642.000000 850.000000 269.000000 155.000000 23976.000000 4159.000000
949591 45.696576 13.304734 5673.000000 29632.000000 33800.000000 4131.000000 1013.000000 329.000000 200.000000 23959.000000 4168.000000
950591 48.257457 13.770345 5388.000000 29318.000000 33485.000000 3438.000000 1255.000000 444.000000 251.000000 23930.000000 4167.000000
951591 51.029075 14.158811 4988.000000 28901.000000 33096.000000 2628.000000 1553.000000 491.000000 316.000000 23913.000000 4195.000000
952591 53.826156 14.550232 4602.000000 28483.000000 32728.000000 1757.000000 1935.000000 517.000000 393.000000 23881.000000 4245.000000
953591 53.437976 14.081985 4228.000000 28087.000000 32396.000000 1315.000000 2207.000000 253.000000 453.000000 23859.000000 4309.000000
954591 53.173653 13.798247 4028.000000 27856.000000 32178.000000 1238.000000 2158.000000 118.000000 514.000000 23828.000000 4322.000000
955591 52.963902 13.673482 3991.000000 27792.000000 32084.000000 1241.000000 2071.000000 95.000000 584.000000 23801.000000 4292.000000
956591 52.746589 13.622474 3987.000000 27776.000000 32072.000000 1318.000000 1895.000000 73.000000 701.000000 23789.000000 4296.000000
957591 52.494005 13.639479 4017.000000 27775.000000 32098.000000 1443.000000 1681.000000 55.000000 838.000000 23758.000000 4323.000000
958591 52.113013 13.568779 4059.000000 27787.000000 32081.000000 1542.000000 1347.000000 59.000000 1111.000000 23728.000000 4294.000000
959591 51.312507 13.454172 4148.000000 27838.000000 32109.000000 1729.000000 932.000000 49.000000 1438.000000 23690.000000 4271.000000
960591 50.362828 13.357961 4274.000000 27943.000000 32213.000000 2012.000000 478.000000 33.000000 1751.000000 23669.000000 4270.000000
961591 49.454587 13.310464 4464.000000 28113.000000 32358.000000 2368.000000 316.000000 62.000000 1718.000000 23649.000000 4245.000000
962591 48.215088 13.201168 4653.000000 28280.000000 32535.000000 2790.000000 271.000000 40.000000 1552.000000 23627.000000 4255.000000
963591 46.560157 13.051028 4966.000000 28590.000000 32825.000000 3438.000000 236.000000 49.000000 1243.000000 23624.000000 4235.000000
964591 44.745373 12.892826 5342.000000 28968.000000 33189.000000 4222.000000 208.000000 58.000000 854.000000 23626.000000 4221.000000
965591 42.984320 12.678284 5716.000000 29345.000000 33514.000000 4964.000000 240.000000 80.000000 432.000000 23629.000000 4169.000000
966591 42.594268 12.622169 5816.000000 29431.000000 33560.000000 5182.000000 264.000000 107.000000 263.000000 23615.000000 4129.000000
967591 42.519923 12.586598 5807.000000 29382.000000 33488.000000 5172.000000 310.000000 109.000000 216.000000 23575.000000 4106.000000
968591 42.715299 12.623132 5776.000000 29305.000000 33399.000000 5093.000000 385.000000 122.000000 176.000000 23529.000000 4094.000000
969591 42.765502 12.608069 5739.000000 29230.000000 33312.000000 5030.000000 449.000000 118.000000 142.000000 23491.000000 4082.000000
970591 43.226867 12.679620 5670.000000 29128.000000 33195.000000 4868.000000 527.000000 142.000000 133.000000 23458.000000 4067.000000
971591 44.196708 12.842481 5546.000000 28979.000000 33031.000000 4590.000000 636.000000 190.000000 130.000000 23433.000000 4052.000000
972591 45.695224 13.135064 5379.000000 28787.000000 32851.000000 4240.000000 759.000000 251.000000 129.000000 23408.000000 4064.000000
973591 47.145488 13.346418 5156.000000 28533.000000 32608.000000 3809.000000 907.000000 277.000000 163.000000 23377.000000 4075.000000
974591 49.708716 13.744076 4883.000000 28240.000000 32283.000000 3159.000000 1119.000000 394.000000 211.000000 23357.000000 4043.000000
975591 52.545539 14.106141 4501.000000 27838.000000 31901.000000 2381.000000 1413.000000 437.000000 270.000000 23337.000000 4063.000000
976591 55.015904 14.276190 4154.000000 27480.000000 31500.000000 1573.000000 1766.000000 477.000000 338.000000 23326.000000 4020.000000
977591 53.711012 13.545881 3850.000000 27141.000000 31146.000000 1205.000000 2031.000000 214.000000 400.000000 23291.000000 4005.000000
978591 53.272490 13.214320 3693.000000 26944.000000 30921.000000 1154.000000 1976.000000 109.000000 454.000000 23251.000000 3977.000000
979591 52.938076 13.053507 3676.000000 26867.000000 30781.000000 1166.000000 1881.000000 104.000000 525.000000 23191.000000 3914.000000
980591 52.706965 13.038814 3680.000000 26832.000000 30762.000000 1240.000000 1731.000000 81.000000 628.000000 23152.000000 3930.000000
981591 52.002618 12.921586 3713.000000 26820.000000 30747.000000 1361.000000 1541.000000 46.000000 765.000000 23107.000000 3927.000000
982591 51.420381 12.831686 3769.000000 26847.000000 30752.000000 1493.000000 1236.000000 41.000000 999.000000 23078.000000 3905.000000
983591 50.955825 12.806778 3845.000000 26907.000000 30804.000000 1645.000000 848.000000 48.000000 1304.000000 23062.000000 3897.000000
984591 50.242285 12.762374 3951.000000 26981.000000 30872.000000 1862.000000 433.000000 49.000000 1607.000000 23030.000000 3891.000000
985591 49.218261 12.684546 4094.000000 27121.000000 31022.000000 2194.000000 274.000000 34.000000 1592.000000 23027.000000 3901.000000
986591 47.901627 12.560960 4298.000000 27293.000000 31168.000000 2590.000000 228.000000 40.000000 1440.000000 22995.000000 3875.000000
987591 46.168401 12.418488 4591.000000 27572.000000 31437.000000 3185.000000 216.000000 39.000000 1151.000000 22981.000000 3865.000000
988591 44.309267 12.268220 4961.000000 27931.000000 31765.000000 3917.000000 207.000000 63.000000 774.000000 22970.000000 3834.000000
989591 42.879020 12.207275 5299.000000 28269.000000 32112.000000 4617.000000 225.000000 77.000000 380.000000 22970.000000 3843.000000
990591 42.640693 12.236405 5396.000000 28355.000000 32199.000000 4839.000000 252.000000 96.000000 209.000000 22959.000000 3844.000000
991591 42.934783 12.291129 5368.000000 28305.000000 32137.000000 4781.000000 294.000000 118.000000 175.000000 22937.000000 3832.000000
992591 43.351588 12.356779 5304.000000 28205.000000 32031.000000 4652.000000 350.000000 132.000000 170.000000 22901.000000 3826.000000
993591 43.661196 12.406109 5234.000000 28107.000000 31952.000000 4554.000000 420.000000 119.000000 141.000000 22873.000000 3845.000000
994591 44.293810 12.518844 5154.000000 27995.000000 31840.000000 4400.000000 483.000000 141.000000 130.000000 22841.000000 3845.000000
995591 45.038856 12.623106 5055.000000 27856.000000 31680.000000 4203.000000 549.000000 175.000000 128.000000 22801.000000 3824.000000
996591 45.903906 12.658871 4898.000000 27691.000000 31472.000000 3913.000000 662.000000 203.000000 120.000000 22793.000000 3781.000000
997591 47.325006 12.847500 4717.000000 27490.000000 31259.000000 3538.000000 791.000000 247.000000 141.000000 22773.000000 3769.000000
998591 49.657869 13.137648 4476.000000 27226.000000 30934.000000 2923.000000 1011.000000 356.000000 186.000000 22750.000000 3708.000000
999591 52.693924 13.523585 4136.000000 26876.000000 30591.000000 2164.000000 1287.000000 422.000000 263.000000 22740.000000 3715.000000
1000591 55.709159 13.851340 3768.000000 26502.000000 30257.000000 1399.000000 1611.000000 436.000000 322.000000 22734.000000 3755.000000
1001591 55.142778 13.287461 3447.000000 26171.000000 29938.000000 1007.000000 1862.000000 211.000000 367.000000 22724.000000 3767.000000
1002591 54.639467 12.963399 3280.000000 25974.000000 29753.000000 971.000000 1836.000000 78.000000 395.000000 22694.000000 3779.000000
1003591 53.936613 12.698788 3272.000000 25916.000000 29617.000000 1007.000000 1748.000000 60.000000 457.000000 22644.000000 3701.000000
1004591 53.120964 12.513098 3320.000000 25936.000000 29585.000000 1118.000000 1630.000000 53.000000 519.000000 22616.000000 3649.000000
1005591 52.502145 12.420511 3386.000000 25956.000000 29564.000000 1234.000000 1451.000000 64.000000 637.000000 22570.000000 3608.000000
1006591 52.327402 12.429837 3398.000000 25947.000000 29574.000000 1307.000000 1148.000000 49.000000 894.000000 22549.000000 3627.000000
1007591 51.880656 12.401974 3448.000000 25960.000000 29584.000000 1417.000000 762.000000 45.000000 1224.000000 22512.000000 3624.000000
1008591 51.286353 12.373499 3520.000000 26012.000000 29644.000000 1585.000000 388.000000 36.000000 1511.000000 22492.000000 3632.000000
1009591 50.309023 12.310536 3652.000000 26126.000000 29755.000000 1873.000000 232.000000 34.000000 1513.000000 22474.000000 3629.000000
1010591 49.094324 12.229278 3825.000000 26292.000000 29920.000000 2247.000000 197.000000 31.000000 1350.000000 22467.000000 3628.000000
1011591 47.157104 12.065480 4114.000000 26570.000000 30177.000000 2829.000000 187.000000 34.000000 1064.000000 22456.000000 3607.000000
1012591 44.990104 11.915995 4494.000000 26932.000000 30522.000000 3582.000000 172.000000 47.000000 693.000000 22438.000000 3590.000000
1013591 42.948794 11.730158 4860.000000 27261.000000 30818.000000 4280.000000 185.000000 58.000000 337.000000 22401.000000 3557.000000
1014591 42.417479 11.692517 4978.000000 27348.000000 30883.000000 4504.000000 210.000000 76.000000 188.000000 22370.000000 3535.000000
1015591 42.806562 11.772534 4959.000000 27295.000000 30809.000000 4440.000000 251.000000 113.000000 155.000000 22336.000000 3514.000000
1016591 43.121442 11.837093 4914.000000 27199.000000 30717.000000 4347.000000 313.000000 118.000000 136.000000 22285.000000 3518.000000
1017591 43.206034 11.789109 4845.000000 27105.000000 30613.000000 4259.000000 367.000000 101.000000 118.000000 22260.000000 3508.000000
1018591 43.336158 11.736166 4778.000000 27021.000000 30504.000000 4167.000000 413.000000 97.000000 101.000000 22243.000000 3483.000000
1019591 43.971980 11.782527 4708.000000 26938.000000 30367.000000 3983.000000 484.000000 149.000000 92.000000 22230.000000 3429.000000
1020591 44.901027 11.873840 4587.000000 26789.000000 30184.000000 3710.000000 589.000000 189.000000 99.000000 22202.000000 3395.000000
1021591 46.286081 12.036296 4417.000000 26598.000000 29976.000000 3350.000000 717.000000 230.000000 120.000000 22181.000000 3378.000000
1022591 49.130492 12.465896 4190.000000 26346.000000 29689.000000 2770.000000 893.000000 358.000000 169.000000 22156.000000 3343.000000
1023591 53.137554 13.062726 3830.000000 25977.000000 29366.000000 1991.000000 1161.000000 447.000000 231.000000 22147.000000 3389.000000
1024591 55.861869 13.262143 3443.000000 25581.000000 29030.000000 1271.000000 1485.000000 401.000000 286.000000 22138.000000 3449.000000
1025591 55.602729 12.770329 3125.000000 25245.000000 28715.000000 896.000000 1715.000000 197.000000 317.000000 22120.000000 3470.000000
1026591 55.269722 12.433361 2954.000000 25052.000000 28512.000000 823.000000 1690.000000 85.000000 356.000000 22098.000000 3460.000000
1027591 54.749568 12.264350 2947.000000 25010.000000 28432.000000 868.000000 1620.000000 65.000000 394.000000 22063.000000 3422.000000
1028591 54.158849 12.186884 2976.000000 25004.000000 28424.000000 960.000000 1506.000000 44.000000 466.000000 22028.000000 3420.000000
1029591 53.679788 12.137630 3022.000000 25019.000000 28424.000000 1063.000000 1341.000000 45.000000 573.000000 21997.000000 3405.000000
1030591 53.143922 12.046878 3047.000000 25020.000000 28414.000000 1138.000000 1064.000000 29.000000 816.000000 21973.000000 3394.000000
1031591 52.433184 11.940614 3102.000000 25053.000000 28424.000000 1243.000000 709.000000 23.000000 1127.000000 21951.000000 3371.000000
1032591 51.647510 11.841181 3180.000000 25115.000000 28460.000000 1404.000000 370.000000 25.000000 1381.000000 21935.000000 3345.000000
1033591 50.700407 11.784889 3301.000000 25224.000000 28562.000000 1652.000000 230.000000 28.000000 1391.000000 21923.000000 3338.000000
1034591 49.167526 11.627988 3464.000000 25375.000000 28698.000000 2004.000000 186.000000 14.000000 1260.000000 21911.000000 3323.000000
1035591 47.332577 11.526103 3736.000000 25631.000000 28943.000000 2543.000000 160.000000 24.000000 1009.000000 21895.000000 3312.000000
1036591 45.129386 11.380253 4092.000000 25981.000000 29270.000000 3260.000000 143.000000 42.000000 647.000000 21889.000000 3289.000000
1037591 43.310363 11.270513 4408.000000 26272.000000 29555.000000 3877.000000 159.000000 48.000000 324.000000 21864.000000 3283.000000
1038591 43.164638 11.364863 4529.000000 26368.000000 29644.000000 4073.000000 184.000000 93.000000 179.000000 21839.000000 3276.000000
1039591 43.295659 11.390438 4510.000000 26319.000000 29595.000000 4049.000000 223.000000 95.000000 143.000000 21809.000000 3276.000000
1040591 43.510363 11.384897 4455.000000 26239.000000 29504.000000 3965.000000 280.000000 94.000000 116.000000 21784.000000 3265.000000
1041591 43.364681 11.286375 4413.000000 26173.000000 29416.000000 3915.000000 312.000000 77.000000 109.000000 21760.000000 3243.000000
1042591 43.783713 11.349453 4370.000000 26092.000000 29323.000000 3806.000000 366.000000 97.000000 101.000000 21722.000000 3231.000000
1043591 44.078598 11.367527 4333.000000 26007.000000 29206.000000 3691.000000 434.000000 121.000000 87.000000 21674.000000 3199.000000
1044591 44.961554 11.469374 4245.000000 25892.000000 29060.000000 3475.000000 524.000000 165.000000 81.000000 21647.000000 3168.000000
1045591 46.358621 11.639021 4103.000000 25730.000000 28877.000000 3136.000000 657.000000 214.000000 96.000000 21627.000000 3147.000000
1046591 49.147687 11.993987 3899.000000 25524.000000 28606.000000 2580.000000 830.000000 349.000000 140.000000 21625.000000 3082.000000
1047591 52.573916 12.387284 3557.000000 25173.000000 28279.000000 1887.000000 1074.000000 397.000000 199.000000 21616.000000 3106.000000
1048591 55.095238 12.441306 3204.000000 24803.000000 27899.000000 1204.000000 1370.000000 375.000000 255.000000 21599.000000 3096.000000
1049591 54.121745 11.823749 2968.000000 24536.000000 27597.000000 865.000000 1618.000000 202.000000 283.000000 21568.000000 3061.000000
1050591 53.587215 11.501551 2815.000000 24338.000000 27405.000000 812.000000 1605.000000 85.000000 313.000000 21523.000000 3067.000000
1051591 52.783011 11.281526 2818.000000 24298.000000 27319.000000 872.000000 1534.000000 61.000000 351.000000 21480.000000 3021.000000
1052591 52.258727 11.188043 2839.000000 24292.000000 27297.000000 950.000000 1418.000000 49.000000 422.000000 21453.000000 3005.000000
1053591 51.954926 11.148970 2862.000000 24299.000000 27294.000000 1012.000000 1274.000000 48.000000 528.000000 21437.000000 2995.000000
1054591 52.053861 11.190912 2875.000000 24298.000000 27290.000000 1041.000000 1016.000000 62.000000 756.000000 21423.000000 2992.000000
1055591 51.973573 11.233569 2877.000000 24285.000000 27311.000000 1095.000000 711.000000 42.000000 1029.000000 21408.000000 3026.000000
1056591 51.145677 11.174042 2940.000000 24328.000000 27367.000000 1261.000000 349.000000 19.000000 1311.000000 21388.000000 3039.000000
1057591 49.918113 11.095741 3080.000000 24444.000000 27470.000000 1517.000000 217.000000 22.000000 1324.000000 21364.000000 3026.000000
1058591 48.527057 10.981088 3235.000000 24591.000000 27602.000000 1839.000000 177.000000 20.000000 1199.000000 21356.000000 3011.000000
1059591 46.524146 10.862930 3504.000000 24849.000000 27847.000000 2377.000000 151.000000 27.000000 949.000000 21345.000000 2998.000000
1060591 44.598583 10.750240 3793.000000 25128.000000 28111.000000 2939.000000 154.000000 39.000000 661.000000 21335.000000 2983.000000
1061591 42.975905 10.729236 4111.000000 25441.000000 28427.000000 3572.000000 160.000000 64.000000 315.000000 21330.000000 2986.000000
1062591 42.570281 10.776134 4232.000000 25537.000000 28526.000000 3798.000000 187.000000 85.000000 162.000000 21305.000000 2989.000000
1063591 42.559978 10.777875 4225.000000 25489.000000 28475.000000 3792.000000 216.000000 83.000000 134.000000 21264.000000 2986.000000
1064591 42.669828 10.773403 4190.000000 25415.000000 28394.000000 3748.000000 244.000000 80.000000 118.000000 21225.000000 2979.000000
1065591 42.975439 10.810238 4142.000000 25342.000000 28325.000000 3688.000000 260.000000 79.000000 115.000000 21200.000000 2983.000000
1066591 43.008475 10.781051 4112.000000 25276.000000 28244.000000 3642.000000 301.000000 77.000000 92.000000 21164.000000 2968.000000
1067591 43.748216 10.886939 4052.000000 25199.000000 28153.000000 3507.000000 354.000000 111.000000 80.000000 21147.000000 2954.000000
1068591 44.816587 11.027864 3968.000000 25100.000000 28029.000000 3274.000000 453.000000 162.000000 79.000000 21132.000000 2929.000000
1069591 46.079596 11.139831 3802.000000 24923.000000 27855.000000 2971.000000 559.000000 171.000000 101.000000 21121.000000 2932.000000
1070591 49.195402 11.618227 3627.000000 24731.000000 27629.000000 2448.000000 733.000000 312.000000 134.000000 21104.000000 2898.000000
1071591 52.145957 11.878868 3314.000000 24402.000000 27309.000000 1817.000000 972.000000 337.000000 188.000000 21088.000000 2907.000000
1072591 55.681818 12.168724 2992.000000 24075.000000 26979.000000 1151.000000 1243.000000 379.000000 219.000000 21083.000000 2904.000000
1073591 55.608466 11.796618 2706.000000 23764.000000 26728.000000 805.000000 1484.000000 189.000000 228.000000 21058.000000 2964.000000
1074591 55.070627 11.454724 2563.000000 23589.000000 26548.000000 761.000000 1484.000000 82.000000 236.000000 21026.000000 2959.000000
1075591 54.401023 11.254675 2558.000000 23551.000000 26469.000000 797.000000 1424.000000 61.000000 276.000000 20993.000000 2918.000000
1076591 53.963915 11.193014 2564.000000 23531.000000 26454.000000 874.000000 1310.000000 38.000000 342.000000 20967.000000 2923.000000
1077591 54.010208 11.209897 2574.000000 23520.000000 26432.000000 878.000000 1179.000000 51.000000 466.000000 20946.000000 2912.000000
1078591 53.373341 11.117003 2597.000000 23499.000000 26401.000000 931.000000 909.000000 33.000000 724.000000 20902.000000 2902.000000
1079591 53.053089 11.095112 2631.000000 23502.000000 26390.000000 988.000000 622.000000 40.000000 981.000000 20871.000000 2888.000000
1080591 52.152080 11.002649 2694.000000 23548.000000 26430.000000 1144.000000 330.000000 26.000000 1194.000000 20854.000000 2882.000000
1081591 51.444170 11.013914 2790.000000 23633.000000 26521.000000 1339.000000 191.000000 33.000000 1227.000000 20843.000000 2888.000000
1082591 49.956993 10.898037 2924.000000 23758.000000 26647.000000 1639.000000 153.000000 15.000000 1117.000000 20834.000000 2889.000000
1083591 47.805359 10.807195 3192.000000 24017.000000 26908.000000 2179.000000 139.000000 17.000000 857.000000 20825.000000 2891.000000
1084591 45.883644 10.766061 3499.000000 24300.000000 27178.000000 2751.000000 136.000000 48.000000 564.000000 20801.000000 2878.000000
1085591 44.131809 10.696962 3764.000000 24537.000000 27419.000000 3278.000000 138.000000 51.000000 297.000000 20773.000000 2882.000000
1086591 43.457046 10.689216 3900.000000 24632.000000 27495.000000 3514.000000 160.000000 76.000000 150.000000 20732.000000 2863.000000
1087591 43.690758 10.746029 3887.000000 24587.000000 27452.000000 3502.000000 181.000000 85.000000 119.000000 20700.000000 2865.000000
1088591 43.487990 10.649569 3842.000000 24511.000000 27372.000000 3470.000000 212.000000 54.000000 106.000000 20669.000000 2861.000000
1089591 43.474334 10.579142 3819.000000 24475.000000 27299.000000 3418.000000 238.000000 64.000000 99.000000 20656.000000 2824.000000
1090591 43.638291 10.577523 3797.000000 24432.000000 27237.000000 3361.000000 281.000000 76.000000 79.000000 20635.000000 2805.000000
1091591 44.260536 10.641904 3750.000000 24363.000000 27138.000000 3234.000000 335.000000 113.000000 68.000000 20613.000000 2775.000000
1092591 45.427683 10.806911 3651.000000 24250.000000 27029.000000 3043.000000 401.000000 142.000000 65.000000 20599.000000 2779.000000
1093591 47.362550 11.064780 3505.000000 24090.000000 26860.000000 2734.000000 469.000000 202.000000 100.000000 20585.000000 2770.000000
1094591 50.445839 11.472024 3315.000000 23889.000000 26630.000000 2219.000000 653.000000 314.000000 129.000000 20574.000000 2741.000000
1095591 53.718149 11.767163 2999.000000 23566.000000 26336.000000 1636.000000 875.000000 329.000000 159.000000 20567.000000 2770.000000
1096591 56.199854 11.839730 2709.000000 23256.000000 26031.000000 1050.000000 1162.000000 307.000000 190.000000 20547.000000 2775.000000
1097591 55.861541 11.341047 2492.000000 23019.000000 25756.000000 706.000000 1383.000000 184.000000 219.000000 20527.000000 2737.000000
768143 0.425381 0.090000 8463.000000 40000.000000 40000.000000 5276.000000 671.000000 36.000000 2480.000000 31537.000000 0.000000
769143 0.666979 0.141107 8523.000000 40372.000000 40395.000000 5987.000000 540.000000 34.000000 1962.000000 31849.000000 23.000000
770143 1.576081 0.333832 8563.000000 40673.000000 40739.000000 6537.000000 443.000000 70.000000 1513.000000 32110.000000 66.000000
771143 2.890842 0.609771 8496.000000 40847.000000 40999.000000 6875.000000 404.000000 98.000000 1119.000000 32351.000000 152.000000
772143 4.965438 1.046091 8391.000000 40912.000000 41201.000000 6982.000000 449.000000 142.000000 818.000000 32521.000000 289.000000
773143 7.507785 1.574784 8191.000000 40859.000000 41339.000000 6905.000000 547.000000 171.000000 568.000000 32668.000000 480.000000
774143 10.377793 2.174228 7996.000000 40754.000000 41440.000000 6743.000000 621.000000 215.000000 417.000000 32758.000000 686.000000
775143 14.169063 2.967030 7748.000000 40576.000000 41523.000000 6407.000000 741.000000 285.000000 315.000000 32828.000000 947.000000
776143 18.861210 3.950659 7405.000000 40282.000000 41588.000000 5909.000000 905.000000 337.000000 254.000000 32877.000000 1306.000000
777143 23.980293 5.027624 7020.000000 39922.000000 41630.000000 5311.000000 1090.000000 385.000000 234.000000 32902.000000 1708.000000
778143 29.704332 6.223439 6518.000000 39441.000000 41649.000000 4613.000000 1262.000000 384.000000 259.000000 32923.000000 2208.000000
779143 35.720824 7.490763 6036.000000 38974.000000 41678.000000 3895.000000 1427.000000 418.000000 296.000000 32938.000000 2704.000000
780143 41.499315 8.718895 5535.000000 38485.000000 41714.000000 3198.000000 1565.000000 408.000000 364.000000 32950.000000 3229.000000
781143 46.425721 9.754228 5065.000000 38040.000000 41746.000000 2559.000000 1705.000000 366.000000 435.000000 32975.000000 3706.000000
782143 50.717703 10.657602 4633.000000 37628.000000 41773.000000 2015.000000 1787.000000 307.000000 524.000000 32995.000000 4145.000000
783143 53.994302 11.333844 4258.000000 37287.000000 41804.000000 1586.000000 1820.000000 221.000000 631.000000 33029.000000 4517.000000
784143 56.621421 11.863678 3986.000000 37061.000000 41842.000000 1326.000000 1711.000000 183.000000 766.000000 33075.000000 4781.000000
785143 58.163149 12.168517 3799.000000 36929.000000 41895.000000 1193.000000 1587.000000 132.000000 887.000000 33130.000000 4966.000000
786143 59.091946 12.345385 3678.000000 36871.000000 41959.000000 1155.000000 1434.000000 92.000000 997.000000 33193.000000 5088.000000
787143 59.710838 12.477697 3617.000000 36868.000000 42035.000000 1195.000000 1239.000000 78.000000 1105.000000 33251.000000 5167.000000
788143 59.915804 12.500593 3568.000000 36905.000000 42126.000000 1318.000000 1017.000000 45.000000 1188.000000 33337.000000 5221.000000
789143 59.442060 12.452973 3620.000000 37029.000000 42263.000000 1564.000000 801.000000 29.000000 1226.000000 33409.000000 5234.000000
790143 59.157303 12.416867 3667.000000 37169.000000 42402.000000 1826.000000 607.000000 32.000000 1202.000000 33502.000000 5233.000000
791143 59.020045 12.452715 3729.000000 37310.000000 42561.000000 2085.000000 464.000000 49.000000 1131.000000 33581.000000 5251.000000
792143 58.437121 12.410758 3802.000000 37450.000000 42721.000000 2381.000000 401.000000 31.000000 989.000000 33648.000000 5271.000000
793143 57.620292 12.344614 3912.000000 37603.000000 42877.000000 2735.000000 322.000000 19.000000 836.000000 33691.000000 5274.000000
794143 56.038339 12.238348 4170.000000 37776.000000 42996.000000 3205.000000 268.000000 42.000000 655.000000 33606.000000 5220.000000
795143 54.002278 12.112977 4491.000000 37887.000000 43053.000000 3702.000000 242.000000 49.000000 498.000000 33396.000000 5166.000000
796143 51.962956 11.988202 4836.000000 37961.000000 43059.000000 4141.000000 249.000000 64.000000 382.000000 33125.000000 5098.000000
797143 49.153202 11.752932 5300.000000 37994.000000 42968.000000 4654.000000 271.000000 76.000000 299.000000 32694.000000 4974.000000
798143 46.702621 11.525170 5729.000000 37988.000000 42828.000000 5115.000000 293.000000 96.000000 225.000000 32259.000000 4840.000000
799143 44.303565 11.310752 6186.000000 37934.000000 42632.000000 5537.000000 324.000000 124.000000 201.000000 31748.000000 4698.000000
800143 41.454286 10.989582 6714.000000 37823.000000 42331.000000 6003.000000 390.000000 144.000000 177.000000 31109.000000 4508.000000
801143 39.286975 10.604040 7028.000000 37680.000000 41984.000000 6267.000000 456.000000 148.000000 157.000000 30652.000000 4304.000000
802143 37.262124 10.225987 7356.000000 37504.000000 41551.000000 6470.000000 538.000000 202.000000 146.000000 30148.000000 4047.000000
803143 35.005701 9.722053 7620.000000 37270.000000 41051.000000 6618.000000 622.000000 210.000000 170.000000 29650.000000 3781.000000
804143 33.615819 9.371924 7751.000000 37055.000000 40632.000000 6618.000000 726.000000 231.000000 176.000000 29304.000000 3577.000000
805143 33.342232 9.318114 7810.000000 36784.000000 40212.000000 6457.000000 847.000000 319.000000 187.000000 28974.000000 3428.000000
806143 34.191974 9.495720 7624.000000 36399.000000 39839.000000 6078.000000 1002.000000 343.000000 201.000000 28775.000000 3440.000000
807143 34.680753 9.556962 7420.000000 36035.000000 39500.000000 5669.000000 1170.000000 310.000000 271.000000 28615.000000 3465.000000
808143 36.479331 9.996436 7186.000000 35705.000000 39284.000000 5181.000000 1336.000000 348.000000 321.000000 28519.000000 3579.000000
809143 38.307433 10.451573 6903.000000 35373.000000 39152.000000 4716.000000 1514.000000 313.000000 360.000000 28470.000000 3779.000000
810143 40.821120 11.124482 6685.000000 35099.000000 39058.000000 4188.000000 1689.000000 386.000000 422.000000 28414.000000 3959.000000
811143 43.119007 11.755510 6444.000000 34826.000000 39020.000000 3591.000000 1950.000000 393.000000 510.000000 28382.000000 4194.000000
812143 44.223556 12.080227 6231.000000 34606.000000 39039.000000 3209.000000 2155.000000 283.000000 584.000000 28375.000000 4433.000000
813143 45.820491 12.556949 6100.000000 34463.000000 39070.000000 2798.000000 2328.000000 299.000000 675.000000 28363.000000 4607.000000
814143 46.817001 12.890944 6006.000000 34366.000000 39136.000000 2486.000000 2448.000000 275.000000 797.000000 28360.000000 4770.000000
815143 47.171028 13.059340 5970.000000 34316.000000 39198.000000 2264.000000 2508.000000 237.000000 961.000000 28346.000000 4882.000000
816143 47.249635 13.160775 5985.000000 34332.000000 39291.000000 2128.000000 2555.000000 212.000000 1090.000000 28347.000000 4959.000000
817143 47.625925 13.387125 5938.000000 34271.000000 39411.000000 2211.000000 2367.000000 136.000000 1224.000000 28333.000000 5140.000000
818143 47.850901 13.566950 5963.000000 34301.000000 39552.000000 2348.000000 2094.000000 115.000000 1406.000000 28338.000000 5251.000000
819143 47.712304 13.676526 6052.000000 34390.000000 39725.000000 2622.000000 1763.000000 98.000000 1569.000000 28338.000000 5335.000000
820143 47.150751 13.682259 6204.000000 34535.000000 39913.000000 2994.000000 1482.000000 83.000000 1645.000000 28331.000000 5378.000000
821143 46.586653 13.652124 6342.000000 34683.000000 40089.000000 3375.000000 1162.000000 67.000000 1738.000000 28341.000000 5406.000000
822143 45.692475 13.528214 6537.000000 34880.000000 40264.000000 3820.000000 858.000000 63.000000 1796.000000 28343.000000 5384.000000
823143 45.034699 13.474897 6760.000000 35109.000000 40453.000000 4311.000000 589.000000 107.000000 1753.000000 28349.000000 5344.000000
824143 43.939518 13.241379 6969.000000 35334.000000 40600.000000 4860.000000 467.000000 110.000000 1532.000000 28365.000000 5266.000000
825143 43.236420 13.046149 7071.000000 35486.000000 40694.000000 5262.000000 422.000000 101.000000 1286.000000 28415.000000 5208.000000
826143 42.407650 12.744063 7160.000000 35641.000000 40717.000000 5624.000000 416.000000 113.000000 1007.000000 28481.000000 5076.000000
827143 41.678988 12.462544 7226.000000 35766.000000 40714.000000 5957.000000 427.000000 126.000000 716.000000 28540.000000 4948.000000
828143 41.473702 12.322776 7239.000000 35844.000000 40697.000000 6150.000000 464.000000 162.000000 463.000000 28605.000000 4853.000000
829143 41.555817 12.187654 7120.000000 35742.000000 40500.000000 6085.000000 526.000000 178.000000 331.000000 28622.000000 4758.000000
830143 41.473068 11.995122 7038.000000 35599.000000 40183.000000 5907.000000 621.000000 236.000000 274.000000 28561.000000 4584.000000
831143 42.069751 12.034693 6880.000000 35361.000000 39893.000000 5635.000000 721.000000 269.000000 255.000000 28481.000000 4532.000000
832143 42.594082 12.036476 6680.000000 35081.000000 39588.000000 5328.000000 851.000000 258.000000 243.000000 28401.000000 4507.000000
833143 43.460453 12.153220 6518.000000 34821.000000 39290.000000 4979.000000 997.000000 306.000000 236.000000 28303.000000 4469.000000
834143 44.950148 12.470227 6308.000000 34521.000000 39045.000000 4528.000000 1173.000000 345.000000 262.000000 28213.000000 4524.000000
835143 46.596517 12.897240 6130.000000 34190.000000 38799.000000 4040.000000 1400.000000 395.000000 295.000000 28060.000000 4609.000000
836143 47.228195 13.097584 5975.000000 33850.000000 38572.000000 3726.000000 1580.000000 330.000000 339.000000 27875.000000 4722.000000
837143 48.170388 13.374668 5843.000000 33571.000000 38386.000000 3374.000000 1737.000000 319.000000 413.000000 27728.000000 4815.000000
838143 49.272778 13.722723 5749.000000 33357.000000 38265.000000 2993.000000 1903.000000 343.000000 510.000000 27608.000000 4908.000000
839143 50.290154 14.065077 5615.000000 33132.000000 38201.000000 2663.000000 2040.000000 304.000000 608.000000 27517.000000 5069.000000
840143 49.505781 13.925611 5579.000000 32979.000000 38124.000000 2584.000000 2103.000000 164.000000 728.000000 27400.000000 5145.000000
841143 49.084181 13.944077 5642.000000 32884.000000 38052.000000 2686.000000 1987.000000 138.000000 831.000000 27242.000000 5168.000000
842143 48.581918 13.924916 5728.000000 32844.000000 38011.000000 2828.000000 1784.000000 126.000000 990.000000 27116.000000 5167.000000
843143 48.203729 13.938199 5790.000000 32820.000000 38025.000000 2978.000000 1563.000000 95.000000 1154.000000 27030.000000 5205.000000
844143 47.952218 14.012756 5903.000000 32870.000000 38101.000000 3177.000000 1352.000000 108.000000 1266.000000 26967.000000 5231.000000
845143 47.455674 14.017125 6023.000000 32932.000000 38189.000000 3435.000000 1111.000000 96.000000 1381.000000 26909.000000 5257.000000
846143 47.500657 14.168952 6127.000000 32999.000000 38295.000000 3642.000000 892.000000 130.000000 1463.000000 26872.000000 5296.000000
847143 47.438542 14.349974 6252.000000 33078.000000 38460.000000 3956.000000 657.000000 137.000000 1502.000000 26826.000000 5382.000000
848143 46.887127 14.391134 6434.000000 33201.000000 38621.000000 4372.000000 580.000000 138.000000 1344.000000 26767.000000 5420.000000
849143 46.330313 14.379692 6577.000000 33309.000000 38763.000000 4743.000000 564.000000 120.000000 1150.000000 26732.000000 5454.000000
850143 45.808408 14.363903 6755.000000 33469.000000 38917.000000 5138.000000 561.000000 142.000000 914.000000 26714.000000 5448.000000
851143 45.262562 14.331463 6902.000000 33576.000000 39033.000000 5489.000000 573.000000 137.000000 703.000000 26674.000000 5457.000000
852143 45.074603 14.364599 7038.000000 33689.000000 39117.000000 5757.000000 612.000000 191.000000 478.000000 26651.000000 5428.000000
853143 45.301205 14.441912 6996.000000 33599.000000 39053.000000 5767.000000 669.000000 186.000000 374.000000 26603.000000 5454.000000
854143 45.943749 14.535168 6866.000000 33449.000000 38885.000000 5575.000000 717.000000 216.000000 358.000000 26583.000000 5436.000000
855143 46.323590 14.547617 6742.000000 33270.000000 38673.000000 5393.000000 769.000000 223.000000 357.000000 26528.000000 5403.000000
856143 46.839682 14.557423 6585.000000 33074.000000 38434.000000 5132.000000 853.000000 235.000000 365.000000 26489.000000 5360.000000
857143 47.190915 14.478820 6420.000000 32881.000000 38173.000000 4862.000000 972.000000 235.000000 351.000000 26461.000000 5292.000000
858143 48.137486 14.562441 6249.000000 32678.000000 37892.000000 4430.000000 1144.000000 304.000000 371.000000 26429.000000 5214.000000
859143 49.303820 14.691099 6022.000000 32419.000000 37601.000000 3958.000000 1326.000000 342.000000 396.000000 26397.000000 5182.000000
860143 49.822032 14.633819 5834.000000 32181.000000 37304.000000 3552.000000 1506.000000 336.000000 440.000000 26347.000000 5123.000000
861143 50.916705 14.765336 5634.000000 31942.000000 37053.000000 3110.000000 1674.000000 360.000000 490.000000 26308.000000 5111.000000
862143 52.036756 14.910423 5382.000000 31666.000000 36840.000000 2662.000000 1865.000000 319.000000 536.000000 26284.000000 5174.000000
863143 52.747147 15.005456 5231.000000 31462.000000 36660.000000 2279.000000 2051.000000 303.000000 598.000000 26231.000000 5198.000000
864143 52.082327 14.755400 5148.000000 31328.000000 36529.000000 2131.000000 2167.000000 189.000000 661.000000 26180.000000 5201.000000
865143 51.554002 14.565611 5089.000000 31235.000000 36442.000000 2189.000000 2034.000000 101.000000 765.000000 26146.000000 5207.000000
866143 51.221404 14.514888 5143.000000 31231.000000 36404.000000 2309.000000 1823.000000 111.000000 900.000000 26088.000000 5173.000000
867143 50.770872 14.401628 5155.000000 31199.000000 36357.000000 2405.000000 1582.000000 78.000000 1090.000000 26044.000000 5158.000000
868143 50.463320 14.378438 5210.000000 31210.000000 36360.000000 2545.000000 1331.000000 78.000000 1256.000000 26000.000000 5150.000000
869143 49.837071 14.288462 5303.000000 31262.000000 36393.000000 2766.000000 1069.000000 69.000000 1399.000000 25959.000000 5131.000000
870143 49.031282 14.227341 5488.000000 31372.000000 36465.000000 3091.000000 830.000000 95.000000 1472.000000 25884.000000 5093.000000
871143 47.996646 14.091867 5694.000000 31515.000000 36553.000000 3494.000000 556.000000 113.000000 1531.000000 25821.000000 5038.000000
872143 46.681335 13.890556 5907.000000 31657.000000 36658.000000 3967.000000 462.000000 91.000000 1387.000000 25750.000000 5001.000000
873143 45.497203 13.708910 6134.000000 31831.000000 36779.000000 4444.000000 427.000000 94.000000 1169.000000 25697.000000 4948.000000
874143 44.776385 13.641042 6347.000000 32018.000000 36918.000000 4852.000000 424.000000 136.000000 935.000000 25671.000000 4900.000000
875143 43.827810 13.504606 6543.000000 32154.000000 37017.000000 5273.000000 450.000000 136.000000 684.000000 25611.000000 4863.000000
876143 42.879310 13.388964 6751.000000 32301.000000 37150.000000 5722.000000 490.000000 125.000000 414.000000 25550.000000 4849.000000
877143 42.719532 13.388501 6826.000000 32298.000000 37099.000000 5818.000000 543.000000 166.000000 299.000000 25472.000000 4801.000000
878143 42.558160 13.318718 6786.000000 32171.000000 36948.000000 5776.000000 590.000000 144.000000 276.000000 25385.000000 4777.000000
879143 42.657220 13.265695 6734.000000 32065.000000 36764.000000 5660.000000 633.000000 178.000000 263.000000 25331.000000 4699.000000
880143 43.202980 13.324217 6626.000000 31914.000000 36565.000000 5425.000000 705.000000 221.000000 275.000000 25288.000000 4651.000000
881143 44.253133 13.504814 6466.000000 31723.000000 36350.000000 5055.000000 847.000000 282.000000 282.000000 25257.000000 4627.000000
882143 45.792851 13.824400 6227.000000 31456.000000 36139.000000 4583.000000 1035.000000 313.000000 296.000000 25229.000000 4683.000000
883143 47.328173 14.140035 6008.000000 31176.000000 35891.000000 4123.000000 1212.000000 360.000000 313.000000 25168.000000 4715.000000
884143 48.688462 14.371476 5748.000000 30873.000000 35647.000000 3649.000000 1399.000000 349.000000 351.000000 25125.000000 4774.000000
885143 49.985421 14.536872 5481.000000 30571.000000 35379.000000 3167.000000 1580.000000 335.000000 399.000000 25090.000000 4808.000000
886143 51.682932 14.777063 5222.000000 30302.000000 35122.000000 2617.000000 1791.000000 370.000000 444.000000 25080.000000 4820.000000
887143 52.729667 14.907508 5016.000000 30065.000000 34922.000000 2108.000000 2063.000000 349.000000 496.000000 25049.000000 4857.000000
888143 52.335109 14.695310 4874.000000 29883.000000 34773.000000 1858.000000 2236.000000 220.000000 560.000000 25009.000000 4890.000000
889143 52.214668 14.625350 4772.000000 29723.000000 34659.000000 1830.000000 2118.000000 133.000000 691.000000 24951.000000 4936.000000
890143 52.139396 14.610540 4748.000000 29661.000000 34612.000000 1885.000000 1910.000000 106.000000 847.000000 24913.000000 4951.000000
891143 51.587629 14.474141 4772.000000 29644.000000 34572.000000 1996.000000 1676.000000 76.000000 1024.000000 24872.000000 4928.000000
892143 51.213742 14.406412 4819.000000 29658.000000 34561.000000 2120.000000 1431.000000 76.000000 1192.000000 24839.000000 4903.000000
893143 50.804221 14.338172 4877.000000 29702.000000 34586.000000 2275.000000 1181.000000 75.000000 1346.000000 24825.000000 4884.000000
894143 50.101215 14.269242 5024.000000 29834.000000 34690.000000 2581.000000 864.000000 94.000000 1485.000000 24810.000000 4856.000000
895143 49.370504 14.194197 5161.000000 29963.000000 34810.000000 2938.000000 534.000000 94.000000 1595.000000 24802.000000 4847.000000
896143 48.309084 14.057270 5341.000000 30126.000000 34957.000000 3376.000000 391.000000 83.000000 1491.000000 24785.000000 4831.000000
897143 47.366383 13.940897 5515.000000 30278.000000 35091.000000 3794.000000 337.000000 79.000000 1305.000000 24763.000000 4813.000000
898143 46.172180 13.749539 5735.000000 30469.000000 35223.000000 4247.000000 327.000000 89.000000 1072.000000 24734.000000 4754.000000
899143 45.175152 13.648679 5983.000000 30710.000000 35432.000000 4781.000000 343.000000 114.000000 745.000000 24727.000000 4722.000000
900143 44.108237 13.542339 6235.000000 30925.000000 35629.000000 5333.000000 371.000000 121.000000 410.000000 24690.000000 4704.000000
901143 43.846224 13.509417 6314.000000 30964.000000 35627.000000 5477.000000 413.000000 150.000000 274.000000 24650.000000 4663.000000
902143 43.630369 13.413673 6269.000000 30866.000000 35516.000000 5474.000000 446.000000 114.000000 235.000000 24597.000000 4650.000000
903143 43.651597 13.396818 6273.000000 30801.000000 35389.000000 5413.000000 484.000000 153.000000 223.000000 24528.000000 4588.000000
904143 44.081099 13.396559 6151.000000 30666.000000 35218.000000 5196.000000 565.000000 166.000000 224.000000 24515.000000 4552.000000
905143 45.501090 13.700077 6015.000000 30497.000000 35029.000000 4859.000000 676.000000 267.000000 213.000000 24482.000000 4532.000000
906143 46.098811 13.712577 5813.000000 30241.000000 34771.000000 4525.000000 847.000000 238.000000 203.000000 24428.000000 4530.000000
907143 47.593106 13.934402 5603.000000 29990.000000 34483.000000 4057.000000 1013.000000 312.000000 221.000000 24387.000000 4493.000000
908143 48.265720 13.916018 5383.000000 29721.000000 34198.000000 3657.000000 1193.000000 282.000000 251.000000 24338.000000 4477.000000
909143 49.629938 14.049221 5169.000000 29464.000000 33888.000000 3145.000000 1385.000000 337.000000 302.000000 24295.000000 4424.000000
910143 51.959734 14.434032 4893.000000 29170.000000 33615.000000 2515.000000 1613.000000 407.000000 358.000000 24277.000000 4445.000000
911143 53.876608 14.690977 4584.000000 28838.000000 33347.000000 1886.000000 1889.000000 390.000000 419.000000 24254.000000 4509.000000
912143 53.732513 14.481344 4357.000000 28575.000000 33153.000000 1569.000000 2098.000000 223.000000 467.000000 24218.000000 4578.000000
913143 53.598099 14.351936 4227.000000 28395.000000 33006.000000 1528.000000 2015.000000 126.000000 558.000000 24168.000000 4611.000000
914143 53.360674 14.238380 4200.000000 28319.000000 32897.000000 1525.000000 1874.000000 106.000000 695.000000 24119.000000 4578.000000
915143 52.720856 14.087978 4203.000000 28291.000000 32872.000000 1655.000000 1646.000000 50.000000 852.000000 24088.000000 4581.000000
916143 52.431146 14.067204 4255.000000 28317.000000 32885.000000 1767.000000 1419.000000 58.000000 1011.000000 24062.000000 4568.000000
917143 52.183726 14.059412 4316.000000 28344.000000 32889.000000 1865.000000 1161.000000 79.000000 1211.000000 24028.000000 4545.000000
918143 51.524288 14.001760 4411.000000 28409.000000 32953.000000 2093.000000 852.000000 70.000000 1396.000000 23998.000000 4544.000000
919143 50.351880 13.857281 4583.000000 28533.000000 33044.000000 2437.000000 524.000000 68.000000 1554.000000 23950.000000 4511.000000
920143 49.038877 13.684718 4774.000000 28697.000000 33183.000000 2859.000000 391.000000 55.000000 1469.000000 23923.000000 4486.000000
921143 47.590808 13.482539 5000.000000 28889.000000 33332.000000 3337.000000 325.000000 51.000000 1287.000000 23889.000000 4443.000000
922143 46.417802 13.321794 5208.000000 29100.000000 33509.000000 3798.000000 285.000000 55.000000 1070.000000 23892.000000 4409.000000
923143 44.949751 13.125445 5499.000000 29384.000000 33736.000000 4383.000000 304.000000 76.000000 736.000000 23885.000000 4352.000000
924143 43.666436 12.991337 5795.000000 29636.000000 33938.000000 4945.000000 332.000000 107.000000 411.000000 23841.000000 4302.000000
925143 43.287402 12.948624 5876.000000 29681.000000 33965.000000 5138.000000 354.000000 114.000000 270.000000 23805.000000 4284.000000
926143 43.163618 12.889702 5865.000000 29622.000000 33872.000000 5137.000000 389.000000 116.000000 223.000000 23757.000000 4250.000000
927143 43.320119 12.928893 5831.000000 29549.000000 33808.000000 5085.000000 431.000000 112.000000 203.000000 23718.000000 4259.000000
928143 43.606755 12.891147 5749.000000 29452.000000 33651.000000 4894.000000 504.000000 139.000000 212.000000 23703.000000 4199.000000
929143 44.393429 12.993490 5640.000000 29325.000000 33486.000000 4628.000000 624.000000 190.000000 198.000000 23685.000000 4161.000000
930143 45.469746 13.093984 5478.000000 29138.000000 33229.000000 4265.000000 764.000000 260.000000 189.000000 23660.000000 4091.000000
931143 47.044993 13.338586 5248.000000 28893.000000 33002.000000 3843.000000 922.000000 293.000000 190.000000 23645.000000 4109.000000
932143 48.493512 13.477995 5000.000000 28626.000000 32720.000000 3394.000000 1075.000000 316.000000 215.000000 23626.000000 4094.000000
933143 49.520478 13.525424 4778.000000 28365.000000 32450.000000 2939.000000 1279.000000 304.000000 256.000000 23587.000000 4085.000000
934143 52.159276 13.965126 4511.000000 28070.000000 32173.000000 2292.000000 1521.000000 390.000000 308.000000 23559.000000 4103.000000
935143 53.979322 14.095119 4211.000000 27748.000000 31855.000000 1663.000000 1797.000000 383.000000 368.000000 23537.000000 4107.000000
936143 53.371203 13.673753 3986.000000 27496.000000 31608.000000 1334.000000 2010.000000 210.000000 432.000000 23510.000000 4112.000000
937143 53.271497 13.524695 3845.000000 27291.000000 31424.000000 1298.000000 1907.000000 117.000000 523.000000 23446.000000 4133.000000
938143 53.007187 13.420162 3828.000000 27223.000000 31326.000000 1316.000000 1780.000000 101.000000 631.000000 23395.000000 4103.000000
939143 52.273301 13.232943 3815.000000 27175.000000 31278.000000 1426.000000 1575.000000 36.000000 778.000000 23360.000000 4103.000000
940143 51.927923 13.173289 3873.000000 27220.000000 31283.000000 1536.000000 1348.000000 58.000000 931.000000 23347.000000 4063.000000
941143 51.300000 13.109727 3947.000000 27252.000000 31305.000000 1701.000000 1080.000000 51.000000 1115.000000 23305.000000 4053.000000
942143 50.789733 13.114963 4053.000000 27333.000000 31384.000000 1932.000000 764.000000 65.000000 1292.000000 23280.000000 4051.000000
943143 49.866050 13.017356 4171.000000 27417.000000 31458.000000 2207.000000 403.000000 54.000000 1507.000000 23246.000000 4041.000000
944143 48.687037 12.913132 4358.000000 27568.000000 31588.000000 2580.000000 266.000000 59.000000 1453.000000 23210.000000 4020.000000
945143 47.241339 12.752692 4561.000000 27746.000000 31758.000000 3021.000000 235.000000 38.000000 1267.000000 23185.000000 4012.000000
946143 45.979358 12.677466 4817.000000 27978.000000 31978.000000 3535.000000 207.000000 54.000000 1021.000000 23161.000000 4000.000000
947143 44.676180 12.620938 5122.000000 28260.000000 32248.000000 4130.000000 219.000000 82.000000 691.000000 23138.000000 3988.000000
948143 43.437034 12.542300 5406.000000 28526.000000 32506.000000 4710.000000 266.000000 97.000000 333.000000 23120.000000 3980.000000
949143 42.926572 12.485403 5500.000000 28577.000000 32542.000000 4903.000000 314.000000 98.000000 185.000000 23077.000000 3965.000000
950143 42.822203 12.408714 5472.000000 28521.000000 32453.000000 4867.000000 364.000000 95.000000 146.000000 23049.000000 3932.000000
951143 43.041898 12.439763 5433.000000 28449.000000 32372.000000 4798.000000 401.000000 104.000000 130.000000 23016.000000 3923.000000
952143 43.978831 12.624791 5345.000000 28340.000000 32254.000000 4590.000000 455.000000 158.000000 142.000000 22995.000000 3914.000000
953143 44.939891 12.808772 5227.000000 28180.000000 32103.000000 4354.000000 541.000000 189.000000 143.000000 22953.000000 3923.000000
954143 46.059525 12.956227 5057.000000 27978.000000 31892.000000 4031.000000 662.000000 218.000000 146.000000 22921.000000 3914.000000
955143 47.180772 13.085234 4890.000000 27765.000000 31654.000000 3673.000000 804.000000 253.000000 160.000000 22875.000000 3889.000000
956143 48.696877 13.222403 4667.000000 27520.000000 31371.000000 3255.000000 920.000000 297.000000 195.000000 22853.000000 3851.000000
957143 51.026074 13.581159 4380.000000 27220.000000 31124.000000 2703.000000 1115.000000 323.000000 239.000000 22840.000000 3904.000000
958143 53.394908 13.876095 4104.000000 26922.000000 30830.000000 2070.000000 1376.000000 370.000000 288.000000 22818.000000 3908.000000
959143 55.388795 14.030545 3846.000000 26629.000000 30512.000000 1417.000000 1687.000000 398.000000 344.000000 22783.000000 3883.000000
960143 54.736004 13.627956 3619.000000 26357.000000 30276.000000 1111.000000 1908.000000 207.000000 393.000000 22738.000000 3919.000000
961143 53.622015 13.205980 3524.000000 26211.000000 30100.000000 1144.000000 1844.000000 86.000000 450.000000 22687.000000 3889.000000
962143 53.009102 13.007967 3535.000000 26171.000000 29997.000000 1201.000000 1727.000000 76.000000 531.000000 22636.000000 3826.000000
963143 52.114208 12.797142 3548.000000 26145.000000 29952.000000 1315.000000 1569.000000 26.000000 638.000000 22597.000000 3807.000000
964143 51.776512 12.744934 3599.000000 26182.000000 29957.000000 1404.000000 1360.000000 43.000000 792.000000 22583.000000 3775.000000
965143 51.293801 12.693436 3649.000000 26213.000000 29984.000000 1528.000000 1095.000000 35.000000 991.000000 22564.000000 3771.000000
966143 50.661676 12.622814 3747.000000 26291.000000 30025.000000 1705.000000 744.000000 56.000000 1242.000000 22544.000000 3734.000000
967143 49.834940 12.534874 3852.000000 26387.000000 30108.000000 1947.000000 371.000000 53.000000 1481.000000 22535.000000 3721.000000
968143 48.699610 12.401073 3980.000000 26489.000000 30199.000000 2250.000000 238.000000 35.000000 1457.000000 22509.000000 3710.000000
969143 47.616626 12.335759 4163.000000 26663.000000 30367.000000 2622.000000 210.000000 42.000000 1289.000000 22500.000000 3704.000000
970143 45.990886 12.203811 4430.000000 26908.000000 30597.000000 3164.000000 197.000000 45.000000 1024.000000 22478.000000 3689.000000
971143 44.313865 12.089514 4761.000000 27215.000000 30878.000000 3796.000000 209.000000 70.000000 686.000000 22454.000000 3663.000000
972143 42.848970 12.019385 5099.000000 27517.000000 31158.000000 4420.000000 258.000000 104.000000 317.000000 22418.000000 3641.000000
973143 42.428021 11.992951 5178.000000 27566.000000 31210.000000 4601.000000 302.000000 99.000000 176.000000 22388.000000 3644.000000
974143 42.393901 11.963781 5167.000000 27522.000000 31144.000000 4558.000000 354.000000 104.000000 151.000000 22355.000000 3622.000000
975143 42.579020 11.966142 5098.000000 27437.000000 31071.000000 4478.000000 402.000000 84.000000 134.000000 22339.000000 3634.000000
976143 43.072639 11.995863 5019.000000 27345.000000 30944.000000 4334.000000 446.000000 113.000000 126.000000 22326.000000 3599.000000
977143 43.656673 12.058718 4951.000000 27237.000000 30791.000000 4152.000000 508.000000 159.000000 132.000000 22286.000000 3554.000000
978143 44.508324 12.139427 4809.000000 27071.000000 30611.000000 3895.000000 612.000000 176.000000 126.000000 22262.000000 3540.000000
979143 45.164055 12.140459 4680.000000 26898.000000 30386.000000 3636.000000 698.000000 201.000000 145.000000 22218.000000 3488.000000
980143 46.084110 12.148168 4514.000000 26700.000000 30128.000000 3282.000000 803.000000 232.000000 197.000000 22186.000000 3428.000000
981143 48.452133 12.479898 4300.000000 26460.000000 29848.000000 2731.000000 978.000000 337.000000 254.000000 22160.000000 3388.000000
982143 51.430499 12.897658 3994.000000 26132.000000 29548.000000 2067.000000 1233.000000 395.000000 299.000000 22138.000000 3416.000000
983143 54.401458 13.265201 3661.000000 25784.000000 29257.000000 1313.000000 1591.000000 408.000000 349.000000 22123.000000 3473.000000
984143 53.266187 12.748812 3439.000000 25527.000000 29038.000000 1025.000000 1844.000000 191.000000 379.000000 22088.000000 3511.000000
985143 52.424065 12.422145 3335.000000 25387.000000 28900.000000 1061.000000 1806.000000 77.000000 391.000000 22052.000000 3513.000000
986143 51.630435 12.191315 3342.000000 25366.000000 28832.000000 1139.000000 1707.000000 49.000000 447.000000 22024.000000 3466.000000
987143 50.888269 12.031798 3384.000000 25380.000000 28807.000000 1242.000000 1571.000000 39.000000 532.000000 21996.000000 3427.000000
988143 50.700935 12.046771 3416.000000 25389.000000 28821.000000 1315.000000 1391.000000 40.000000 670.000000 21973.000000 3432.000000
989143 50.268077 12.028850 3478.000000 25416.000000 28839.000000 1439.000000 1105.000000 46.000000 888.000000 21938.000000 3423.000000
990143 49.985636 12.053200 3535.000000 25445.000000 28872.000000 1550.000000 772.000000 53.000000 1160.000000 21910.000000 3427.000000
991143 49.447436 12.062351 3619.000000 25494.000000 28933.000000 1740.000000 346.000000 51.000000 1482.000000 21875.000000 3439.000000
992143 48.360541 11.940196 3733.000000 25594.000000 29028.000000 2004.000000 226.000000 32.000000 1471.000000 21861.000000 3434.000000
993143 47.175989 11.852207 3913.000000 25759.000000 29176.000000 2369.000000 189.000000 41.000000 1314.000000 21846.000000 3417.000000
994143 45.508430 11.746906 4176.000000 25996.000000 29412.000000 2909.000000 172.000000 39.000000 1056.000000 21820.000000 3416.000000
995143 43.983297 11.705280 4508.000000 26301.000000 29696.000000 3536.000000 180.000000 81.000000 711.000000 21793.000000 3395.000000
996143 42.578838 11.661720 4819.000000 26593.000000 29987.000000 4164.000000 230.000000 103.000000 322.000000 21774.000000 3394.000000
997143 41.948286 11.602688 4915.000000 26662.000000 30062.000000 4404.000000 278.000000 88.000000 145.000000 21747.000000 3400.000000
998143 42.284956 11.683723 4881.000000 26591.000000 29999.000000 4358.000000 299.000000 97.000000 127.000000 21710.000000 3408.000000
999143 42.473576 11.686054 4834.000000 26519.000000 29916.000000 4289.000000 332.000000 99.000000 114.000000 21685.000000 3397.000000
1000143 42.675003 11.676114 4766.000000 26422.000000 29813.000000 4180.000000 382.000000 90.000000 114.000000 21656.000000 3391.000000
1001143 43.086098 11.683849 4693.000000 26326.000000 29682.000000 4024.000000 441.000000 112.000000 116.000000 21633.000000 3356.000000
1002143 43.988864 11.772276 4592.000000 26217.000000 29527.000000 3782.000000 524.000000 166.000000 120.000000 21625.000000 3310.000000
1003143 44.807122 11.828213 4456.000000 26067.000000 29362.000000 3537.000000 607.000000 178.000000 134.000000 21611.000000 3295.000000
1004143 46.390799 12.032370 4287.000000 25886.000000 29163.000000 3180.000000 695.000000 232.000000 180.000000 21599.000000 3277.000000
1005143 49.174061 12.461943 4070.000000 25649.000000 28904.000000 2651.000000 857.000000 347.000000 215.000000 21579.000000 3255.000000
1006143 52.178850 12.857643 3752.000000 25297.000000 28590.000000 1968.000000 1154.000000 383.000000 247.000000 21545.000000 3293.000000
1007143 55.668583 13.345114 3423.000000 24935.000000 28295.000000 1249.000000 1473.000000 416.000000 285.000000 21512.000000 3360.000000
1008143 54.955779 12.851692 3152.000000 24637.000000 28043.000000 924.000000 1708.000000 198.000000 322.000000 21485.000000 3406.000000
1009143 54.394667 12.575709 3019.000000 24471.000000 27903.000000 926.000000 1689.000000 77.000000 327.000000 21452.000000 3432.000000
1010143 53.860552 12.405691 3006.000000 24429.000000 27834.000000 966.000000 1598.000000 48.000000 394.000000 21423.000000 3405.000000
1011143 53.820961 12.406529 3006.000000 24410.000000 27816.000000 1007.000000 1469.000000 45.000000 485.000000 21404.000000 3406.000000
1012143 53.119181 12.307194 3055.000000 24424.000000 27813.000000 1123.000000 1301.000000 34.000000 597.000000 21369.000000 3389.000000
1013143 52.445401 12.245484 3118.000000 24463.000000 27847.000000 1270.000000 1026.000000 26.000000 796.000000 21345.000000 3384.000000
1014143 51.934547 12.190394 3179.000000 24498.000000 27858.000000 1370.000000 691.000000 36.000000 1082.000000 21319.000000 3360.000000
1015143 50.939679 12.044005 3265.000000 24573.000000 27906.000000 1553.000000 325.000000 28.000000 1359.000000 21308.000000 3333.000000
1016143 50.022365 11.984283 3386.000000 24674.000000 27995.000000 1795.000000 184.000000 34.000000 1373.000000 21288.000000 3321.000000
1017143 49.080023 11.952772 3529.000000 24800.000000 28119.000000 2079.000000 154.000000 42.000000 1254.000000 21271.000000 3319.000000
1018143 47.219485 11.829019 3784.000000 25035.000000 28354.000000 2602.000000 150.000000 35.000000 997.000000 21251.000000 3319.000000
1019143 45.407749 11.710044 4082.000000 25325.000000 28625.000000 3192.000000 171.000000 52.000000 667.000000 21243.000000 3300.000000
1020143 43.811881 11.636678 4388.000000 25612.000000 28900.000000 3794.000000 221.000000 75.000000 298.000000 21224.000000 3288.000000
1021143 42.954663 11.515089 4510.000000 25708.000000 28962.000000 4037.000000 266.000000 81.000000 126.000000 21198.000000 3254.000000
1022143 42.362184 11.379442 4538.000000 25677.000000 28903.000000 4100.000000 287.000000 63.000000 88.000000 21139.000000 3226.000000
1023143 42.646297 11.425202 4524.000000 25631.000000 28831.000000 4027.000000 322.000000 94.000000 81.000000 21107.000000 3200.000000
1024143 42.864604 11.425887 4472.000000 25546.000000 28733.000000 3914.000000 378.000000 96.000000 84.000000 21074.000000 3187.000000
1025143 43.205805 11.443447 4394.000000 25433.000000 28619.000000 3788.000000 415.000000 89.000000 102.000000 21039.000000 3186.000000
1026143 44.124347 11.561282 4302.000000 25322.000000 28483.000000 3568.000000 480.000000 132.000000 122.000000 21020.000000 3161.000000
1027143 44.878780 11.627086 4196.000000 25193.000000 28339.000000 3344.000000 557.000000 149.000000 146.000000 20997.000000 3146.000000
1028143 46.202003 11.791649 4070.000000 25046.000000 28164.000000 3046.000000 643.000000 203.000000 178.000000 20976.000000 3118.000000
1029143 48.846930 12.147389 3876.000000 24837.000000 27899.000000 2538.000000 796.000000 327.000000 215.000000 20961.000000 3062.000000
1030143 51.873112 12.456471 3596.000000 24544.000000 27568.000000 1879.000000 1074.000000 410.000000 233.000000 20948.000000 3024.000000
1031143 54.221802 12.621929 3284.000000 24206.000000 27270.000000 1253.000000 1380.000000 378.000000 273.000000 20922.000000 3064.000000
1032143 53.684556 12.118405 3029.000000 23928.000000 26992.000000 910.000000 1616.000000 207.000000 296.000000 20899.000000 3064.000000
1033143 53.100905 11.814724 2897.000000 23745.000000 26814.000000 896.000000 1592.000000 99.000000 310.000000 20848.000000 3069.000000
1034143 52.539227 11.645475 2864.000000 23677.000000 26740.000000 937.000000 1525.000000 51.000000 351.000000 20813.000000 3063.000000
1035143 52.139354 11.542061 2860.000000 23658.000000 26711.000000 975.000000 1420.000000 30.000000 435.000000 20798.000000 3053.000000
1036143 51.522288 11.463323 2912.000000 23687.000000 26720.000000 1078.000000 1251.000000 30.000000 553.000000 20775.000000 3033.000000
1037143 50.827621 11.369586 2959.000000 23716.000000 26738.000000 1184.000000 1007.000000 18.000000 750.000000 20757.000000 3022.000000
1038143 50.464807 11.354723 3016.000000 23765.000000 26773.000000 1281.000000 666.000000 32.000000 1037.000000 20749.000000 3008.000000
1039143 50.312500 11.403116 3067.000000 23813.000000 26826.000000 1400.000000 321.000000 46.000000 1300.000000 20746.000000 3013.000000
1040143 49.498219 11.360850 3150.000000 23889.000000 26917.000000 1620.000000 183.000000 30.000000 1317.000000 20739.000000 3028.000000
1041143 48.562855 11.362797 3303.000000 24033.000000 27062.000000 1926.000000 145.000000 46.000000 1186.000000 20730.000000 3029.000000
1042143 46.897393 11.282277 3531.000000 24236.000000 27264.000000 2388.000000 142.000000 48.000000 953.000000 20705.000000 3028.000000
1043143 44.694205 11.122412 3835.000000 24514.000000 27530.000000 3005.000000 155.000000 46.000000 629.000000 20679.000000 3016.000000
1044143 43.271251 11.119908 4154.000000 24801.000000 27788.000000 3556.000000 190.000000 103.000000 305.000000 20647.000000 2987.000000
1045143 42.533812 11.056502 4226.000000 24855.000000 27875.000000 3798.000000 224.000000 62.000000 142.000000 20629.000000 3020.000000
1046143 42.303969 10.990946 4229.000000 24830.000000 27832.000000 3809.000000 257.000000 57.000000 106.000000 20601.000000 3002.000000
1047143 43.017768 11.154704 4196.000000 24774.000000 27782.000000 3722.000000 287.000000 91.000000 96.000000 20578.000000 3008.000000
1048143 42.987122 11.085842 4137.000000 24695.000000 27702.000000 3660.000000 325.000000 64.000000 88.000000 20558.000000 3007.000000
1049143 43.416219 11.129622 4099.000000 24632.000000 27611.000000 3557.000000 369.000000 94.000000 79.000000 20533.000000 2979.000000
1050143 43.751791 11.104241 4029.000000 24545.000000 27494.000000 3420.000000 413.000000 104.000000 92.000000 20516.000000 2949.000000
1051143 44.976636 11.259779 3926.000000 24432.000000 27354.000000 3183.000000 474.000000 158.000000 111.000000 20506.000000 2922.000000
1052143 46.689532 11.511876 3767.000000 24259.000000 27198.000000 2871.000000 543.000000 192.000000 161.000000 20492.000000 2939.000000
1053143 49.723502 11.993775 3588.000000 24067.000000 26989.000000 2383.000000 701.000000 315.000000 189.000000 20479.000000 2922.000000
1054143 53.111967 12.401678 3311.000000 23775.000000 26698.000000 1712.000000 988.000000 388.000000 223.000000 20464.000000 2923.000000
1055143 56.059329 12.608514 2986.000000 23432.000000 26379.000000 1072.000000 1293.000000 379.000000 242.000000 20446.000000 2947.000000
1056143 55.471764 12.112277 2726.000000 23138.000000 26114.000000 774.000000 1501.000000 187.000000 264.000000 20412.000000 2976.000000
1057143 54.514450 11.706885 2608.000000 22979.000000 25942.000000 796.000000 1471.000000 74.000000 267.000000 20371.000000 2963.000000
1058143 53.520362 11.437302 2608.000000 22937.000000 25854.000000 850.000000 1424.000000 40.000000 294.000000 20329.000000 2917.000000
1059143 52.887923 11.312936 2638.000000 22935.000000 25820.000000 922.000000 1315.000000 36.000000 365.000000 20297.000000 2885.000000
1060143 52.877503 11.348589 2650.000000 22934.000000 25827.000000 956.000000 1180.000000 38.000000 476.000000 20284.000000 2893.000000
1061143 52.247090 11.289948 2689.000000 22950.000000 25846.000000 1044.000000 948.000000 22.000000 675.000000 20261.000000 2896.000000
1062143 51.656920 11.265700 2752.000000 22984.000000 25875.000000 1157.000000 613.000000 24.000000 958.000000 20232.000000 2891.000000
1063143 51.056338 11.198208 2809.000000 23026.000000 25897.000000 1264.000000 291.000000 29.000000 1225.000000 20217.000000 2871.000000
1064143 50.077895 11.137632 2914.000000 23112.000000 25975.000000 1486.000000 161.000000 30.000000 1237.000000 20198.000000 2863.000000
1065143 48.609698 10.991412 3049.000000 23235.000000 26084.000000 1769.000000 145.000000 18.000000 1117.000000 20186.000000 2849.000000
1066143 46.696107 10.863361 3294.000000 23461.000000 26281.000000 2230.000000 146.000000 35.000000 883.000000 20167.000000 2820.000000
1067143 44.793130 10.806840 3595.000000 23738.000000 26548.000000 2816.000000 151.000000 59.000000 569.000000 20143.000000 2810.000000
1068143 43.278885 10.787390 3861.000000 23960.000000 26772.000000 3339.000000 175.000000 76.000000 271.000000 20099.000000 2812.000000
1069143 42.829658 10.785629 3941.000000 24016.000000 26832.000000 3536.000000 192.000000 78.000000 135.000000 20075.000000 2816.000000
1070143 43.013780 10.832898 3922.000000 23971.000000 26798.000000 3527.000000 218.000000 76.000000 101.000000 20049.000000 2827.000000
1071143 43.334327 10.868427 3867.000000 23899.000000 26738.000000 3465.000000 242.000000 67.000000 93.000000 20032.000000 2839.000000
1072143 43.439663 10.830176 3836.000000 23847.000000 26657.000000 3407.000000 272.000000 77.000000 80.000000 20011.000000 2810.000000
1073143 43.744306 10.839384 3784.000000 23777.000000 26579.000000 3318.000000 312.000000 79.000000 75.000000 19993.000000 2802.000000
1074143 44.439331 10.928776 3725.000000 23714.000000 26508.000000 3194.000000 337.000000 103.000000 91.000000 19989.000000 2794.000000
1075143 45.565272 11.061410 3620.000000 23596.000000 26380.000000 2988.000000 388.000000 134.000000 110.000000 19976.000000 2784.000000
1076143 47.069186 11.211139 3476.000000 23447.000000 26215.000000 2689.000000 484.000000 171.000000 132.000000 19971.000000 2768.000000
1077143 50.520403 11.757017 3298.000000 23255.000000 26010.000000 2196.000000 636.000000 303.000000 163.000000 19957.000000 2755.000000
1078143 53.855484 12.091974 3025.000000 22957.000000 25703.000000 1560.000000 909.000000 362.000000 194.000000 19932.000000 2746.000000
1079143 56.657584 12.273246 2723.000000 22631.000000 25413.000000 1013.000000 1179.000000 337.000000 194.000000 19908.000000 2782.000000
1080143 56.087862 11.766575 2492.000000 22384.000000 25173.000000 720.000000 1391.000000 173.000000 208.000000 19892.000000 2789.000000
1081143 55.272941 11.308595 2351.000000 22221.000000 24981.000000 681.000000 1372.000000 65.000000 233.000000 19870.000000 2760.000000
1082143 54.408857 11.048216 2341.000000 22192.000000 24909.000000 733.000000 1321.000000 35.000000 252.000000 19851.000000 2717.000000
1083143 54.025257 11.003939 2372.000000 22186.000000 24882.000000 778.000000 1241.000000 42.000000 311.000000 19814.000000 2696.000000
1084143 53.994490 11.028052 2367.000000 22167.000000 24882.000000 806.000000 1108.000000 29.000000 424.000000 19800.000000 2715.000000
1085143 53.372549 10.938756 2396.000000 22180.000000 24884.000000 882.000000 882.000000 18.000000 614.000000 19784.000000 2704.000000
1086143 53.155434 10.955879 2428.000000 22203.000000 24909.000000 957.000000 551.000000 23.000000 897.000000 19775.000000 2706.000000
1087143 52.517847 10.910694 2480.000000 22245.000000 24948.000000 1070.000000 252.000000 19.000000 1139.000000 19765.000000 2703.000000
1088143 51.788432 10.881906 2560.000000 22318.000000 25014.000000 1237.000000 129.000000 26.000000 1168.000000 19758.000000 2696.000000
1089143 50.630330 10.864895 2701.000000 22443.000000 25136.000000 1503.000000 108.000000 38.000000 1052.000000 19742.000000 2693.000000
1090143 49.098053 10.858745 2903.000000 22620.000000 25316.000000 1905.000000 111.000000 53.000000 834.000000 19717.000000 2696.000000
1091143 46.810682 10.757984 3176.000000 22878.000000 25581.000000 2474.000000 123.000000 49.000000 530.000000 19702.000000 2703.000000
1092143 44.437173 10.535707 3442.000000 23109.000000 25779.000000 3006.000000 138.000000 46.000000 252.000000 19667.000000 2670.000000
1093143 43.369810 10.427549 3568.000000 23199.000000 25845.000000 3245.000000 169.000000 49.000000 105.000000 19631.000000 2646.000000
1094143 43.252427 10.366492 3569.000000 23174.000000 25785.000000 3232.000000 201.000000 62.000000 74.000000 19605.000000 2611.000000
1095143 43.099234 10.285425 3540.000000 23119.000000 25716.000000 3201.000000 221.000000 48.000000 70.000000 19579.000000 2597.000000
1096143 42.922900 10.183705 3529.000000 23085.000000 25639.000000 3144.000000 266.000000 57.000000 62.000000 19556.000000 2554.000000
1097143 42.973287 10.131435 3496.000000 23033.000000 25564.000000 3086.000000 292.000000 59.000000 59.000000 19537.000000 2531.000000
1098143 43.393696 10.154993 3457.000000 22978.000000 25485.000000 2981.000000 325.000000 81.000000 70.000000 19521.000000 2507.000000
1099143 44.300341 10.232961 3378.000000 22887.000000 25369.000000 2799.000000 373.000000 114.000000 92.000000 19509.000000 2482.000000
1100143 46.145797 10.488346 3265.000000 22759.000000 25228.000000 2499.000000 475.000000 177.000000 114.000000 19494.000000 2469.000000
1101143 48.458469 10.689283 3106.000000 22589.000000 24997.000000 2063.000000 633.000000 264.000000 146.000000 19483.000000 2408.000000
1102143 52.293054 11.119204 2859.000000 22318.000000 24714.000000 1474.000000 857.000000 352.000000 176.000000 19459.000000 2396.000000
1103143 54.272564 11.106561 2596.000000 22017.000000 24418.000000 951.000000 1148.000000 311.000000 186.000000 19421.000000 2401.000000
1104143 54.218620 10.775203 2391.000000 21792.000000 24213.000000 674.000000 1322.000000 188.000000 207.000000 19401.000000 2421.000000
