769403 0.275680 0.057500 8343.000000 40000.000000 40000.000000 4652.000000 867.000000 23.000000 2801.000000 31657.000000 0.000000
770403 0.333175 0.069321 8396.000000 40384.000000 40392.000000 5401.000000 632.000000 20.000000 2343.000000 31988.000000 8.000000
771403 0.604839 0.125190 8407.000000 40713.000000 40738.000000 6050.000000 445.000000 26.000000 1886.000000 32306.000000 25.000000
772403 1.345133 0.277879 8415.000000 40965.000000 41025.000000 6523.000000 339.000000 54.000000 1499.000000 32550.000000 60.000000
773403 2.621371 0.540095 8390.000000 41172.000000 41289.000000 6882.000000 289.000000 106.000000 1113.000000 32782.000000 117.000000
774403 4.433038 0.915464 8336.000000 41273.000000 41509.000000 7075.000000 308.000000 144.000000 809.000000 32937.000000 236.000000
775403 7.290939 1.503073 8173.000000 41235.000000 41648.000000 7000.000000 379.000000 213.000000 581.000000 33062.000000 413.000000
776403 10.603949 2.186146 7947.000000 41100.000000 41763.000000 6758.000000 540.000000 250.000000 399.000000 33153.000000 663.000000
777403 14.859856 3.065638 7634.000000 40851.000000 41851.000000 6375.000000 703.000000 283.000000 273.000000 33217.000000 1000.000000
778403 20.206353 4.159607 7245.000000 40522.000000 41903.000000 5804.000000 896.000000 362.000000 183.000000 33277.000000 1381.000000
779403 25.040613 5.146182 6801.000000 40117.000000 41934.000000 5219.000000 1100.000000 341.000000 141.000000 33316.000000 1817.000000
780403 31.081238 6.392106 6373.000000 39702.000000 41958.000000 4509.000000 1293.000000 426.000000 145.000000 33329.000000 2256.000000
781403 37.175626 7.645573 5839.000000 39179.000000 41972.000000 3726.000000 1510.000000 416.000000 187.000000 33340.000000 2793.000000
782403 42.719685 8.777362 5328.000000 38685.000000 41983.000000 3001.000000 1682.000000 387.000000 258.000000 33357.000000 3298.000000
783403 47.238979 9.696854 4882.000000 38255.000000 41993.000000 2420.000000 1772.000000 334.000000 356.000000 33373.000000 3738.000000
784403 51.652940 10.600867 4492.000000 37877.000000 42006.000000 1829.000000 1825.000000 324.000000 514.000000 33385.000000 4129.000000
785403 55.300394 11.344548 4123.000000 37530.000000 42029.000000 1389.000000 1809.000000 269.000000 656.000000 33407.000000 4499.000000
786403 57.566628 11.809451 3840.000000 37278.000000 42068.000000 1134.000000 1714.000000 178.000000 814.000000 33438.000000 4790.000000
787403 59.001041 12.113947 3680.000000 37156.000000 42125.000000 1007.000000 1604.000000 134.000000 935.000000 33476.000000 4969.000000
788403 60.251819 12.363705 3547.000000 37078.000000 42188.000000 933.000000 1429.000000 106.000000 1079.000000 33531.000000 5110.000000
789403 60.617227 12.446210 3489.000000 37099.000000 42294.000000 1060.000000 1189.000000 69.000000 1171.000000 33610.000000 5195.000000
790403 60.636708 12.444277 3470.000000 37166.000000 42397.000000 1229.000000 968.000000 45.000000 1228.000000 33696.000000 5231.000000
791403 60.293443 12.370358 3490.000000 37287.000000 42521.000000 1476.000000 767.000000 26.000000 1221.000000 33797.000000 5234.000000
792403 59.997715 12.314728 3517.000000 37405.000000 42640.000000 1711.000000 583.000000 16.000000 1207.000000 33888.000000 5235.000000
793403 59.205613 12.221729 3622.000000 37594.000000 42809.000000 2078.000000 427.000000 17.000000 1100.000000 33972.000000 5215.000000
794403 58.484645 12.140813 3714.000000 37771.000000 42979.000000 2444.000000 321.000000 10.000000 939.000000 34057.000000 5208.000000
795403 57.374696 12.048779 3873.000000 37948.000000 43133.000000 2842.000000 238.000000 12.000000 781.000000 34075.000000 5185.000000
796403 56.012111 11.977709 4100.000000 38099.000000 43247.000000 3259.000000 175.000000 32.000000 634.000000 33999.000000 5148.000000
797403 54.049240 11.909324 4441.000000 38215.000000 43319.000000 3734.000000 153.000000 55.000000 499.000000 33774.000000 5104.000000
798403 51.601495 11.785747 4857.000000 38292.000000 43332.000000 4250.000000 166.000000 67.000000 374.000000 33435.000000 5040.000000
799403 48.843112 11.571643 5328.000000 38320.000000 43235.000000 4769.000000 191.000000 88.000000 280.000000 32992.000000 4915.000000
800403 46.033981 11.386116 5867.000000 38284.000000 43070.000000 5285.000000 250.000000 118.000000 214.000000 32417.000000 4786.000000
801403 43.098592 11.074789 6390.000000 38212.000000 42827.000000 5798.000000 322.000000 128.000000 142.000000 31822.000000 4615.000000
802403 40.038804 10.685621 6947.000000 38095.000000 42487.000000 6313.000000 386.000000 148.000000 100.000000 31148.000000 4392.000000
803403 37.265462 10.188572 7371.000000 37965.000000 42106.000000 6671.000000 471.000000 149.000000 80.000000 30594.000000 4141.000000
804403 35.723576 9.881755 7627.000000 37787.000000 41693.000000 6747.000000 581.000000 214.000000 85.000000 30160.000000 3906.000000
805403 33.746617 9.381979 7798.000000 37541.000000 41196.000000 6801.000000 691.000000 210.000000 96.000000 29743.000000 3655.000000
806403 32.305109 8.981668 7884.000000 37264.000000 40694.000000 6734.000000 797.000000 225.000000 128.000000 29380.000000 3430.000000
807403 32.156968 8.883211 7829.000000 37005.000000 40312.000000 6474.000000 906.000000 274.000000 175.000000 29176.000000 3307.000000
808403 33.372889 9.145259 7661.000000 36683.000000 39977.000000 6026.000000 1038.000000 362.000000 235.000000 29022.000000 3294.000000
809403 34.181211 9.286723 7431.000000 36307.000000 39648.000000 5579.000000 1227.000000 341.000000 284.000000 28876.000000 3341.000000
810403 36.007147 9.711619 7172.000000 35965.000000 39427.000000 5037.000000 1425.000000 367.000000 343.000000 28793.000000 3462.000000
811403 38.744548 10.398269 6872.000000 35621.000000 39295.000000 4425.000000 1650.000000 412.000000 385.000000 28749.000000 3674.000000
812403 41.231822 11.057864 6591.000000 35300.000000 39230.000000 3795.000000 1916.000000 408.000000 472.000000 28709.000000 3930.000000
813403 43.397661 11.642438 6350.000000 35041.000000 39210.000000 3236.000000 2173.000000 396.000000 545.000000 28691.000000 4169.000000
814403 44.353767 11.917997 6185.000000 34865.000000 39218.000000 2754.000000 2482.000000 321.000000 628.000000 28680.000000 4353.000000
815403 45.007099 12.115267 6047.000000 34730.000000 39248.000000 2433.000000 2655.000000 237.000000 722.000000 28683.000000 4518.000000
816403 45.866642 12.403042 6006.000000 34694.000000 39321.000000 2114.000000 2759.000000 250.000000 883.000000 28688.000000 4627.000000
817403 45.725979 12.463555 6037.000000 34729.000000 39443.000000 2023.000000 2804.000000 202.000000 1008.000000 28692.000000 4714.000000
818403 46.293230 12.721482 5946.000000 34637.000000 39563.000000 2088.000000 2570.000000 107.000000 1181.000000 28691.000000 4926.000000
819403 46.702398 12.948318 5966.000000 34662.000000 39704.000000 2224.000000 2257.000000 99.000000 1386.000000 28696.000000 5042.000000
820403 47.195843 13.215925 6002.000000 34701.000000 39861.000000 2374.000000 1915.000000 108.000000 1605.000000 28699.000000 5160.000000
821403 46.723472 13.272283 6139.000000 34831.000000 40076.000000 2752.000000 1501.000000 74.000000 1812.000000 28692.000000 5245.000000
822403 46.054110 13.233322 6317.000000 35010.000000 40262.000000 3147.000000 1146.000000 76.000000 1948.000000 28693.000000 5252.000000
823403 45.249215 13.172987 6531.000000 35208.000000 40454.000000 3624.000000 851.000000 83.000000 1973.000000 28677.000000 5246.000000
824403 44.290484 13.046472 6761.000000 35451.000000 40670.000000 4182.000000 515.000000 87.000000 1977.000000 28690.000000 5219.000000
825403 43.045159 12.805579 7010.000000 35718.000000 40865.000000 4792.000000 437.000000 86.000000 1695.000000 28708.000000 5147.000000
826403 41.875815 12.522235 7217.000000 35984.000000 41039.000000 5392.000000 405.000000 84.000000 1336.000000 28767.000000 5055.000000
827403 40.857073 12.229429 7376.000000 36218.000000 41163.000000 5896.000000 413.000000 89.000000 978.000000 28842.000000 4945.000000
828403 40.541199 12.107166 7481.000000 36382.000000 41207.000000 6194.000000 424.000000 164.000000 699.000000 28901.000000 4825.000000
829403 40.008197 11.851402 7456.000000 36441.000000 41185.000000 6462.000000 451.000000 137.000000 406.000000 28985.000000 4744.000000
830403 40.050000 11.718236 7362.000000 36375.000000 41013.000000 6412.000000 498.000000 168.000000 284.000000 29013.000000 4638.000000
831403 40.402673 11.706169 7248.000000 36226.000000 40799.000000 6234.000000 554.000000 203.000000 257.000000 28978.000000 4573.000000
832403 40.982050 11.725057 7095.000000 36010.000000 40503.000000 5916.000000 668.000000 256.000000 255.000000 28915.000000 4493.000000
833403 41.689397 11.782845 6897.000000 35743.000000 40211.000000 5594.000000 780.000000 270.000000 253.000000 28846.000000 4468.000000
834403 42.326289 11.850088 6727.000000 35449.000000 39890.000000 5231.000000 966.000000 286.000000 244.000000 28722.000000 4441.000000
835403 43.809005 12.191487 6568.000000 35137.000000 39585.000000 4750.000000 1173.000000 378.000000 267.000000 28569.000000 4448.000000
836403 44.936593 12.443065 6381.000000 34798.000000 39299.000000 4266.000000 1437.000000 389.000000 289.000000 28417.000000 4501.000000
837403 46.561777 12.876888 6191.000000 34456.000000 39070.000000 3728.000000 1708.000000 417.000000 338.000000 28265.000000 4614.000000
838403 47.387505 13.109905 5987.000000 34110.000000 38879.000000 3325.000000 1970.000000 328.000000 364.000000 28123.000000 4769.000000
839403 48.587676 13.462135 5843.000000 33832.000000 38716.000000 2908.000000 2168.000000 328.000000 439.000000 27989.000000 4884.000000
840403 49.958136 13.889607 5696.000000 33609.000000 38662.000000 2499.000000 2345.000000 317.000000 535.000000 27913.000000 5053.000000
841403 48.813372 13.689690 5668.000000 33452.000000 38613.000000 2482.000000 2395.000000 125.000000 666.000000 27784.000000 5161.000000
842403 48.149509 13.612878 5749.000000 33375.000000 38515.000000 2618.000000 2196.000000 103.000000 832.000000 27626.000000 5140.000000
843403 47.431444 13.495800 5831.000000 33340.000000 38449.000000 2755.000000 1947.000000 80.000000 1049.000000 27509.000000 5109.000000
844403 47.179906 13.533619 5930.000000 33347.000000 38445.000000 2880.000000 1662.000000 105.000000 1283.000000 27417.000000 5098.000000
845403 46.895439 13.594805 6043.000000 33382.000000 38500.000000 3068.000000 1367.000000 116.000000 1492.000000 27339.000000 5118.000000
846403 46.570142 13.665095 6166.000000 33441.000000 38602.000000 3326.000000 1110.000000 114.000000 1616.000000 27275.000000 5161.000000
847403 46.488873 13.857630 6327.000000 33522.000000 38744.000000 3621.000000 858.000000 147.000000 1701.000000 27195.000000 5222.000000
848403 45.899415 13.897234 6509.000000 33661.000000 38943.000000 4063.000000 606.000000 130.000000 1710.000000 27152.000000 5282.000000
849403 45.704782 14.031146 6695.000000 33840.000000 39170.000000 4485.000000 551.000000 166.000000 1493.000000 27145.000000 5330.000000
850403 45.002446 14.010152 6870.000000 34004.000000 39400.000000 4993.000000 573.000000 124.000000 1180.000000 27134.000000 5396.000000
851403 44.254808 13.945561 7058.000000 34182.000000 39604.000000 5469.000000 578.000000 101.000000 910.000000 27124.000000 5422.000000
852403 43.733207 13.921662 7261.000000 34358.000000 39751.000000 5879.000000 590.000000 141.000000 651.000000 27097.000000 5393.000000
853403 43.269908 13.859350 7394.000000 34495.000000 39872.000000 6235.000000 612.000000 149.000000 398.000000 27101.000000 5377.000000
854403 43.352692 13.874865 7377.000000 34448.000000 39813.000000 6238.000000 644.000000 159.000000 336.000000 27071.000000 5365.000000
855403 43.912905 13.943630 7257.000000 34304.000000 39631.000000 6034.000000 668.000000 199.000000 356.000000 27047.000000 5327.000000
856403 44.450709 13.994827 7097.000000 34117.000000 39436.000000 5777.000000 741.000000 200.000000 379.000000 27020.000000 5319.000000
857403 45.257143 14.139250 6983.000000 33943.000000 39210.000000 5499.000000 828.000000 277.000000 379.000000 26960.000000 5267.000000
858403 45.850622 14.185217 6829.000000 33728.000000 38949.000000 5159.000000 984.000000 304.000000 382.000000 26899.000000 5221.000000
859403 46.842283 14.344442 6641.000000 33474.000000 38677.000000 4718.000000 1208.000000 345.000000 370.000000 26833.000000 5203.000000
860403 47.800637 14.469981 6429.000000 33188.000000 38376.000000 4235.000000 1440.000000 365.000000 389.000000 26759.000000 5188.000000
861403 48.979413 14.671075 6212.000000 32906.000000 38109.000000 3765.000000 1645.000000 388.000000 414.000000 26694.000000 5203.000000
862403 49.825472 14.728293 5978.000000 32603.000000 37798.000000 3283.000000 1879.000000 372.000000 444.000000 26625.000000 5195.000000
863403 50.814599 14.868572 5772.000000 32334.000000 37549.000000 2787.000000 2127.000000 368.000000 490.000000 26562.000000 5215.000000
864403 51.040030 14.800418 5607.000000 32093.000000 37303.000000 2399.000000 2319.000000 311.000000 578.000000 26486.000000 5210.000000
865403 50.377130 14.548095 5484.000000 31932.000000 37187.000000 2258.000000 2407.000000 155.000000 664.000000 26448.000000 5255.000000
866403 49.761794 14.346889 5443.000000 31868.000000 37130.000000 2349.000000 2215.000000 65.000000 814.000000 26425.000000 5262.000000
867403 49.612403 14.320761 5492.000000 31878.000000 37093.000000 2428.000000 1949.000000 97.000000 1018.000000 26386.000000 5215.000000
868403 49.460264 14.332327 5533.000000 31871.000000 37084.000000 2512.000000 1692.000000 102.000000 1227.000000 26338.000000 5213.000000
869403 49.286641 14.339623 5579.000000 31885.000000 37100.000000 2664.000000 1395.000000 105.000000 1415.000000 26306.000000 5215.000000
870403 48.961015 14.343434 5675.000000 31924.000000 37125.000000 2850.000000 1121.000000 124.000000 1580.000000 26249.000000 5201.000000
871403 48.316850 14.302981 5807.000000 32016.000000 37230.000000 3190.000000 826.000000 111.000000 1680.000000 26209.000000 5214.000000
872403 47.349634 14.206538 6031.000000 32174.000000 37349.000000 3625.000000 578.000000 131.000000 1697.000000 26143.000000 5175.000000
873403 46.103212 14.016971 6242.000000 32324.000000 37476.000000 4102.000000 508.000000 101.000000 1531.000000 26082.000000 5152.000000
874403 44.818966 13.824186 6521.000000 32529.000000 37608.000000 4641.000000 510.000000 120.000000 1250.000000 26008.000000 5079.000000
875403 43.834574 13.715269 6764.000000 32730.000000 37790.000000 5167.000000 521.000000 123.000000 953.000000 25966.000000 5060.000000
876403 42.851212 13.596249 6994.000000 32909.000000 37959.000000 5693.000000 524.000000 111.000000 666.000000 25915.000000 5050.000000
877403 42.069585 13.521814 7229.000000 33079.000000 38094.000000 6145.000000 548.000000 136.000000 400.000000 25850.000000 5015.000000
878403 41.532586 13.422449 7307.000000 33079.000000 38078.000000 6332.000000 566.000000 112.000000 297.000000 25772.000000 4999.000000
879403 41.766871 13.455609 7273.000000 32995.000000 37947.000000 6215.000000 606.000000 154.000000 298.000000 25722.000000 4952.000000
880403 41.914383 13.413535 7191.000000 32852.000000 37738.000000 6039.000000 646.000000 176.000000 330.000000 25661.000000 4886.000000
881403 42.428811 13.489908 7092.000000 32706.000000 37554.000000 5802.000000 729.000000 218.000000 343.000000 25614.000000 4848.000000
882403 43.680408 13.761615 6934.000000 32512.000000 37343.000000 5395.000000 885.000000 308.000000 346.000000 25578.000000 4831.000000
883403 45.030251 14.046156 6723.000000 32245.000000 37092.000000 4928.000000 1093.000000 363.000000 339.000000 25522.000000 4847.000000
884403 46.361305 14.247283 6421.000000 31912.000000 36800.000000 4394.000000 1319.000000 355.000000 353.000000 25491.000000 4888.000000
885403 47.938144 14.513744 6146.000000 31612.000000 36524.000000 3817.000000 1566.000000 389.000000 374.000000 25466.000000 4912.000000
886403 49.365447 14.702312 5862.000000 31313.000000 36246.000000 3274.000000 1813.000000 396.000000 379.000000 25451.000000 4933.000000
887403 51.098277 14.995832 5576.000000 31004.000000 35990.000000 2694.000000 2040.000000 411.000000 431.000000 25428.000000 4986.000000
888403 51.829268 14.981535 5326.000000 30738.000000 35744.000000 2138.000000 2352.000000 349.000000 487.000000 25412.000000 5006.000000
889403 51.634691 14.814503 5157.000000 30548.000000 35607.000000 1861.000000 2492.000000 216.000000 588.000000 25391.000000 5059.000000
890403 51.209915 14.660659 5050.000000 30394.000000 35510.000000 1891.000000 2334.000000 90.000000 735.000000 25344.000000 5116.000000
891403 51.313330 14.700826 5035.000000 30351.000000 35481.000000 1934.000000 2077.000000 86.000000 938.000000 25316.000000 5130.000000
892403 51.047992 14.688310 5085.000000 30359.000000 35484.000000 2041.000000 1797.000000 87.000000 1160.000000 25274.000000 5125.000000
893403 50.772390 14.643018 5135.000000 30371.000000 35464.000000 2158.000000 1502.000000 100.000000 1375.000000 25236.000000 5093.000000
894403 50.339213 14.631810 5233.000000 30413.000000 35498.000000 2372.000000 1206.000000 109.000000 1546.000000 25180.000000 5085.000000
895403 49.208937 14.422212 5362.000000 30517.000000 35584.000000 2734.000000 864.000000 65.000000 1699.000000 25155.000000 5067.000000
896403 48.112139 14.268518 5579.000000 30707.000000 35722.000000 3158.000000 542.000000 82.000000 1797.000000 25128.000000 5015.000000
897403 46.933853 14.095848 5819.000000 30930.000000 35890.000000 3665.000000 418.000000 99.000000 1637.000000 25111.000000 4960.000000
898403 45.699463 13.919383 6051.000000 31136.000000 36072.000000 4205.000000 400.000000 85.000000 1361.000000 25085.000000 4936.000000
899403 44.178998 13.669462 6338.000000 31376.000000 36256.000000 4804.000000 398.000000 76.000000 1060.000000 25038.000000 4880.000000
900403 43.027819 13.522624 6637.000000 31657.000000 36487.000000 5414.000000 397.000000 104.000000 722.000000 25020.000000 4830.000000
901403 41.982833 13.337878 6862.000000 31882.000000 36670.000000 5922.000000 426.000000 103.000000 411.000000 25020.000000 4788.000000
902403 41.567554 13.242109 6946.000000 31945.000000 36686.000000 6117.000000 442.000000 117.000000 270.000000 24999.000000 4741.000000
903403 41.624453 13.248798 6938.000000 31883.000000 36592.000000 6043.000000 507.000000 139.000000 249.000000 24945.000000 4709.000000
904403 41.989238 13.273341 6845.000000 31772.000000 36449.000000 5867.000000 558.000000 161.000000 259.000000 24927.000000 4677.000000
905403 43.031420 13.506887 6712.000000 31618.000000 36300.000000 5595.000000 628.000000 221.000000 268.000000 24906.000000 4682.000000
906403 44.187082 13.740754 6533.000000 31405.000000 36097.000000 5234.000000 769.000000 268.000000 262.000000 24872.000000 4692.000000
907403 45.497501 13.972763 6323.000000 31152.000000 35834.000000 4808.000000 941.000000 325.000000 249.000000 24829.000000 4682.000000
908403 47.142059 14.253948 6051.000000 30836.000000 35527.000000 4277.000000 1144.000000 373.000000 257.000000 24785.000000 4691.000000
909403 48.480214 14.407454 5772.000000 30514.000000 35204.000000 3729.000000 1370.000000 382.000000 291.000000 24742.000000 4690.000000
910403 49.970542 14.590023 5503.000000 30199.000000 34880.000000 3159.000000 1624.000000 408.000000 312.000000 24696.000000 4681.000000
911403 52.117789 14.943758 5181.000000 29848.000000 34583.000000 2495.000000 1887.000000 433.000000 366.000000 24667.000000 4735.000000
912403 53.479967 15.090326 4863.000000 29499.000000 34320.000000 1899.000000 2154.000000 358.000000 452.000000 24636.000000 4821.000000
913403 53.135834 14.825019 4674.000000 29273.000000 34118.000000 1596.000000 2323.000000 213.000000 542.000000 24599.000000 4845.000000
914403 52.839585 14.671531 4545.000000 29098.000000 33991.000000 1592.000000 2189.000000 94.000000 670.000000 24553.000000 4893.000000
915403 52.072511 14.481559 4583.000000 29069.000000 33919.000000 1725.000000 1993.000000 62.000000 803.000000 24486.000000 4850.000000
916403 51.734380 14.392374 4619.000000 29078.000000 33886.000000 1819.000000 1736.000000 69.000000 995.000000 24459.000000 4808.000000
917403 51.390799 14.337563 4665.000000 29100.000000 33890.000000 1946.000000 1465.000000 69.000000 1185.000000 24435.000000 4790.000000
918403 50.803150 14.265499 4764.000000 29160.000000 33921.000000 2146.000000 1130.000000 78.000000 1410.000000 24396.000000 4761.000000
919403 49.927295 14.140731 4901.000000 29267.000000 33994.000000 2426.000000 813.000000 80.000000 1582.000000 24366.000000 4727.000000
920403 49.247158 14.093507 5044.000000 29396.000000 34115.000000 2741.000000 477.000000 89.000000 1737.000000 24352.000000 4719.000000
921403 48.301508 14.016157 5230.000000 29569.000000 34289.000000 3161.000000 364.000000 86.000000 1619.000000 24339.000000 4720.000000
922403 46.795124 13.805104 5468.000000 29776.000000 34480.000000 3718.000000 333.000000 56.000000 1361.000000 24308.000000 4704.000000
923403 45.405716 13.634007 5759.000000 30055.000000 34722.000000 4336.000000 329.000000 67.000000 1027.000000 24296.000000 4667.000000
924403 44.189088 13.520466 6050.000000 30330.000000 34984.000000 4934.000000 349.000000 76.000000 691.000000 24280.000000 4654.000000
925403 43.122948 13.420761 6338.000000 30603.000000 35229.000000 5502.000000 372.000000 102.000000 362.000000 24265.000000 4626.000000
926403 43.020928 13.412005 6383.000000 30645.000000 35252.000000 5613.000000 422.000000 121.000000 227.000000 24262.000000 4607.000000
927403 43.150123 13.453068 6363.000000 30581.000000 35189.000000 5592.000000 428.000000 126.000000 217.000000 24218.000000 4608.000000
928403 43.361206 13.463623 6306.000000 30473.000000 35050.000000 5444.000000 495.000000 142.000000 225.000000 24167.000000 4577.000000
929403 43.952474 13.568113 6227.000000 30352.000000 34898.000000 5217.000000 582.000000 189.000000 239.000000 24125.000000 4546.000000
930403 44.711765 13.659422 6105.000000 30200.000000 34694.000000 4927.000000 709.000000 245.000000 224.000000 24095.000000 4494.000000
931403 45.489629 13.698829 5913.000000 29967.000000 34419.000000 4574.000000 852.000000 263.000000 224.000000 24054.000000 4452.000000
932403 46.734613 13.835428 5725.000000 29756.000000 34137.000000 4136.000000 1036.000000 342.000000 211.000000 24031.000000 4381.000000
933403 48.547549 14.083383 5412.000000 29421.000000 33820.000000 3581.000000 1222.000000 364.000000 245.000000 24009.000000 4399.000000
934403 50.120634 14.260558 5123.000000 29095.000000 33505.000000 2981.000000 1470.000000 368.000000 304.000000 23972.000000 4410.000000
935403 51.388286 14.291747 4855.000000 28787.000000 33152.000000 2334.000000 1809.000000 373.000000 339.000000 23932.000000 4365.000000
936403 53.324379 14.510234 4578.000000 28476.000000 32832.000000 1668.000000 2084.000000 408.000000 418.000000 23898.000000 4356.000000
937403 52.415376 14.014849 4342.000000 28221.000000 32594.000000 1390.000000 2230.000000 195.000000 527.000000 23879.000000 4373.000000
938403 51.718931 13.730690 4260.000000 28081.000000 32431.000000 1420.000000 2140.000000 103.000000 597.000000 23821.000000 4350.000000
939403 51.243030 13.615038 4270.000000 28060.000000 32398.000000 1525.000000 1964.000000 73.000000 708.000000 23790.000000 4338.000000
940403 50.948446 13.529048 4268.000000 28035.000000 32360.000000 1593.000000 1753.000000 53.000000 869.000000 23767.000000 4325.000000
941403 50.601573 13.504168 4339.000000 28085.000000 32390.000000 1734.000000 1469.000000 69.000000 1067.000000 23746.000000 4305.000000
942403 49.982808 13.442866 4430.000000 28146.000000 32441.000000 1939.000000 1133.000000 66.000000 1292.000000 23716.000000 4295.000000
943403 49.597095 13.446568 4510.000000 28198.000000 32499.000000 2124.000000 785.000000 69.000000 1532.000000 23688.000000 4301.000000
944403 48.631438 13.349075 4658.000000 28316.000000 32609.000000 2463.000000 404.000000 60.000000 1731.000000 23658.000000 4293.000000
945403 47.381683 13.210141 4861.000000 28473.000000 32740.000000 2866.000000 298.000000 58.000000 1639.000000 23612.000000 4267.000000
946403 46.050942 13.063145 5112.000000 28708.000000 32940.000000 3390.000000 274.000000 71.000000 1377.000000 23596.000000 4232.000000
947403 44.579566 12.918286 5390.000000 28970.000000 33201.000000 4010.000000 266.000000 58.000000 1056.000000 23580.000000 4231.000000
948403 42.959235 12.743722 5725.000000 29281.000000 33491.000000 4716.000000 265.000000 58.000000 686.000000 23556.000000 4210.000000
949403 41.869561 12.684025 6057.000000 29589.000000 33759.000000 5335.000000 287.000000 112.000000 323.000000 23532.000000 4170.000000
950403 41.802800 12.727219 6105.000000 29599.000000 33778.000000 5469.000000 329.000000 120.000000 187.000000 23494.000000 4179.000000
951403 41.847773 12.739950 6071.000000 29515.000000 33705.000000 5441.000000 352.000000 104.000000 174.000000 23444.000000 4190.000000
952403 42.539807 12.881719 5997.000000 29421.000000 33598.000000 5272.000000 395.000000 151.000000 179.000000 23424.000000 4177.000000
953403 43.430221 13.040230 5858.000000 29270.000000 33458.000000 5015.000000 482.000000 175.000000 186.000000 23412.000000 4188.000000
954403 43.977422 13.106038 5749.000000 29118.000000 33290.000000 4793.000000 587.000000 191.000000 178.000000 23369.000000 4172.000000
955403 45.217034 13.292613 5578.000000 28927.000000 33071.000000 4436.000000 717.000000 252.000000 173.000000 23349.000000 4144.000000
956403 46.418429 13.442383 5378.000000 28700.000000 32829.000000 4029.000000 894.000000 284.000000 171.000000 23322.000000 4129.000000
957403 48.045178 13.606865 5125.000000 28430.000000 32513.000000 3523.000000 1067.000000 341.000000 194.000000 23305.000000 4083.000000
958403 50.241872 13.877323 4802.000000 28095.000000 32182.000000 2845.000000 1339.000000 379.000000 239.000000 23293.000000 4087.000000
959403 53.267557 14.386933 4486.000000 27768.000000 31897.000000 2143.000000 1605.000000 460.000000 278.000000 23282.000000 4129.000000
960403 55.889062 14.734743 4108.000000 27371.000000 31592.000000 1407.000000 1928.000000 434.000000 339.000000 23263.000000 4221.000000
961403 55.515883 14.375438 3809.000000 27053.000000 31366.000000 1073.000000 2101.000000 196.000000 439.000000 23244.000000 4313.000000
962403 55.017561 14.057242 3659.000000 26888.000000 31201.000000 1052.000000 2028.000000 73.000000 506.000000 23229.000000 4313.000000
963403 54.139967 13.845066 3706.000000 26870.000000 31123.000000 1160.000000 1865.000000 56.000000 625.000000 23164.000000 4253.000000
964403 53.512837 13.738666 3754.000000 26871.000000 31102.000000 1276.000000 1669.000000 42.000000 767.000000 23117.000000 4231.000000
965403 53.202891 13.718748 3821.000000 26915.000000 31118.000000 1374.000000 1414.000000 66.000000 967.000000 23094.000000 4203.000000
966403 52.219612 13.557418 3900.000000 26962.000000 31149.000000 1586.000000 1100.000000 36.000000 1178.000000 23062.000000 4187.000000
967403 51.527045 13.469924 4009.000000 27044.000000 31188.000000 1782.000000 764.000000 57.000000 1406.000000 23035.000000 4144.000000
968403 50.737784 13.406411 4131.000000 27154.000000 31291.000000 2063.000000 379.000000 58.000000 1631.000000 23023.000000 4137.000000
969403 49.341246 13.231269 4304.000000 27297.000000 31418.000000 2453.000000 242.000000 36.000000 1573.000000 22993.000000 4121.000000
970403 47.782795 13.052692 4546.000000 27527.000000 31618.000000 2955.000000 214.000000 36.000000 1341.000000 22981.000000 4091.000000
971403 45.940483 12.839343 4856.000000 27814.000000 31863.000000 3575.000000 212.000000 42.000000 1027.000000 22958.000000 4049.000000
972403 43.954728 12.577461 5200.000000 28124.000000 32113.000000 4239.000000 213.000000 50.000000 698.000000 22924.000000 3989.000000
973403 42.579357 12.493446 5548.000000 28459.000000 32425.000000 4904.000000 236.000000 85.000000 323.000000 22911.000000 3966.000000
974403 41.964379 12.414112 5670.000000 28524.000000 32455.000000 5126.000000 273.000000 98.000000 173.000000 22854.000000 3931.000000
975403 42.081590 12.426639 5644.000000 28458.000000 32374.000000 5074.000000 316.000000 107.000000 147.000000 22814.000000 3916.000000
976403 42.356789 12.446525 5590.000000 28369.000000 32258.000000 4956.000000 368.000000 126.000000 140.000000 22779.000000 3889.000000
977403 42.857143 12.474692 5484.000000 28244.000000 32105.000000 4741.000000 459.000000 144.000000 140.000000 22760.000000 3861.000000
978403 43.526350 12.558663 5376.000000 28116.000000 31962.000000 4532.000000 543.000000 168.000000 133.000000 22740.000000 3846.000000
979403 44.600420 12.705860 5228.000000 27938.000000 31757.000000 4236.000000 645.000000 216.000000 131.000000 22710.000000 3819.000000
980403 45.693645 12.832462 5030.000000 27716.000000 31545.000000 3858.000000 813.000000 219.000000 140.000000 22686.000000 3829.000000
981403 47.280579 12.968595 4839.000000 27508.000000 31237.000000 3356.000000 987.000000 322.000000 174.000000 22669.000000 3729.000000
982403 49.626236 13.304888 4544.000000 27186.000000 30936.000000 2741.000000 1219.000000 366.000000 218.000000 22642.000000 3750.000000
983403 51.954254 13.520850 4222.000000 26840.000000 30575.000000 2061.000000 1488.000000 399.000000 274.000000 22618.000000 3735.000000
984403 54.416961 13.754093 3919.000000 26509.000000 30231.000000 1350.000000 1804.000000 436.000000 329.000000 22590.000000 3722.000000
985403 53.345047 13.176431 3660.000000 26216.000000 29955.000000 1017.000000 2039.000000 208.000000 396.000000 22556.000000 3739.000000
986403 52.752546 12.870622 3518.000000 26033.000000 29781.000000 1010.000000 1960.000000 85.000000 463.000000 22515.000000 3748.000000
987403 52.312379 12.717113 3509.000000 25995.000000 29708.000000 1062.000000 1824.000000 65.000000 558.000000 22486.000000 3713.000000
988403 51.721289 12.639230 3544.000000 25999.000000 29717.000000 1187.000000 1636.000000 38.000000 683.000000 22455.000000 3718.000000
989403 51.287319 12.591621 3592.000000 26032.000000 29742.000000 1295.000000 1382.000000 35.000000 880.000000 22440.000000 3710.000000
990403 50.982784 12.628009 3672.000000 26078.000000 29783.000000 1436.000000 1077.000000 56.000000 1103.000000 22406.000000 3705.000000
991403 50.328815 12.566603 3739.000000 26129.000000 29841.000000 1615.000000 749.000000 38.000000 1337.000000 22390.000000 3712.000000
992403 49.239921 12.445707 3877.000000 26242.000000 29930.000000 1903.000000 351.000000 37.000000 1586.000000 22365.000000 3688.000000
993403 48.057498 12.340793 4050.000000 26399.000000 30071.000000 2266.000000 195.000000 39.000000 1550.000000 22349.000000 3672.000000
994403 46.656592 12.235395 4276.000000 26616.000000 30281.000000 2748.000000 168.000000 40.000000 1320.000000 22340.000000 3665.000000
995403 45.143205 12.127959 4539.000000 26875.000000 30541.000000 3308.000000 174.000000 38.000000 1019.000000 22336.000000 3666.000000
996403 43.845611 12.084847 4826.000000 27160.000000 30832.000000 3885.000000 189.000000 54.000000 698.000000 22334.000000 3672.000000
997403 42.402987 12.023997 5160.000000 27492.000000 31171.000000 4567.000000 212.000000 69.000000 312.000000 22332.000000 3679.000000
998403 41.802546 11.976833 5293.000000 27591.000000 31252.000000 4823.000000 246.000000 82.000000 142.000000 22298.000000 3661.000000
999403 42.214494 12.067473 5254.000000 27523.000000 31183.000000 4738.000000 294.000000 103.000000 119.000000 22269.000000 3660.000000
1000403 42.265943 12.031285 5206.000000 27431.000000 31069.000000 4647.000000 349.000000 100.000000 110.000000 22225.000000 3638.000000
1001403 43.018739 12.161638 5122.000000 27328.000000 30958.000000 4486.000000 389.000000 135.000000 112.000000 22206.000000 3630.000000
1002403 43.832446 12.291518 5009.000000 27185.000000 30818.000000 4286.000000 466.000000 155.000000 102.000000 22176.000000 3633.000000
1003403 44.665802 12.371841 4883.000000 27026.000000 30626.000000 4022.000000 563.000000 189.000000 109.000000 22143.000000 3600.000000
1004403 46.086117 12.565359 4696.000000 26814.000000 30409.000000 3669.000000 673.000000 226.000000 128.000000 22118.000000 3595.000000
1005403 48.301840 12.953334 4502.000000 26598.000000 30193.000000 3179.000000 847.000000 316.000000 160.000000 22096.000000 3595.000000
1006403 50.166496 13.109981 4224.000000 26294.000000 29878.000000 2612.000000 1079.000000 333.000000 200.000000 22070.000000 3584.000000
1007403 52.830189 13.374437 3904.000000 25950.000000 29519.000000 1969.000000 1294.000000 379.000000 262.000000 22046.000000 3569.000000
1008403 56.118613 13.794401 3584.000000 25623.000000 29222.000000 1248.000000 1607.000000 432.000000 297.000000 22039.000000 3599.000000
1009403 55.630858 13.328266 3289.000000 25300.000000 28946.000000 913.000000 1833.000000 212.000000 331.000000 22011.000000 3646.000000
1010403 54.838235 12.962319 3147.000000 25115.000000 28768.000000 896.000000 1790.000000 76.000000 385.000000 21968.000000 3653.000000
1011403 54.068823 12.754764 3153.000000 25085.000000 28703.000000 980.000000 1682.000000 43.000000 448.000000 21932.000000 3618.000000
1012403 53.508901 12.673799 3206.000000 25106.000000 28697.000000 1092.000000 1512.000000 46.000000 556.000000 21900.000000 3591.000000
1013403 53.305967 12.666783 3233.000000 25117.000000 28705.000000 1160.000000 1264.000000 48.000000 761.000000 21884.000000 3588.000000
1014403 52.798834 12.612299 3279.000000 25137.000000 28718.000000 1262.000000 1007.000000 41.000000 969.000000 21858.000000 3581.000000
1015403 52.246785 12.573892 3349.000000 25186.000000 28758.000000 1411.000000 681.000000 44.000000 1213.000000 21837.000000 3572.000000
1016403 51.426127 12.504768 3434.000000 25259.000000 28837.000000 1625.000000 309.000000 28.000000 1472.000000 21825.000000 3578.000000
1017403 50.279330 12.426648 3601.000000 25411.000000 28970.000000 1942.000000 189.000000 41.000000 1429.000000 21810.000000 3559.000000
1018403 48.572202 12.302471 3833.000000 25617.000000 29173.000000 2426.000000 159.000000 33.000000 1215.000000 21784.000000 3556.000000
1019403 46.904512 12.169060 4094.000000 25856.000000 29386.000000 2932.000000 158.000000 46.000000 958.000000 21762.000000 3530.000000
1020403 45.201160 12.083207 4404.000000 26136.000000 29661.000000 3536.000000 172.000000 59.000000 637.000000 21732.000000 3525.000000
1021403 43.622696 12.008945 4724.000000 26437.000000 29961.000000 4177.000000 196.000000 74.000000 277.000000 21713.000000 3524.000000
1022403 43.240974 12.009861 4822.000000 26502.000000 30017.000000 4362.000000 233.000000 90.000000 137.000000 21680.000000 3515.000000
1023403 43.510165 12.069541 4796.000000 26451.000000 29968.000000 4319.000000 272.000000 100.000000 105.000000 21655.000000 3517.000000
1024403 43.661972 12.040447 4718.000000 26348.000000 29866.000000 4237.000000 301.000000 78.000000 102.000000 21630.000000 3518.000000
1025403 44.137846 12.093820 4678.000000 26283.000000 29759.000000 4127.000000 327.000000 123.000000 101.000000 21605.000000 3476.000000
1026403 44.559134 12.092474 4568.000000 26157.000000 29630.000000 3956.000000 401.000000 110.000000 101.000000 21589.000000 3473.000000
1027403 44.846408 12.001087 4490.000000 26051.000000 29439.000000 3757.000000 478.000000 145.000000 110.000000 21561.000000 3388.000000
1028403 46.312646 12.199042 4342.000000 25880.000000 29240.000000 3442.000000 577.000000 207.000000 116.000000 21538.000000 3360.000000
1029403 48.609997 12.537921 4122.000000 25648.000000 29008.000000 2995.000000 695.000000 277.000000 155.000000 21526.000000 3360.000000
1030403 50.902527 12.768181 3858.000000 25368.000000 28712.000000 2425.000000 921.000000 322.000000 190.000000 21510.000000 3344.000000
1031403 53.699666 13.014833 3561.000000 25065.000000 28383.000000 1774.000000 1181.000000 376.000000 230.000000 21504.000000 3318.000000
1032403 56.540919 13.240952 3255.000000 24753.000000 28072.000000 1096.000000 1514.000000 398.000000 247.000000 21498.000000 3319.000000
1033403 55.444919 12.623700 2993.000000 24455.000000 27789.000000 810.000000 1729.000000 174.000000 280.000000 21462.000000 3334.000000
1034403 54.946481 12.274028 2859.000000 24296.000000 27603.000000 782.000000 1671.000000 81.000000 325.000000 21437.000000 3307.000000
1035403 53.903587 12.056635 2875.000000 24259.000000 27545.000000 881.000000 1586.000000 35.000000 373.000000 21384.000000 3286.000000
1036403 53.139705 11.902599 2920.000000 24272.000000 27515.000000 966.000000 1465.000000 32.000000 457.000000 21352.000000 3243.000000
1037403 52.632432 11.815834 2950.000000 24274.000000 27497.000000 1030.000000 1262.000000 26.000000 632.000000 21324.000000 3223.000000
1038403 52.318094 11.810451 3000.000000 24306.000000 27518.000000 1112.000000 973.000000 38.000000 877.000000 21306.000000 3212.000000
1039403 51.551313 11.754462 3079.000000 24358.000000 27564.000000 1273.000000 654.000000 34.000000 1118.000000 21279.000000 3206.000000
1040403 50.850662 11.692687 3153.000000 24412.000000 27607.000000 1425.000000 303.000000 33.000000 1392.000000 21259.000000 3195.000000
1041403 49.876505 11.655003 3271.000000 24515.000000 27722.000000 1676.000000 178.000000 24.000000 1393.000000 21244.000000 3207.000000
1042403 48.065967 11.495572 3477.000000 24696.000000 27889.000000 2097.000000 158.000000 13.000000 1209.000000 21219.000000 3193.000000
1043403 46.091838 11.375990 3786.000000 24986.000000 28147.000000 2677.000000 151.000000 41.000000 917.000000 21200.000000 3161.000000
1044403 44.223602 11.271371 4098.000000 25279.000000 28426.000000 3287.000000 155.000000 57.000000 599.000000 21181.000000 3147.000000
1045403 42.616426 11.192808 4406.000000 25566.000000 28697.000000 3879.000000 182.000000 81.000000 264.000000 21160.000000 3131.000000
1046403 42.178296 11.201891 4489.000000 25613.000000 28763.000000 4083.000000 206.000000 72.000000 128.000000 21124.000000 3150.000000
1047403 42.346134 11.219512 4463.000000 25559.000000 28700.000000 4048.000000 232.000000 79.000000 104.000000 21096.000000 3141.000000
1048403 42.407752 11.167034 4418.000000 25495.000000 28611.000000 3973.000000 258.000000 79.000000 108.000000 21077.000000 3116.000000
1049403 42.675245 11.164095 4351.000000 25410.000000 28520.000000 3873.000000 298.000000 74.000000 106.000000 21059.000000 3110.000000
1050403 43.190767 11.198338 4299.000000 25340.000000 28406.000000 3727.000000 360.000000 115.000000 97.000000 21041.000000 3066.000000
1051403 43.503991 11.171980 4204.000000 25232.000000 28294.000000 3569.000000 435.000000 99.000000 101.000000 21028.000000 3062.000000
1052403 44.271053 11.196843 4124.000000 25135.000000 28124.000000 3330.000000 532.000000 160.000000 102.000000 21011.000000 2989.000000
1053403 45.982337 11.387594 3987.000000 24970.000000 27890.000000 2948.000000 656.000000 256.000000 127.000000 20983.000000 2920.000000
1054403 49.211356 11.857536 3741.000000 24712.000000 27628.000000 2361.000000 859.000000 360.000000 161.000000 20971.000000 2916.000000
1055403 52.612584 12.268120 3421.000000 24379.000000 27331.000000 1689.000000 1143.000000 401.000000 188.000000 20958.000000 2952.000000
1056403 55.568388 12.470841 3070.000000 24016.000000 27007.000000 1037.000000 1435.000000 377.000000 221.000000 20946.000000 2991.000000
1057403 54.840917 11.979225 2824.000000 23741.000000 26763.000000 739.000000 1646.000000 184.000000 255.000000 20917.000000 3022.000000
1058403 53.921569 11.583302 2693.000000 23571.000000 26590.000000 734.000000 1598.000000 61.000000 300.000000 20878.000000 3019.000000
1059403 52.895480 11.297134 2699.000000 23555.000000 26520.000000 797.000000 1522.000000 31.000000 349.000000 20856.000000 2965.000000
1060403 52.825857 11.287218 2713.000000 23550.000000 26499.000000 831.000000 1399.000000 42.000000 441.000000 20837.000000 2949.000000
1061403 52.521525 11.272439 2732.000000 23557.000000 26516.000000 902.000000 1202.000000 30.000000 598.000000 20825.000000 2959.000000
1062403 52.214086 11.283153 2773.000000 23581.000000 26544.000000 994.000000 917.000000 32.000000 830.000000 20808.000000 2963.000000
1063403 51.637366 11.267818 2838.000000 23625.000000 26589.000000 1128.000000 595.000000 32.000000 1083.000000 20787.000000 2964.000000
1064403 51.124744 11.260416 2900.000000 23674.000000 26642.000000 1265.000000 268.000000 32.000000 1335.000000 20774.000000 2968.000000
1065403 50.192727 11.205897 2999.000000 23759.000000 26727.000000 1491.000000 151.000000 27.000000 1330.000000 20760.000000 2968.000000
1066403 48.681211 11.116481 3175.000000 23930.000000 26897.000000 1869.000000 123.000000 23.000000 1160.000000 20755.000000 2967.000000
1067403 46.669786 11.018229 3447.000000 24191.000000 27155.000000 2419.000000 115.000000 28.000000 885.000000 20744.000000 2964.000000
1068403 44.626621 10.912669 3763.000000 24490.000000 27436.000000 3038.000000 118.000000 48.000000 559.000000 20727.000000 2946.000000
1069403 42.969758 10.828187 4047.000000 24757.000000 27687.000000 3601.000000 137.000000 68.000000 241.000000 20710.000000 2930.000000
1070403 42.404526 10.806330 4126.000000 24799.000000 27743.000000 3811.000000 153.000000 54.000000 108.000000 20673.000000 2944.000000
1071403 42.028369 10.702933 4141.000000 24775.000000 27684.000000 3828.000000 177.000000 54.000000 82.000000 20634.000000 2909.000000
1072403 42.316481 10.730064 4108.000000 24720.000000 27614.000000 3763.000000 195.000000 69.000000 81.000000 20612.000000 2894.000000
1073403 42.643463 10.769678 4071.000000 24649.000000 27531.000000 3673.000000 235.000000 83.000000 80.000000 20578.000000 2882.000000
1074403 43.401163 10.879545 4000.000000 24566.000000 27446.000000 3540.000000 280.000000 106.000000 74.000000 20566.000000 2880.000000
1075403 44.454264 11.035945 3896.000000 24454.000000 27347.000000 3351.000000 346.000000 125.000000 74.000000 20558.000000 2893.000000
1076403 45.723289 11.196443 3773.000000 24323.000000 27214.000000 3111.000000 421.000000 156.000000 85.000000 20550.000000 2891.000000
1077403 48.143602 11.602455 3617.000000 24145.000000 27046.000000 2771.000000 514.000000 237.000000 95.000000 20528.000000 2901.000000
1078403 50.992221 11.986416 3415.000000 23913.000000 26797.000000 2238.000000 734.000000 328.000000 115.000000 20498.000000 2884.000000
1079403 54.084695 12.251681 3118.000000 23598.000000 26478.000000 1590.000000 1019.000000 364.000000 145.000000 20480.000000 2880.000000
1080403 56.752949 12.332594 2806.000000 23261.000000 26134.000000 994.000000 1290.000000 350.000000 172.000000 20455.000000 2873.000000
1081403 56.373363 11.811998 2544.000000 22995.000000 25872.000000 652.000000 1505.000000 179.000000 208.000000 20451.000000 2877.000000
1082403 55.795046 11.479364 2407.000000 22825.000000 25707.000000 622.000000 1484.000000 69.000000 232.000000 20418.000000 2882.000000
1083403 55.364643 11.313983 2376.000000 22770.000000 25632.000000 635.000000 1409.000000 38.000000 294.000000 20394.000000 2862.000000
1084403 54.946728 11.270244 2395.000000 22764.000000 25625.000000 688.000000 1327.000000 27.000000 353.000000 20369.000000 2861.000000
1085403 54.605888 11.223892 2408.000000 22758.000000 25615.000000 737.000000 1164.000000 18.000000 489.000000 20350.000000 2857.000000
1086403 54.020385 11.164424 2459.000000 22796.000000 25635.000000 834.000000 902.000000 23.000000 700.000000 20337.000000 2839.000000
1087403 53.587528 11.121506 2499.000000 22828.000000 25653.000000 912.000000 576.000000 28.000000 983.000000 20329.000000 2825.000000
1088403 52.783964 11.068732 2571.000000 22877.000000 25694.000000 1062.000000 268.000000 27.000000 1214.000000 20306.000000 2817.000000
1089403 51.923077 11.009709 2652.000000 22942.000000 25750.000000 1225.000000 142.000000 27.000000 1258.000000 20290.000000 2808.000000
1090403 50.481455 10.935991 2802.000000 23081.000000 25887.000000 1538.000000 120.000000 25.000000 1119.000000 20279.000000 2806.000000
1091403 48.013699 10.741237 3055.000000 23320.000000 26105.000000 2043.000000 120.000000 19.000000 873.000000 20265.000000 2785.000000
1092403 45.422020 10.583955 3389.000000 23629.000000 26389.000000 2679.000000 120.000000 33.000000 557.000000 20240.000000 2760.000000
1093403 43.375370 10.457958 3681.000000 23898.000000 26640.000000 3245.000000 141.000000 44.000000 251.000000 20217.000000 2742.000000
1094403 42.097195 10.280794 3818.000000 24005.000000 26710.000000 3516.000000 161.000000 41.000000 100.000000 20187.000000 2705.000000
1095403 42.178126 10.282757 3818.000000 23983.000000 26666.000000 3505.000000 175.000000 59.000000 79.000000 20165.000000 2683.000000
1096403 42.215014 10.267102 3788.000000 23933.000000 26619.000000 3474.000000 197.000000 47.000000 70.000000 20145.000000 2686.000000
1097403 42.690332 10.326517 3753.000000 23883.000000 26553.000000 3389.000000 222.000000 72.000000 70.000000 20130.000000 2670.000000
1098403 42.870633 10.294006 3703.000000 23811.000000 26462.000000 3307.000000 248.000000 73.000000 75.000000 20108.000000 2651.000000
1099403 43.576222 10.351896 3652.000000 23737.000000 26343.000000 3147.000000 303.000000 121.000000 81.000000 20085.000000 2606.000000
1100403 44.301321 10.368250 3548.000000 23620.000000 26205.000000 2961.000000 368.000000 132.000000 87.000000 20072.000000 2585.000000
1101403 45.899715 10.518023 3436.000000 23495.000000 26022.000000 2662.000000 462.000000 210.000000 102.000000 20059.000000 2527.000000
1102403 49.249826 10.949500 3230.000000 23280.000000 25782.000000 2149.000000 636.000000 321.000000 124.000000 20050.000000 2502.000000
1103403 53.388128 11.460498 2928.000000 22958.000000 25505.000000 1538.000000 884.000000 376.000000 130.000000 20030.000000 2547.000000
1104403 56.163328 11.573266 2603.000000 22607.000000 25196.000000 966.000000 1155.000000 327.000000 155.000000 20004.000000 2589.000000
1105403 56.050827 11.140063 2365.000000 22353.000000 24946.000000 631.000000 1366.000000 186.000000 182.000000 19988.000000 2593.000000
