755776 4.400922 0.955000 8680.000000 40000.000000 40000.000000 2733.000000 4810.000000 382.000000 755.000000 31320.000000 0.000000
756776 4.636143 1.004473 8671.000000 40021.000000 40021.000000 2088.000000 5090.000000 402.000000 1091.000000 31350.000000 0.000000
757776 2.939820 0.636450 8674.000000 40066.000000 40066.000000 1637.000000 5202.000000 255.000000 1580.000000 31392.000000 0.000000
758776 2.503445 0.542802 8708.000000 40162.000000 40162.000000 1453.000000 5075.000000 218.000000 1962.000000 31454.000000 0.000000
759776 2.028421 0.439642 8726.000000 40260.000000 40260.000000 1329.000000 4684.000000 177.000000 2536.000000 31534.000000 0.000000
760776 1.234709 0.267261 8747.000000 40410.000000 40410.000000 1475.000000 4141.000000 108.000000 3023.000000 31663.000000 0.000000
761776 0.684073 0.147729 8771.000000 40615.000000 40615.000000 1828.000000 3519.000000 60.000000 3364.000000 31844.000000 0.000000
762776 0.396825 0.085531 8820.000000 40921.000000 40921.000000 2454.000000 2798.000000 35.000000 3533.000000 32101.000000 0.000000
763776 0.337648 0.072770 8885.000000 41226.000000 41226.000000 3065.000000 2127.000000 30.000000 3663.000000 32341.000000 0.000000
764776 0.368715 0.079281 8950.000000 41624.000000 41624.000000 3838.000000 1508.000000 33.000000 3571.000000 32674.000000 0.000000
765776 0.188032 0.040422 9041.000000 42056.000000 42056.000000 4684.000000 1085.000000 17.000000 3255.000000 33015.000000 0.000000
766776 0.131435 0.028262 9130.000000 42460.000000 42460.000000 5478.000000 761.000000 12.000000 2879.000000 33330.000000 0.000000
767776 0.293510 0.063003 9199.000000 42855.000000 42855.000000 6223.000000 521.000000 27.000000 2428.000000 33656.000000 0.000000
768776 0.647179 0.138770 9271.000000 43237.000000 43237.000000 6889.000000 402.000000 60.000000 1920.000000 33966.000000 0.000000
769776 1.069404 0.229447 9351.000000 43583.000000 43583.000000 7397.000000 432.000000 100.000000 1422.000000 34232.000000 0.000000
770776 1.019108 0.218908 9420.000000 43854.000000 43854.000000 7752.000000 568.000000 96.000000 1004.000000 34434.000000 0.000000
771776 1.772824 0.379244 9420.000000 44035.000000 44035.000000 7803.000000 763.000000 167.000000 687.000000 34615.000000 0.000000
772776 2.375398 0.507074 9430.000000 44175.000000 44175.000000 7676.000000 1060.000000 224.000000 470.000000 34745.000000 0.000000
773776 3.341794 0.713576 9456.000000 44284.000000 44284.000000 7312.000000 1522.000000 316.000000 306.000000 34828.000000 0.000000
774776 3.693542 0.789177 9476.000000 44350.000000 44350.000000 6815.000000 2091.000000 350.000000 220.000000 34874.000000 0.000000
775776 4.239612 0.905691 9482.000000 44386.000000 44386.000000 6120.000000 2760.000000 402.000000 200.000000 34904.000000 0.000000
776776 4.772943 1.019949 9491.000000 44414.000000 44414.000000 5336.000000 3433.000000 453.000000 269.000000 34923.000000 0.000000
777776 4.801516 1.026056 9497.000000 44442.000000 44442.000000 4568.000000 4076.000000 456.000000 397.000000 34945.000000 0.000000
778776 4.528699 0.967227 9495.000000 44457.000000 44457.000000 3772.000000 4719.000000 430.000000 574.000000 34962.000000 0.000000
779776 4.421053 0.944393 9500.000000 44473.000000 44473.000000 3038.000000 5189.000000 420.000000 853.000000 34973.000000 0.000000
780776 4.228908 0.903391 9506.000000 44499.000000 44499.000000 2329.000000 5534.000000 402.000000 1241.000000 34993.000000 0.000000
781776 3.575560 0.763050 9509.000000 44558.000000 44558.000000 1825.000000 5650.000000 340.000000 1694.000000 35049.000000 0.000000
782776 2.470044 0.526363 9514.000000 44646.000000 44646.000000 1596.000000 5493.000000 235.000000 2190.000000 35132.000000 0.000000
783776 1.742599 0.370850 9526.000000 44762.000000 44762.000000 1543.000000 5108.000000 166.000000 2709.000000 35236.000000 0.000000
784776 1.329564 0.282700 9552.000000 44924.000000 44924.000000 1674.000000 4492.000000 127.000000 3259.000000 35372.000000 0.000000
785776 0.889307 0.188286 9558.000000 45144.000000 45144.000000 2021.000000 3806.000000 85.000000 3646.000000 35586.000000 0.000000
786776 0.426240 0.090213 9619.000000 45448.000000 45448.000000 2612.000000 3072.000000 41.000000 3894.000000 35829.000000 0.000000
787776 0.351167 0.074210 9682.000000 45816.000000 45816.000000 3342.000000 2367.000000 34.000000 3939.000000 36134.000000 0.000000
788776 0.318014 0.067078 9748.000000 46215.000000 46215.000000 4097.000000 1710.000000 31.000000 3910.000000 36467.000000 0.000000
789776 0.163415 0.034292 9791.000000 46658.000000 46658.000000 4982.000000 1194.000000 16.000000 3599.000000 36867.000000 0.000000
790776 0.142248 0.029730 9842.000000 47091.000000 47091.000000 5818.000000 855.000000 14.000000 3155.000000 37249.000000 0.000000
791776 0.311558 0.065211 9950.000000 47538.000000 47538.000000 6658.000000 633.000000 31.000000 2628.000000 37588.000000 0.000000
792776 0.667796 0.139749 10033.000000 47943.000000 47943.000000 7350.000000 503.000000 67.000000 2113.000000 37910.000000 0.000000
793776 0.841334 0.175863 10103.000000 48333.000000 48333.000000 7967.000000 510.000000 85.000000 1541.000000 38230.000000 0.000000
794776 1.172183 0.244740 10152.000000 48623.000000 48623.000000 8315.000000 633.000000 119.000000 1085.000000 38471.000000 0.000000
795776 1.743155 0.362593 10154.000000 48815.000000 48815.000000 8374.000000 836.000000 177.000000 767.000000 38661.000000 0.000000
796776 2.405498 0.500357 10185.000000 48965.000000 48965.000000 8236.000000 1153.000000 245.000000 551.000000 38780.000000 0.000000
797776 3.043053 0.633569 10220.000000 49087.000000 49087.000000 7888.000000 1647.000000 311.000000 374.000000 38867.000000 0.000000
798776 4.018381 0.836029 10228.000000 49161.000000 49161.000000 7329.000000 2217.000000 411.000000 271.000000 38933.000000 0.000000
799776 3.886339 0.808795 10241.000000 49209.000000 49209.000000 6654.000000 2936.000000 398.000000 253.000000 38968.000000 0.000000
800776 4.519719 0.940292 10244.000000 49240.000000 49240.000000 5841.000000 3623.000000 463.000000 317.000000 38996.000000 0.000000
801776 4.813513 1.000629 10242.000000 49269.000000 49269.000000 5004.000000 4314.000000 493.000000 431.000000 39027.000000 0.000000
802776 4.550337 0.945540 10241.000000 49284.000000 49284.000000 4170.000000 4967.000000 466.000000 638.000000 39043.000000 0.000000
803776 4.080836 0.847784 10243.000000 49305.000000 49305.000000 3325.000000 5563.000000 418.000000 937.000000 39062.000000 0.000000
804776 4.365274 0.904207 10217.000000 49325.000000 49325.000000 2551.000000 5887.000000 446.000000 1333.000000 39108.000000 0.000000
805776 3.442206 0.712709 10226.000000 49389.000000 49389.000000 2017.000000 6048.000000 352.000000 1809.000000 39163.000000 0.000000
806776 2.426852 0.501273 10219.000000 49474.000000 49474.000000 1739.000000 5872.000000 248.000000 2360.000000 39255.000000 0.000000
807776 1.807170 0.372984 10237.000000 49600.000000 49600.000000 1687.000000 5492.000000 185.000000 2873.000000 39363.000000 0.000000
808776 1.509397 0.311376 10269.000000 49779.000000 49779.000000 1824.000000 4869.000000 155.000000 3421.000000 39510.000000 0.000000
809776 0.861068 0.177826 10336.000000 50049.000000 50049.000000 2274.000000 4161.000000 89.000000 3812.000000 39713.000000 0.000000
810776 0.537841 0.111157 10412.000000 50379.000000 50379.000000 2888.000000 3378.000000 56.000000 4090.000000 39967.000000 0.000000
811776 0.390811 0.080731 10491.000000 50786.000000 50786.000000 3693.000000 2574.000000 41.000000 4183.000000 40295.000000 0.000000
812776 0.341006 0.070336 10557.000000 51183.000000 51183.000000 4464.000000 1870.000000 36.000000 4187.000000 40626.000000 0.000000
813776 0.178925 0.036789 10619.000000 51646.000000 51646.000000 5372.000000 1323.000000 19.000000 3905.000000 41027.000000 0.000000
814776 0.215983 0.044149 10649.000000 52096.000000 52096.000000 6244.000000 959.000000 23.000000 3423.000000 41447.000000 0.000000
815776 0.261731 0.053291 10698.000000 52542.000000 52542.000000 7096.000000 704.000000 28.000000 2870.000000 41844.000000 0.000000
816776 0.634151 0.128353 10723.000000 52979.000000 52979.000000 7840.000000 551.000000 68.000000 2264.000000 42256.000000 0.000000
817776 0.794751 0.161088 10821.000000 53387.000000 53387.000000 8489.000000 554.000000 86.000000 1692.000000 42566.000000 0.000000
818776 1.282406 0.258879 10839.000000 53693.000000 53693.000000 8866.000000 630.000000 139.000000 1204.000000 42854.000000 0.000000
819776 1.850658 0.372892 10861.000000 53903.000000 53903.000000 8943.000000 848.000000 201.000000 869.000000 43042.000000 0.000000
820776 2.846910 0.573405 10889.000000 54063.000000 54063.000000 8684.000000 1262.000000 310.000000 633.000000 43174.000000 0.000000
821776 2.929598 0.590362 10923.000000 54204.000000 54204.000000 8316.000000 1863.000000 320.000000 424.000000 43281.000000 0.000000
822776 3.851079 0.775608 10932.000000 54280.000000 54280.000000 7708.000000 2487.000000 421.000000 316.000000 43348.000000 0.000000
823776 4.129740 0.831769 10945.000000 54342.000000 54342.000000 7004.000000 3228.000000 452.000000 261.000000 43397.000000 0.000000
824776 4.326791 0.871580 10955.000000 54384.000000 54384.000000 6193.000000 3964.000000 474.000000 324.000000 43429.000000 0.000000
825776 4.488232 0.904146 10962.000000 54416.000000 54416.000000 5334.000000 4697.000000 492.000000 439.000000 43454.000000 0.000000
826776 4.181470 0.843084 10977.000000 54443.000000 54443.000000 4510.000000 5378.000000 459.000000 630.000000 43466.000000 0.000000
827776 4.471767 0.901563 10980.000000 54461.000000 54461.000000 3595.000000 5907.000000 491.000000 987.000000 43481.000000 0.000000
828776 4.252612 0.858653 11005.000000 54504.000000 54504.000000 2848.000000 6179.000000 468.000000 1510.000000 43499.000000 0.000000
829776 3.191296 0.644901 11030.000000 54582.000000 54582.000000 2315.000000 6325.000000 352.000000 2038.000000 43552.000000 0.000000
830776 2.298435 0.464504 11051.000000 54682.000000 54682.000000 2028.000000 6152.000000 254.000000 2617.000000 43631.000000 0.000000
831776 1.744396 0.352209 11064.000000 54797.000000 54797.000000 1912.000000 5723.000000 193.000000 3236.000000 43733.000000 0.000000
832776 1.298350 0.261775 11091.000000 55009.000000 55009.000000 2107.000000 5110.000000 144.000000 3730.000000 43918.000000 0.000000
833776 0.852630 0.171731 11142.000000 55319.000000 55319.000000 2613.000000 4383.000000 95.000000 4051.000000 44177.000000 0.000000
834776 0.553868 0.111371 11194.000000 55670.000000 55670.000000 3244.000000 3624.000000 62.000000 4264.000000 44476.000000 0.000000
835776 0.426629 0.085601 11251.000000 56074.000000 56074.000000 4020.000000 2774.000000 48.000000 4409.000000 44823.000000 0.000000
836776 0.308343 0.061895 11351.000000 56547.000000 56547.000000 4929.000000 2060.000000 35.000000 4327.000000 45196.000000 0.000000
837776 0.280088 0.056121 11425.000000 57020.000000 57020.000000 5849.000000 1470.000000 32.000000 4074.000000 45595.000000 0.000000
838776 0.227054 0.045228 11451.000000 57486.000000 57486.000000 6739.000000 1090.000000 26.000000 3596.000000 46035.000000 0.000000
839776 0.512331 0.101824 11516.000000 57943.000000 57943.000000 7573.000000 803.000000 59.000000 3081.000000 46427.000000 0.000000
840776 0.752725 0.148947 11558.000000 58410.000000 58410.000000 8356.000000 692.000000 87.000000 2423.000000 46852.000000 0.000000
841776 0.933219 0.185198 11680.000000 58856.000000 58856.000000 9055.000000 680.000000 109.000000 1836.000000 47176.000000 0.000000
842776 1.043270 0.206179 11694.000000 59172.000000 59172.000000 9454.000000 783.000000 122.000000 1335.000000 47478.000000 0.000000
843776 1.852010 0.365289 11717.000000 59405.000000 59405.000000 9516.000000 1009.000000 217.000000 975.000000 47688.000000 0.000000
844776 2.839117 0.558894 11729.000000 59582.000000 59582.000000 9264.000000 1438.000000 333.000000 694.000000 47853.000000 0.000000
845776 3.302409 0.649818 11749.000000 59709.000000 59709.000000 8797.000000 2047.000000 388.000000 517.000000 47960.000000 0.000000
846776 3.804903 0.747454 11748.000000 59803.000000 59803.000000 8168.000000 2749.000000 447.000000 384.000000 48055.000000 0.000000
847776 4.255319 0.835213 11750.000000 59865.000000 59865.000000 7343.000000 3556.000000 500.000000 351.000000 48115.000000 0.000000
848776 4.231228 0.829688 11746.000000 59902.000000 59902.000000 6483.000000 4338.000000 497.000000 428.000000 48156.000000 0.000000
849776 4.212766 0.825840 11750.000000 59939.000000 59939.000000 5602.000000 5094.000000 495.000000 559.000000 48189.000000 0.000000
850776 4.054054 0.795318 11766.000000 59976.000000 59976.000000 4777.000000 5762.000000 477.000000 750.000000 48210.000000 0.000000
851776 4.350782 0.853262 11768.000000 60005.000000 60005.000000 3898.000000 6246.000000 512.000000 1112.000000 48237.000000 0.000000
852776 4.195685 0.822620 11774.000000 60052.000000 60052.000000 3032.000000 6601.000000 494.000000 1647.000000 48278.000000 0.000000
853776 3.156019 0.618639 11787.000000 60132.000000 60132.000000 2487.000000 6714.000000 372.000000 2214.000000 48345.000000 0.000000
854776 2.360606 0.463055 11819.000000 60252.000000 60252.000000 2214.000000 6455.000000 279.000000 2871.000000 48433.000000 0.000000
855776 1.773798 0.347745 11839.000000 60389.000000 60389.000000 2131.000000 5975.000000 210.000000 3523.000000 48550.000000 0.000000
856776 1.274799 0.249171 11845.000000 60601.000000 60601.000000 2312.000000 5343.000000 151.000000 4039.000000 48756.000000 0.000000
857776 0.722568 0.141148 11902.000000 60929.000000 60929.000000 2862.000000 4601.000000 86.000000 4353.000000 49027.000000 0.000000
858776 0.581154 0.114088 12045.000000 61356.000000 61356.000000 3660.000000 3783.000000 70.000000 4532.000000 49311.000000 0.000000
859776 0.362408 0.071161 12141.000000 61832.000000 61832.000000 4577.000000 2938.000000 44.000000 4582.000000 49691.000000 0.000000
860776 0.279605 0.054575 12160.000000 62300.000000 62300.000000 5453.000000 2141.000000 34.000000 4532.000000 50140.000000 0.000000
861776 0.285179 0.055721 12273.000000 62813.000000 62813.000000 6428.000000 1575.000000 35.000000 4235.000000 50540.000000 0.000000
862776 0.251379 0.048971 12332.000000 63303.000000 63303.000000 7365.000000 1176.000000 31.000000 3760.000000 50971.000000 0.000000
863776 0.428387 0.083127 12372.000000 63758.000000 63758.000000 8185.000000 894.000000 53.000000 3240.000000 51386.000000 0.000000
864776 0.707282 0.136969 12442.000000 64248.000000 64248.000000 9010.000000 748.000000 88.000000 2596.000000 51806.000000 0.000000
865776 1.253893 0.242580 12521.000000 64721.000000 64721.000000 9695.000000 762.000000 157.000000 1907.000000 52200.000000 0.000000
866776 1.393423 0.268991 12559.000000 65058.000000 65058.000000 10086.000000 908.000000 175.000000 1390.000000 52499.000000 0.000000
867776 2.034491 0.392037 12583.000000 65300.000000 65300.000000 10143.000000 1167.000000 256.000000 1017.000000 52717.000000 0.000000
868776 2.816566 0.542142 12604.000000 65481.000000 65481.000000 9906.000000 1588.000000 355.000000 755.000000 52877.000000 0.000000
869776 3.688168 0.709976 12635.000000 65636.000000 65636.000000 9346.000000 2273.000000 466.000000 550.000000 53001.000000 0.000000
870776 3.866530 0.743930 12647.000000 65732.000000 65732.000000 8636.000000 3095.000000 489.000000 427.000000 53085.000000 0.000000
871776 3.970008 0.764403 12670.000000 65803.000000 65803.000000 7832.000000 3928.000000 503.000000 407.000000 53133.000000 0.000000
872776 4.342334 0.835270 12666.000000 65847.000000 65847.000000 6900.000000 4734.000000 550.000000 482.000000 53181.000000 0.000000
873776 4.112076 0.790736 12670.000000 65888.000000 65888.000000 6005.000000 5482.000000 521.000000 662.000000 53218.000000 0.000000
874776 4.160088 0.799357 12668.000000 65928.000000 65928.000000 5095.000000 6171.000000 527.000000 875.000000 53260.000000 0.000000
875776 4.134775 0.794445 12673.000000 65958.000000 65958.000000 4187.000000 6683.000000 524.000000 1279.000000 53285.000000 0.000000
876776 4.204133 0.807441 12678.000000 66011.000000 66011.000000 3301.000000 7036.000000 533.000000 1808.000000 53333.000000 0.000000
877776 3.032690 0.582442 12695.000000 66101.000000 66101.000000 2722.000000 7082.000000 385.000000 2506.000000 53406.000000 0.000000
878776 2.235340 0.428770 12705.000000 66236.000000 66236.000000 2453.000000 6823.000000 284.000000 3145.000000 53531.000000 0.000000
879776 1.695714 0.325287 12738.000000 66403.000000 66403.000000 2390.000000 6337.000000 216.000000 3795.000000 53665.000000 0.000000
880776 1.369113 0.262562 12782.000000 66651.000000 66651.000000 2609.000000 5623.000000 175.000000 4375.000000 53869.000000 0.000000
881776 0.757044 0.144819 12813.000000 66980.000000 66980.000000 3126.000000 4904.000000 97.000000 4686.000000 54167.000000 0.000000
882776 0.654002 0.124611 12844.000000 67410.000000 67410.000000 3906.000000 4039.000000 84.000000 4815.000000 54566.000000 0.000000
883776 0.366101 0.069258 12838.000000 67862.000000 67862.000000 4786.000000 3184.000000 47.000000 4821.000000 55024.000000 0.000000
884776 0.396795 0.074629 12853.000000 68338.000000 68338.000000 5687.000000 2336.000000 51.000000 4779.000000 55485.000000 0.000000
885776 0.301834 0.056621 12921.000000 68879.000000 68879.000000 6713.000000 1725.000000 39.000000 4444.000000 55958.000000 0.000000
886776 0.285296 0.053329 12969.000000 69380.000000 69380.000000 7660.000000 1277.000000 37.000000 3995.000000 56411.000000 0.000000
887776 0.482537 0.090135 13056.000000 69895.000000 69895.000000 8590.000000 988.000000 63.000000 3415.000000 56839.000000 0.000000
888776 0.833716 0.154911 13074.000000 70363.000000 70363.000000 9341.000000 831.000000 109.000000 2793.000000 57289.000000 0.000000
889776 1.197559 0.221648 13110.000000 70833.000000 70833.000000 10012.000000 853.000000 157.000000 2088.000000 57723.000000 0.000000
890776 1.543233 0.286384 13219.000000 71233.000000 71233.000000 10425.000000 1056.000000 204.000000 1534.000000 58014.000000 0.000000
891776 1.937228 0.360658 13318.000000 71536.000000 71536.000000 10575.000000 1364.000000 258.000000 1121.000000 58218.000000 0.000000
892776 2.427148 0.451650 13349.000000 71737.000000 71737.000000 10342.000000 1845.000000 324.000000 838.000000 58388.000000 0.000000
893776 3.587980 0.667566 13378.000000 71903.000000 71903.000000 9829.000000 2461.000000 480.000000 608.000000 58525.000000 0.000000
894776 3.601521 0.670619 13411.000000 72023.000000 72023.000000 9157.000000 3302.000000 483.000000 469.000000 58612.000000 0.000000
895776 3.577551 0.665770 13417.000000 72097.000000 72097.000000 8374.000000 4123.000000 480.000000 440.000000 58680.000000 0.000000
896776 4.330973 0.805334 13415.000000 72144.000000 72144.000000 7375.000000 4922.000000 581.000000 537.000000 58729.000000 0.000000
897776 4.017291 0.746693 13417.000000 72185.000000 72185.000000 6466.000000 5679.000000 539.000000 733.000000 58768.000000 0.000000
898776 3.867074 0.718558 13421.000000 72228.000000 72228.000000 5534.000000 6306.000000 519.000000 1062.000000 58807.000000 0.000000
899776 3.971146 0.738824 13447.000000 72277.000000 72277.000000 4653.000000 6783.000000 534.000000 1477.000000 58830.000000 0.000000
900776 3.901605 0.725770 13456.000000 72337.000000 72337.000000 3810.000000 7104.000000 525.000000 2017.000000 58881.000000 0.000000
901776 3.440095 0.640459 13488.000000 72448.000000 72448.000000 3166.000000 7190.000000 464.000000 2668.000000 58960.000000 0.000000
902776 2.741756 0.509712 13495.000000 72590.000000 72590.000000 2752.000000 7091.000000 370.000000 3282.000000 59095.000000 0.000000
903776 1.750887 0.325491 13536.000000 72813.000000 72813.000000 2790.000000 6695.000000 237.000000 3814.000000 59277.000000 0.000000
904776 1.610057 0.299631 13602.000000 73090.000000 73090.000000 3035.000000 5941.000000 219.000000 4407.000000 59488.000000 0.000000
905776 1.040522 0.193358 13647.000000 73439.000000 73439.000000 3552.000000 5220.000000 142.000000 4733.000000 59792.000000 0.000000
906776 0.649351 0.120462 13706.000000 73882.000000 73882.000000 4351.000000 4371.000000 89.000000 4895.000000 60176.000000 0.000000
907776 0.428810 0.079359 13759.000000 74346.000000 74346.000000 5214.000000 3516.000000 59.000000 4970.000000 60587.000000 0.000000
908776 0.383308 0.070811 13827.000000 74847.000000 74847.000000 6165.000000 2692.000000 53.000000 4917.000000 61020.000000 0.000000
909776 0.359583 0.066294 13905.000000 75422.000000 75422.000000 7238.000000 1996.000000 50.000000 4621.000000 61517.000000 0.000000
910776 0.385990 0.071099 13990.000000 75950.000000 75950.000000 8198.000000 1483.000000 54.000000 4255.000000 61960.000000 0.000000
911776 0.412020 0.075828 14077.000000 76489.000000 76489.000000 9162.000000 1174.000000 58.000000 3683.000000 62412.000000 0.000000
912776 0.921463 0.168882 14108.000000 76977.000000 76977.000000 9920.000000 976.000000 130.000000 3082.000000 62869.000000 0.000000
913776 1.173892 0.214387 14141.000000 77430.000000 77430.000000 10529.000000 1006.000000 166.000000 2440.000000 63289.000000 0.000000
914776 1.560404 0.283941 14163.000000 77833.000000 77833.000000 10918.000000 1224.000000 221.000000 1800.000000 63670.000000 0.000000
915776 2.100218 0.381284 14189.000000 78157.000000 78157.000000 11024.000000 1571.000000 298.000000 1296.000000 63968.000000 0.000000
916776 2.748875 0.498769 14224.000000 78393.000000 78393.000000 10772.000000 2109.000000 391.000000 952.000000 64169.000000 0.000000
917776 3.173489 0.575269 14243.000000 78572.000000 78572.000000 10291.000000 2796.000000 452.000000 704.000000 64329.000000 0.000000
918776 3.556148 0.644210 14257.000000 78701.000000 78701.000000 9603.000000 3595.000000 507.000000 552.000000 64444.000000 0.000000
919776 3.874720 0.701928 14272.000000 78783.000000 78783.000000 8755.000000 4425.000000 553.000000 539.000000 64511.000000 0.000000
920776 4.105366 0.743240 14274.000000 78844.000000 78844.000000 7768.000000 5271.000000 586.000000 649.000000 64570.000000 0.000000
921776 3.938608 0.712375 14269.000000 78891.000000 78891.000000 6766.000000 6070.000000 562.000000 871.000000 64622.000000 0.000000
922776 4.072906 0.736067 14265.000000 78933.000000 78933.000000 5770.000000 6716.000000 581.000000 1198.000000 64668.000000 0.000000
923776 3.927344 0.709067 14259.000000 78977.000000 78977.000000 4840.000000 7194.000000 560.000000 1665.000000 64718.000000 0.000000
924776 3.601205 0.650188 14273.000000 79054.000000 79054.000000 4078.000000 7412.000000 514.000000 2269.000000 64781.000000 0.000000
925776 3.394457 0.612559 14288.000000 79176.000000 79176.000000 3438.000000 7500.000000 485.000000 2865.000000 64888.000000 0.000000
926776 2.899462 0.523026 14313.000000 79346.000000 79346.000000 3070.000000 7311.000000 415.000000 3517.000000 65033.000000 0.000000
927776 1.934087 0.348178 14322.000000 79557.000000 79557.000000 3025.000000 6908.000000 277.000000 4112.000000 65235.000000 0.000000
928776 1.461683 0.262944 14367.000000 79865.000000 79865.000000 3296.000000 6214.000000 210.000000 4647.000000 65498.000000 0.000000
929776 0.876034 0.157045 14383.000000 80232.000000 80232.000000 3827.000000 5437.000000 126.000000 4993.000000 65849.000000 0.000000
930776 0.652234 0.116539 14412.000000 80660.000000 80660.000000 4569.000000 4544.000000 94.000000 5205.000000 66248.000000 0.000000
931776 0.461464 0.082519 14519.000000 81193.000000 81193.000000 5547.000000 3681.000000 67.000000 5224.000000 66674.000000 0.000000
932776 0.294621 0.052610 14595.000000 81733.000000 81733.000000 6557.000000 2903.000000 43.000000 5092.000000 67138.000000 0.000000
933776 0.266284 0.047384 14646.000000 82306.000000 82306.000000 7660.000000 2158.000000 39.000000 4789.000000 67660.000000 0.000000
934776 0.387386 0.068780 14714.000000 82873.000000 82873.000000 8684.000000 1581.000000 57.000000 4392.000000 68159.000000 0.000000
935776 0.695101 0.123430 14818.000000 83448.000000 83448.000000 9661.000000 1256.000000 103.000000 3798.000000 68630.000000 0.000000
936776 0.992689 0.176245 14909.000000 83974.000000 83974.000000 10464.000000 1103.000000 148.000000 3194.000000 69065.000000 0.000000
937776 1.287353 0.228524 14992.000000 84455.000000 84455.000000 11079.000000 1155.000000 193.000000 2565.000000 69463.000000 0.000000
938776 1.516260 0.268646 15037.000000 84870.000000 84870.000000 11499.000000 1356.000000 228.000000 1954.000000 69833.000000 0.000000
939776 2.170150 0.382656 15022.000000 85194.000000 85194.000000 11550.000000 1726.000000 326.000000 1420.000000 70172.000000 0.000000
940776 2.711504 0.477511 15047.000000 85443.000000 85443.000000 11311.000000 2290.000000 408.000000 1038.000000 70396.000000 0.000000
941776 2.941567 0.517312 15060.000000 85635.000000 85635.000000 10908.000000 2967.000000 443.000000 742.000000 70575.000000 0.000000
942776 3.824955 0.671642 15059.000000 85760.000000 85760.000000 10076.000000 3788.000000 576.000000 619.000000 70701.000000 0.000000
943776 3.878080 0.680232 15059.000000 85853.000000 85853.000000 9172.000000 4692.000000 584.000000 611.000000 70794.000000 0.000000
944776 3.936015 0.690137 15066.000000 85925.000000 85925.000000 8200.000000 5530.000000 593.000000 743.000000 70859.000000 0.000000
945776 4.137657 0.725759 15081.000000 85979.000000 85979.000000 7171.000000 6292.000000 624.000000 994.000000 70898.000000 0.000000
946776 4.028624 0.706788 15092.000000 86023.000000 86023.000000 6083.000000 7042.000000 608.000000 1359.000000 70931.000000 0.000000
947776 3.788330 0.664429 15099.000000 86089.000000 86089.000000 5130.000000 7567.000000 572.000000 1830.000000 70990.000000 0.000000
948776 3.557495 0.624210 15123.000000 86189.000000 86189.000000 4302.000000 7896.000000 538.000000 2387.000000 71066.000000 0.000000
949776 3.177644 0.557171 15137.000000 86329.000000 86329.000000 3722.000000 7970.000000 481.000000 2964.000000 71192.000000 0.000000
950776 2.475476 0.434536 15189.000000 86529.000000 86529.000000 3426.000000 7726.000000 376.000000 3661.000000 71340.000000 0.000000
951776 1.854531 0.325042 15206.000000 86758.000000 86758.000000 3372.000000 7241.000000 282.000000 4311.000000 71552.000000 0.000000
952776 1.586361 0.276868 15192.000000 87045.000000 87045.000000 3566.000000 6566.000000 241.000000 4819.000000 71853.000000 0.000000
953776 0.872646 0.152106 15241.000000 87439.000000 87439.000000 4151.000000 5722.000000 133.000000 5235.000000 72198.000000 0.000000
954776 0.687443 0.119496 15274.000000 87869.000000 87869.000000 4886.000000 4747.000000 105.000000 5536.000000 72595.000000 0.000000
955776 0.567108 0.098397 15341.000000 88417.000000 88417.000000 5854.000000 3831.000000 87.000000 5569.000000 73076.000000 0.000000
956776 0.337465 0.058425 15409.000000 89003.000000 89003.000000 6960.000000 3012.000000 52.000000 5385.000000 73594.000000 0.000000
957776 0.343576 0.059180 15426.000000 89557.000000 89557.000000 7983.000000 2282.000000 53.000000 5108.000000 74131.000000 0.000000
958776 0.536592 0.092073 15468.000000 90146.000000 90146.000000 9031.000000 1721.000000 83.000000 4633.000000 74678.000000 0.000000
959776 0.746221 0.127825 15545.000000 90749.000000 90749.000000 10034.000000 1401.000000 116.000000 3994.000000 75204.000000 0.000000
960776 0.917078 0.156599 15593.000000 91316.000000 91316.000000 10909.000000 1246.000000 143.000000 3295.000000 75723.000000 0.000000
961776 1.336589 0.226698 15562.000000 91752.000000 91752.000000 11394.000000 1314.000000 208.000000 2646.000000 76190.000000 0.000000
962776 1.674795 0.283166 15584.000000 92172.000000 92172.000000 11766.000000 1549.000000 261.000000 2008.000000 76588.000000 0.000000
963776 2.034138 0.342688 15584.000000 92504.000000 92504.000000 11853.000000 1915.000000 317.000000 1499.000000 76920.000000 0.000000
964776 2.543567 0.427972 15608.000000 92763.000000 92763.000000 11622.000000 2490.000000 397.000000 1099.000000 77155.000000 0.000000
965776 2.862620 0.481834 15650.000000 92978.000000 92978.000000 11224.000000 3158.000000 448.000000 820.000000 77328.000000 0.000000
966776 3.720485 0.626081 15670.000000 93119.000000 93119.000000 10438.000000 3940.000000 583.000000 709.000000 77449.000000 0.000000
967776 4.132126 0.695130 15682.000000 93220.000000 93220.000000 9482.000000 4821.000000 648.000000 731.000000 77538.000000 0.000000
968776 3.803759 0.639858 15695.000000 93302.000000 93302.000000 8514.000000 5727.000000 597.000000 857.000000 77607.000000 0.000000
969776 4.068250 0.684462 15707.000000 93358.000000 93358.000000 7420.000000 6493.000000 639.000000 1155.000000 77651.000000 0.000000
970776 4.245554 0.713024 15687.000000 93405.000000 93405.000000 6272.000000 7244.000000 666.000000 1505.000000 77718.000000 0.000000
971776 4.006369 0.672792 15700.000000 93491.000000 93491.000000 5294.000000 7819.000000 629.000000 1958.000000 77791.000000 0.000000
972776 2.987451 0.501111 15699.000000 93592.000000 93592.000000 4552.000000 8179.000000 469.000000 2499.000000 77893.000000 0.000000
973776 3.180662 0.533362 15720.000000 93745.000000 93745.000000 3976.000000 8187.000000 500.000000 3057.000000 78025.000000 0.000000
974776 2.385484 0.400187 15762.000000 93956.000000 93956.000000 3695.000000 7935.000000 376.000000 3756.000000 78194.000000 0.000000
975776 1.928200 0.322731 15766.000000 94196.000000 94196.000000 3642.000000 7388.000000 304.000000 4432.000000 78430.000000 0.000000
976776 1.675307 0.280352 15818.000000 94524.000000 94524.000000 3904.000000 6700.000000 265.000000 4949.000000 78706.000000 0.000000
977776 0.977301 0.163316 15860.000000 94908.000000 94908.000000 4441.000000 5824.000000 155.000000 5440.000000 79048.000000 0.000000
978776 0.816429 0.136315 15923.000000 95367.000000 95367.000000 5201.000000 4831.000000 130.000000 5761.000000 79444.000000 0.000000
979776 0.531882 0.088606 15981.000000 95930.000000 95930.000000 6198.000000 3912.000000 85.000000 5786.000000 79949.000000 0.000000
980776 0.387573 0.064251 15997.000000 96496.000000 96496.000000 7225.000000 3186.000000 62.000000 5524.000000 80499.000000 0.000000
981776 0.318312 0.052533 16022.000000 97082.000000 97082.000000 8320.000000 2447.000000 51.000000 5204.000000 81060.000000 0.000000
982776 0.546652 0.090062 16098.000000 97711.000000 97711.000000 9415.000000 1895.000000 88.000000 4700.000000 81613.000000 0.000000
983776 0.729160 0.119975 16183.000000 98354.000000 98354.000000 10498.000000 1551.000000 118.000000 4016.000000 82171.000000 0.000000
984776 1.084946 0.177936 16222.000000 98912.000000 98912.000000 11301.000000 1405.000000 176.000000 3340.000000 82690.000000 0.000000
985776 1.429799 0.234451 16296.000000 99381.000000 99381.000000 11836.000000 1464.000000 233.000000 2763.000000 83085.000000 0.000000
986776 1.651881 0.270476 16345.000000 99824.000000 99824.000000 12230.000000 1695.000000 270.000000 2150.000000 83479.000000 0.000000
987776 2.193706 0.358391 16365.000000 100170.000000 100170.000000 12274.000000 2097.000000 359.000000 1635.000000 83805.000000 0.000000
988776 2.550958 0.416127 16386.000000 100450.000000 100450.000000 12084.000000 2660.000000 418.000000 1224.000000 84064.000000 0.000000
989776 2.991713 0.487761 16412.000000 100664.000000 100664.000000 11591.000000 3402.000000 491.000000 928.000000 84252.000000 0.000000
990776 3.620459 0.591047 16462.000000 100838.000000 100838.000000 10854.000000 4195.000000 596.000000 817.000000 84376.000000 0.000000
991776 3.544980 0.578458 16474.000000 100958.000000 100958.000000 9977.000000 5120.000000 584.000000 793.000000 84484.000000 0.000000
992776 3.937868 0.642320 16481.000000 101040.000000 101040.000000 8941.000000 5919.000000 649.000000 972.000000 84559.000000 0.000000
993776 4.104274 0.669528 16495.000000 101116.000000 101116.000000 7855.000000 6728.000000 677.000000 1235.000000 84621.000000 0.000000
994776 4.226035 0.688939 16493.000000 101170.000000 101170.000000 6662.000000 7488.000000 697.000000 1646.000000 84677.000000 0.000000
995776 3.646938 0.594480 16507.000000 101265.000000 101265.000000 5695.000000 8085.000000 602.000000 2125.000000 84758.000000 0.000000
996776 3.094906 0.504059 16511.000000 101377.000000 101377.000000 4903.000000 8421.000000 511.000000 2676.000000 84866.000000 0.000000
997776 2.920723 0.475637 16537.000000 101548.000000 101548.000000 4339.000000 8442.000000 483.000000 3273.000000 85011.000000 0.000000
998776 2.442424 0.396143 16500.000000 101731.000000 101731.000000 3930.000000 8218.000000 403.000000 3949.000000 85231.000000 0.000000
999776 1.910058 0.309764 16544.000000 102013.000000 102013.000000 3946.000000 7727.000000 316.000000 4555.000000 85469.000000 0.000000
1000776 1.271161 0.206123 16599.000000 102366.000000 102366.000000 4289.000000 7005.000000 211.000000 5094.000000 85767.000000 0.000000
1001776 1.316501 0.213091 16635.000000 102773.000000 102773.000000 4770.000000 6083.000000 219.000000 5563.000000 86138.000000 0.000000
1002776 0.776815 0.125888 16735.000000 103266.000000 103266.000000 5577.000000 5111.000000 130.000000 5917.000000 86531.000000 0.000000
