752978 2.397185 0.545000 9094.000000 40000.000000 40000.000000 6879.000000 1448.000000 218.000000 549.000000 30906.000000 0.000000
753978 4.294008 0.977215 9036.000000 40021.000000 40114.000000 6558.000000 1756.000000 299.000000 423.000000 30985.000000 93.000000
754978 7.261774 1.649869 8786.000000 39841.000000 40185.000000 6115.000000 2009.000000 319.000000 343.000000 31055.000000 344.000000
755978 10.980822 2.490864 8474.000000 39576.000000 40227.000000 5566.000000 2159.000000 351.000000 398.000000 31102.000000 651.000000
756978 14.443714 3.276042 8141.000000 39271.000000 40262.000000 5037.000000 2289.000000 328.000000 487.000000 31130.000000 991.000000
757978 18.821085 4.270895 7761.000000 38913.000000 40296.000000 4453.000000 2314.000000 338.000000 656.000000 31152.000000 1383.000000
762835 0.593299 0.127500 8596.000000 40000.000000 40000.000000 2079.000000 2865.000000 51.000000 3601.000000 31404.000000 0.000000
758978 23.855316 5.412173 7373.000000 38557.000000 40335.000000 3784.000000 2330.000000 405.000000 854.000000 31184.000000 1778.000000
763835 0.965341 0.206129 8562.000000 40230.000000 40266.000000 2567.000000 2259.000000 47.000000 3689.000000 31668.000000 36.000000
759978 28.691660 6.502836 6911.000000 38129.000000 40367.000000 3143.000000 2208.000000 387.000000 1173.000000 31218.000000 2238.000000
764835 1.137683 0.241373 8539.000000 40526.000000 40601.000000 3227.000000 1739.000000 23.000000 3550.000000 31987.000000 75.000000
760978 33.122409 7.506119 6490.000000 37771.000000 40447.000000 2664.000000 2080.000000 360.000000 1386.000000 31281.000000 2676.000000
765835 1.318224 0.277913 8555.000000 40927.000000 41020.000000 4050.000000 1270.000000 21.000000 3214.000000 32372.000000 93.000000
761978 36.547061 8.269378 6094.000000 37448.000000 40523.000000 2301.000000 1964.000000 276.000000 1553.000000 31354.000000 3075.000000
766835 1.487074 0.313449 8629.000000 41361.000000 41474.000000 4938.000000 875.000000 17.000000 2799.000000 32732.000000 113.000000
762978 39.246144 8.887413 5813.000000 37260.000000 40653.000000 2105.000000 1868.000000 220.000000 1620.000000 31447.000000 3393.000000
767835 1.758965 0.370087 8678.000000 41748.000000 41882.000000 5723.000000 553.000000 21.000000 2381.000000 33070.000000 134.000000
763978 41.234434 9.331961 5620.000000 37191.000000 40806.000000 2087.000000 1718.000000 193.000000 1622.000000 31571.000000 3615.000000
768835 2.068030 0.433475 8688.000000 42056.000000 42217.000000 6354.000000 340.000000 22.000000 1972.000000 33368.000000 161.000000
764978 42.682531 9.626034 5439.000000 37187.000000 40993.000000 2225.000000 1565.000000 140.000000 1509.000000 31748.000000 3806.000000
769835 2.559477 0.534243 8686.000000 42307.000000 42490.000000 6820.000000 233.000000 44.000000 1589.000000 33621.000000 183.000000
765978 43.256970 9.721210 5329.000000 37253.000000 41178.000000 2469.000000 1383.000000 78.000000 1399.000000 31924.000000 3925.000000
770835 3.555805 0.741538 8670.000000 42504.000000 42749.000000 7189.000000 214.000000 72.000000 1195.000000 33834.000000 245.000000
766978 43.326134 9.704652 5297.000000 37378.000000 41341.000000 2741.000000 1156.000000 49.000000 1351.000000 32081.000000 3963.000000
771835 5.552440 1.152530 8569.000000 42603.000000 42949.000000 7336.000000 244.000000 149.000000 840.000000 34034.000000 346.000000
767978 43.595554 9.738694 5270.000000 37487.000000 41484.000000 2971.000000 932.000000 43.000000 1324.000000 32217.000000 3997.000000
772835 8.064154 1.667710 8385.000000 42582.000000 43113.000000 7300.000000 358.000000 188.000000 539.000000 34197.000000 531.000000
768978 43.802544 9.761722 5253.000000 37607.000000 41632.000000 3218.000000 762.000000 39.000000 1234.000000 32354.000000 4025.000000
773835 11.647441 2.405292 8155.000000 42464.000000 43238.000000 7061.000000 507.000000 266.000000 321.000000 34309.000000 774.000000
769978 44.067433 9.823822 5252.000000 37715.000000 41776.000000 3429.000000 615.000000 43.000000 1165.000000 32463.000000 4061.000000
774835 15.464726 3.188566 7849.000000 42230.000000 43311.000000 6646.000000 715.000000 300.000000 188.000000 34381.000000 1081.000000
770978 44.243527 9.864027 5254.000000 37828.000000 41920.000000 3655.000000 480.000000 43.000000 1076.000000 32574.000000 4092.000000
775835 19.809524 4.078525 7520.000000 41944.000000 43349.000000 6056.000000 985.000000 363.000000 116.000000 34424.000000 1405.000000
771978 44.762614 9.994058 5271.000000 37952.000000 42075.000000 3824.000000 424.000000 82.000000 941.000000 32681.000000 4123.000000
776835 25.503807 5.251510 7095.000000 41541.000000 43378.000000 5317.000000 1253.000000 441.000000 84.000000 34446.000000 1837.000000
772978 45.276424 10.123375 5253.000000 38040.000000 42229.000000 3980.000000 404.000000 86.000000 783.000000 32787.000000 4189.000000
777835 31.538892 6.494434 6587.000000 41043.000000 43391.000000 4449.000000 1559.000000 470.000000 109.000000 34456.000000 2348.000000
773978 46.837318 10.460666 5181.000000 38057.000000 42330.000000 3914.000000 453.000000 155.000000 659.000000 32876.000000 4273.000000
778835 37.141898 7.647289 6094.000000 40559.000000 43401.000000 3609.000000 1861.000000 477.000000 147.000000 34465.000000 2842.000000
774978 47.851274 10.703011 5123.000000 38075.000000 42446.000000 3833.000000 612.000000 172.000000 506.000000 32952.000000 4371.000000
779835 41.031666 8.447946 5626.000000 40096.000000 43407.000000 2951.000000 2092.000000 356.000000 227.000000 34470.000000 3311.000000
775978 49.182047 11.023104 5050.000000 38061.000000 42547.000000 3652.000000 811.000000 204.000000 383.000000 33011.000000 4486.000000
780835 44.866196 9.230592 5248.000000 39727.000000 43410.000000 2335.000000 2214.000000 324.000000 375.000000 34479.000000 3683.000000
776978 50.287146 11.298269 4969.000000 38018.000000 42626.000000 3446.000000 1024.000000 208.000000 291.000000 33049.000000 4608.000000
781835 48.198702 9.920781 4941.000000 39427.000000 43424.000000 1785.000000 2305.000000 311.000000 540.000000 34486.000000 3997.000000
777978 51.031362 11.387441 4825.000000 37905.000000 42582.000000 3234.000000 1179.000000 172.000000 240.000000 33080.000000 4677.000000
782835 50.677112 10.422373 4669.000000 39179.000000 43445.000000 1351.000000 2333.000000 262.000000 723.000000 34510.000000 4266.000000
778978 51.197508 11.241864 4716.000000 37809.000000 42404.000000 3050.000000 1284.000000 172.000000 210.000000 33093.000000 4595.000000
783835 52.804837 10.848612 4464.000000 39004.000000 43471.000000 997.000000 2258.000000 249.000000 960.000000 34540.000000 4467.000000
779978 51.228148 10.988229 4572.000000 37670.000000 42136.000000 2819.000000 1345.000000 164.000000 244.000000 33098.000000 4466.000000
784835 54.023503 11.091707 4292.000000 38876.000000 43519.000000 797.000000 2140.000000 184.000000 1171.000000 34584.000000 4643.000000
780978 51.451760 10.755592 4418.000000 37518.000000 41848.000000 2548.000000 1386.000000 171.000000 313.000000 33100.000000 4330.000000
785835 53.854736 11.068308 4236.000000 38884.000000 43611.000000 849.000000 1897.000000 100.000000 1390.000000 34648.000000 4727.000000
781978 51.301867 10.393333 4256.000000 37362.000000 41517.000000 2303.000000 1350.000000 160.000000 443.000000 33106.000000 4155.000000
786835 53.607326 10.985239 4202.000000 38943.000000 43695.000000 967.000000 1617.000000 48.000000 1570.000000 34741.000000 4752.000000
782978 51.643017 10.084095 4081.000000 37191.000000 41144.000000 2027.000000 1256.000000 196.000000 602.000000 33110.000000 3953.000000
787835 53.486813 10.928687 4206.000000 39051.000000 43793.000000 1195.000000 1343.000000 44.000000 1624.000000 34845.000000 4742.000000
783978 51.593938 9.687707 3919.000000 37028.000000 40763.000000 1755.000000 1138.000000 214.000000 812.000000 33109.000000 3735.000000
788835 52.873563 10.784604 4239.000000 39211.000000 43933.000000 1561.000000 1074.000000 16.000000 1588.000000 34972.000000 4722.000000
784978 50.205592 9.065485 3752.000000 36862.000000 40406.000000 1654.000000 1034.000000 119.000000 945.000000 33110.000000 3544.000000
789835 52.142145 10.680514 4338.000000 39404.000000 44099.000000 1968.000000 799.000000 15.000000 1556.000000 35066.000000 4695.000000
785978 49.665576 8.694136 3678.000000 36793.000000 40142.000000 1553.000000 977.000000 141.000000 1007.000000 33115.000000 3349.000000
790835 51.079925 10.513370 4466.000000 39660.000000 44315.000000 2490.000000 564.000000 4.000000 1408.000000 35194.000000 4655.000000
786978 48.930909 8.411472 3649.000000 36767.000000 39993.000000 1611.000000 911.000000 138.000000 989.000000 33118.000000 3226.000000
791835 50.381347 10.390311 4556.000000 39881.000000 44503.000000 2942.000000 371.000000 2.000000 1241.000000 35325.000000 4622.000000
787978 47.888970 8.202793 3680.000000 36797.000000 39962.000000 1783.000000 860.000000 113.000000 924.000000 33117.000000 3165.000000
792835 49.815858 10.296422 4651.000000 40085.000000 44666.000000 3320.000000 216.000000 18.000000 1097.000000 35434.000000 4581.000000
788978 46.219459 7.987308 3817.000000 36926.000000 40026.000000 2143.000000 770.000000 97.000000 807.000000 33109.000000 3100.000000
793835 49.252769 10.222024 4748.000000 40262.000000 44815.000000 3661.000000 129.000000 28.000000 930.000000 35514.000000 4553.000000
789978 44.964905 7.829297 3921.000000 37033.000000 40093.000000 2431.000000 705.000000 79.000000 706.000000 33112.000000 3060.000000
794835 48.597731 10.107307 4839.000000 40415.000000 44918.000000 3962.000000 113.000000 37.000000 727.000000 35576.000000 4503.000000
790978 44.168558 7.751880 3984.000000 37094.000000 40158.000000 2629.000000 624.000000 49.000000 682.000000 33110.000000 3064.000000
795835 47.945790 9.986886 4929.000000 40547.000000 44989.000000 4224.000000 127.000000 51.000000 527.000000 35618.000000 4442.000000
791978 43.405209 7.701863 4083.000000 37191.000000 40250.000000 2859.000000 530.000000 41.000000 653.000000 33108.000000 3059.000000
796835 47.454175 9.845654 5010.000000 40645.000000 44964.000000 4356.000000 189.000000 108.000000 357.000000 35635.000000 4319.000000
792978 42.880840 7.690019 4168.000000 37272.000000 40338.000000 3047.000000 460.000000 36.000000 625.000000 33104.000000 3066.000000
797835 46.531100 9.541968 5021.000000 40669.000000 44844.000000 4458.000000 255.000000 104.000000 204.000000 35648.000000 4175.000000
793978 42.312423 7.658627 4262.000000 37370.000000 40425.000000 3244.000000 402.000000 41.000000 575.000000 33108.000000 3055.000000
798835 46.454059 9.335993 4965.000000 40620.000000 44623.000000 4358.000000 336.000000 163.000000 108.000000 35655.000000 4003.000000
794978 42.131636 7.681481 4332.000000 37448.000000 40500.000000 3375.000000 364.000000 59.000000 534.000000 33116.000000 3052.000000
799835 46.851617 9.178036 4813.000000 40471.000000 44345.000000 4095.000000 461.000000 196.000000 61.000000 35658.000000 3874.000000
795978 42.040871 7.709756 4398.000000 37519.000000 40559.000000 3452.000000 382.000000 87.000000 477.000000 33121.000000 3040.000000
800835 46.958198 8.867757 4613.000000 40269.000000 43957.000000 3727.000000 628.000000 210.000000 48.000000 35656.000000 3688.000000
796978 42.063068 7.753313 4447.000000 37565.000000 40602.000000 3484.000000 426.000000 111.000000 426.000000 33118.000000 3037.000000
801835 47.932833 8.659282 4381.000000 40034.000000 43514.000000 3243.000000 797.000000 288.000000 53.000000 35653.000000 3480.000000
797978 42.506667 7.847771 4466.000000 37589.000000 40623.000000 3382.000000 567.000000 154.000000 363.000000 33123.000000 3034.000000
802835 48.557497 8.330622 4070.000000 39721.000000 43034.000000 2757.000000 962.000000 272.000000 79.000000 35651.000000 3313.000000
798978 43.108974 7.948781 4464.000000 37586.000000 40610.000000 3190.000000 755.000000 204.000000 315.000000 33122.000000 3024.000000
803835 48.566076 7.912841 3802.000000 39452.000000 42589.000000 2343.000000 1100.000000 233.000000 126.000000 35650.000000 3137.000000
799978 44.121196 8.110106 4432.000000 37552.000000 40579.000000 2850.000000 1058.000000 264.000000 260.000000 33120.000000 3027.000000
804835 49.236353 7.704138 3592.000000 39242.000000 42263.000000 1943.000000 1222.000000 235.000000 192.000000 35650.000000 3021.000000
800978 44.053102 8.028044 4352.000000 37478.000000 40508.000000 2534.000000 1358.000000 222.000000 238.000000 33126.000000 3030.000000
805835 50.197566 7.566048 3364.000000 39014.000000 41977.000000 1554.000000 1347.000000 213.000000 250.000000 35650.000000 2963.000000
801978 44.909767 8.071704 4160.000000 37289.000000 40388.000000 2335.000000 1445.000000 161.000000 219.000000 33129.000000 3099.000000
806835 51.144539 7.488987 3201.000000 38853.000000 41768.000000 1192.000000 1463.000000 213.000000 333.000000 35652.000000 2915.000000
802978 45.748704 8.110457 4023.000000 37153.000000 40269.000000 2161.000000 1485.000000 150.000000 227.000000 33130.000000 3116.000000
807835 51.801954 7.395653 3054.000000 38708.000000 41592.000000 875.000000 1540.000000 192.000000 447.000000 35654.000000 2884.000000
803978 46.461626 8.126416 3898.000000 37028.000000 40153.000000 1986.000000 1504.000000 138.000000 270.000000 33130.000000 3125.000000
808835 51.889212 7.313253 2974.000000 38625.000000 41500.000000 670.000000 1552.000000 160.000000 592.000000 35651.000000 2875.000000
804978 47.383763 8.129736 3749.000000 36877.000000 39989.000000 1770.000000 1457.000000 139.000000 383.000000 33128.000000 3112.000000
809835 50.866358 7.148368 2965.000000 38614.000000 41478.000000 625.000000 1528.000000 101.000000 711.000000 35649.000000 2864.000000
805978 47.782589 8.034549 3629.000000 36760.000000 39828.000000 1625.000000 1310.000000 132.000000 562.000000 33131.000000 3068.000000
810835 49.614131 6.974109 2979.000000 38630.000000 41482.000000 645.000000 1442.000000 41.000000 851.000000 35651.000000 2852.000000
806978 48.264261 7.955835 3494.000000 36624.000000 39669.000000 1472.000000 1097.000000 111.000000 814.000000 33130.000000 3045.000000
811835 49.346461 6.997737 3021.000000 38672.000000 41542.000000 770.000000 1276.000000 37.000000 938.000000 35651.000000 2870.000000
807978 48.388611 7.826219 3412.000000 36541.000000 39521.000000 1375.000000 814.000000 113.000000 1110.000000 33129.000000 2980.000000
812835 48.296024 6.943344 3115.000000 38766.000000 41637.000000 1013.000000 1094.000000 20.000000 988.000000 35651.000000 2871.000000
808978 48.430279 7.712415 3350.000000 36479.000000 39404.000000 1347.000000 682.000000 114.000000 1207.000000 33129.000000 2925.000000
813835 46.753247 6.887810 3287.000000 38940.000000 41813.000000 1398.000000 883.000000 7.000000 999.000000 35653.000000 2873.000000
809978 48.048193 7.599665 3334.000000 36466.000000 39357.000000 1425.000000 635.000000 100.000000 1174.000000 33132.000000 2891.000000
814835 45.296717 6.835612 3471.000000 39121.000000 41986.000000 1780.000000 654.000000 5.000000 1032.000000 35650.000000 2865.000000
810978 46.664544 7.436821 3436.000000 36567.000000 39412.000000 1727.000000 589.000000 86.000000 1034.000000 33131.000000 2845.000000
815835 44.229589 6.834891 3646.000000 39296.000000 42166.000000 2139.000000 445.000000 12.000000 1050.000000 35650.000000 2870.000000
811978 44.891544 7.230197 3577.000000 36716.000000 39501.000000 2114.000000 511.000000 71.000000 881.000000 33139.000000 2785.000000
816835 43.070713 6.805083 3822.000000 39469.000000 42336.000000 2492.000000 252.000000 14.000000 1064.000000 35647.000000 2867.000000
812978 42.506105 7.016704 3826.000000 36965.000000 39691.000000 2681.000000 468.000000 59.000000 618.000000 33139.000000 2726.000000
817835 42.089161 6.797167 4001.000000 39640.000000 42503.000000 2836.000000 123.000000 26.000000 1016.000000 35639.000000 2863.000000
813978 41.290906 6.883548 3944.000000 37089.000000 39776.000000 2974.000000 431.000000 51.000000 488.000000 33145.000000 2687.000000
818835 41.017624 6.762742 4176.000000 39815.000000 42675.000000 3201.000000 90.000000 26.000000 859.000000 35639.000000 2860.000000
814978 41.007086 6.836232 3973.000000 37128.000000 39788.000000 3080.000000 384.000000 60.000000 449.000000 33155.000000 2660.000000
819835 40.435869 6.799085 4356.000000 39996.000000 42844.000000 3542.000000 93.000000 65.000000 656.000000 35640.000000 2848.000000
815978 40.380581 6.766426 4008.000000 37163.000000 39829.000000 3208.000000 352.000000 29.000000 419.000000 33155.000000 2666.000000
820835 39.978228 6.835101 4487.000000 40122.000000 42984.000000 3823.000000 136.000000 76.000000 452.000000 35635.000000 2862.000000
816978 40.002969 6.756418 4095.000000 37246.000000 39888.000000 3359.000000 325.000000 53.000000 358.000000 33151.000000 2642.000000
821835 39.161403 6.765259 4605.000000 40237.000000 43073.000000 4091.000000 184.000000 78.000000 252.000000 35632.000000 2836.000000
817978 39.751553 6.733636 4113.000000 37270.000000 39919.000000 3420.000000 299.000000 39.000000 355.000000 33157.000000 2649.000000
822835 38.968712 6.736148 4660.000000 40294.000000 43081.000000 4192.000000 249.000000 115.000000 104.000000 35634.000000 2787.000000
818978 40.170940 6.823529 4128.000000 37292.000000 39950.000000 3436.000000 301.000000 68.000000 323.000000 33164.000000 2658.000000
823835 39.020386 6.641207 4582.000000 40217.000000 42944.000000 4076.000000 337.000000 125.000000 44.000000 35635.000000 2727.000000
819978 40.429286 6.880677 4143.000000 37308.000000 39967.000000 3407.000000 359.000000 91.000000 286.000000 33165.000000 2659.000000
824835 40.796510 6.781921 4418.000000 40058.000000 42746.000000 3706.000000 465.000000 211.000000 36.000000 35640.000000 2688.000000
820978 41.775687 7.110689 4119.000000 37284.000000 39968.000000 3258.000000 442.000000 158.000000 261.000000 33165.000000 2684.000000
825835 41.884206 6.758283 4182.000000 39821.000000 42496.000000 3328.000000 614.000000 197.000000 43.000000 35639.000000 2675.000000
821978 43.990562 7.467020 4038.000000 37206.000000 39949.000000 2942.000000 616.000000 240.000000 240.000000 33168.000000 2743.000000
826835 42.393787 6.596531 3976.000000 39613.000000 42204.000000 2963.000000 757.000000 193.000000 63.000000 35637.000000 2591.000000
822978 46.135588 7.791167 3911.000000 37087.000000 39917.000000 2543.000000 888.000000 280.000000 200.000000 33176.000000 2830.000000
827835 42.922955 6.443612 3777.000000 39415.000000 41933.000000 2600.000000 899.000000 184.000000 94.000000 35638.000000 2518.000000
823978 49.009307 8.194870 3743.000000 36923.000000 39842.000000 1976.000000 1228.000000 346.000000 193.000000 33180.000000 2919.000000
828835 44.471906 6.471336 3587.000000 39225.000000 41707.000000 2204.000000 1024.000000 217.000000 142.000000 35638.000000 2482.000000
824978 48.040860 7.928839 3593.000000 36775.000000 39741.000000 1656.000000 1558.000000 185.000000 194.000000 33182.000000 2966.000000
829835 46.699558 6.611909 3387.000000 39025.000000 41516.000000 1825.000000 1131.000000 254.000000 177.000000 35638.000000 2491.000000
825978 48.023219 7.737027 3423.000000 36612.000000 39563.000000 1505.000000 1622.000000 110.000000 186.000000 33189.000000 2951.000000
830835 48.386531 6.674085 3173.000000 38810.000000 41339.000000 1423.000000 1282.000000 230.000000 238.000000 35637.000000 2529.000000
826978 48.296368 7.623614 3322.000000 36517.000000 39417.000000 1385.000000 1614.000000 105.000000 218.000000 33195.000000 2900.000000
831835 50.351035 6.790483 2974.000000 38609.000000 41190.000000 1036.000000 1396.000000 216.000000 326.000000 35635.000000 2581.000000
827978 49.266282 7.610994 3226.000000 36420.000000 39259.000000 1186.000000 1600.000000 149.000000 291.000000 33194.000000 2839.000000
832835 51.849817 6.889084 2834.000000 38468.000000 41094.000000 707.000000 1483.000000 205.000000 439.000000 35634.000000 2626.000000
828978 48.989899 7.436179 3102.000000 36295.000000 39133.000000 1115.000000 1485.000000 72.000000 430.000000 33193.000000 2838.000000
833835 52.137701 6.863199 2738.000000 38380.000000 41045.000000 492.000000 1540.000000 152.000000 554.000000 35642.000000 2665.000000
829978 49.012876 7.317136 3052.000000 36245.000000 39018.000000 1057.000000 1261.000000 82.000000 652.000000 33193.000000 2773.000000
834835 51.423817 6.774995 2702.000000 38342.000000 41048.000000 463.000000 1496.000000 75.000000 668.000000 35640.000000 2706.000000
830978 48.965638 7.180502 2984.000000 36177.000000 38897.000000 983.000000 984.000000 73.000000 944.000000 33193.000000 2720.000000
835835 50.709155 6.703353 2692.000000 38332.000000 41069.000000 556.000000 1353.000000 16.000000 767.000000 35640.000000 2737.000000
831978 48.424426 7.008503 2964.000000 36157.000000 38810.000000 999.000000 606.000000 67.000000 1292.000000 33193.000000 2653.000000
836835 49.535942 6.617397 2787.000000 38426.000000 41134.000000 767.000000 1170.000000 14.000000 836.000000 35639.000000 2708.000000
832978 47.574560 6.831785 2976.000000 36170.000000 38760.000000 1091.000000 437.000000 58.000000 1390.000000 33194.000000 2590.000000
837835 48.339286 6.563697 2900.000000 38542.000000 41242.000000 1022.000000 969.000000 7.000000 902.000000 35642.000000 2700.000000
833978 46.591720 6.729035 3063.000000 36261.000000 38802.000000 1311.000000 404.000000 70.000000 1278.000000 33198.000000 2541.000000
838835 47.079398 6.506502 3030.000000 38686.000000 41374.000000 1314.000000 751.000000 4.000000 961.000000 35656.000000 2688.000000
834978 44.203532 6.495876 3230.000000 36428.000000 38917.000000 1731.000000 375.000000 39.000000 1085.000000 33198.000000 2489.000000
839835 45.672913 6.456818 3196.000000 38848.000000 41522.000000 1644.000000 509.000000 7.000000 1036.000000 35652.000000 2674.000000
835978 41.818489 6.335455 3488.000000 36689.000000 39129.000000 2289.000000 296.000000 39.000000 864.000000 33201.000000 2440.000000
840835 44.584299 6.458578 3362.000000 39005.000000 41681.000000 1967.000000 281.000000 16.000000 1098.000000 35643.000000 2676.000000
836978 38.890675 6.136635 3835.000000 37034.000000 39419.000000 3015.000000 286.000000 34.000000 500.000000 33199.000000 2385.000000
841835 43.473344 6.433028 3517.000000 39158.000000 41831.000000 2291.000000 121.000000 18.000000 1087.000000 35641.000000 2673.000000
837978 37.643905 6.036009 3995.000000 37200.000000 39546.000000 3363.000000 262.000000 41.000000 329.000000 33205.000000 2346.000000
842835 42.369951 6.418742 3689.000000 39328.000000 42002.000000 2643.000000 72.000000 22.000000 952.000000 35639.000000 2674.000000
838978 37.048098 5.958189 4032.000000 37229.000000 39559.000000 3467.000000 233.000000 27.000000 305.000000 33197.000000 2330.000000
843835 41.088957 6.354515 3876.000000 39515.000000 42159.000000 3014.000000 80.000000 35.000000 747.000000 35639.000000 2644.000000
839978 37.011458 5.959813 4060.000000 37254.000000 39565.000000 3516.000000 224.000000 47.000000 273.000000 33194.000000 2311.000000
844835 39.562416 6.239807 4069.000000 39705.000000 42309.000000 3412.000000 108.000000 36.000000 513.000000 35636.000000 2604.000000
840978 36.878109 5.987026 4113.000000 37300.000000 39619.000000 3622.000000 234.000000 53.000000 204.000000 33187.000000 2319.000000
845835 38.796772 6.228211 4234.000000 39871.000000 42452.000000 3744.000000 141.000000 63.000000 286.000000 35637.000000 2581.000000
841978 36.695246 5.943244 4097.000000 37290.000000 39608.000000 3623.000000 236.000000 36.000000 202.000000 33193.000000 2318.000000
846835 38.220351 6.191652 4329.000000 39965.000000 42525.000000 3970.000000 179.000000 73.000000 107.000000 35636.000000 2560.000000
842978 37.431822 6.064585 4092.000000 37282.000000 39607.000000 3565.000000 260.000000 77.000000 190.000000 33190.000000 2325.000000
847835 38.748901 6.229392 4315.000000 39949.000000 42460.000000 3888.000000 254.000000 134.000000 39.000000 35634.000000 2511.000000
843978 38.208581 6.164418 4051.000000 37247.000000 39582.000000 3448.000000 329.000000 105.000000 169.000000 33196.000000 2335.000000
848835 39.817174 6.280285 4184.000000 39818.000000 42307.000000 3655.000000 332.000000 168.000000 29.000000 35634.000000 2489.000000
844978 39.974700 6.396437 3990.000000 37188.000000 39522.000000 3198.000000 444.000000 194.000000 154.000000 33198.000000 2334.000000
849835 40.273462 6.161453 4005.000000 39637.000000 42068.000000 3382.000000 422.000000 161.000000 40.000000 35632.000000 2431.000000
845978 42.577121 6.722135 3845.000000 37043.000000 39422.000000 2742.000000 679.000000 271.000000 153.000000 33198.000000 2379.000000
850835 41.816143 6.235224 3812.000000 39443.000000 41875.000000 3046.000000 538.000000 179.000000 49.000000 35631.000000 2432.000000
846978 45.106383 7.011295 3676.000000 36874.000000 39308.000000 2201.000000 1013.000000 322.000000 140.000000 33198.000000 2434.000000
851835 43.078956 6.256447 3615.000000 39246.000000 41685.000000 2728.000000 648.000000 169.000000 70.000000 35631.000000 2439.000000
847978 47.729566 7.249968 3505.000000 36704.000000 39145.000000 1506.000000 1460.000000 397.000000 142.000000 33199.000000 2441.000000
852835 44.663017 6.295359 3436.000000 39065.000000 41475.000000 2375.000000 757.000000 201.000000 103.000000 35629.000000 2410.000000
848978 46.056946 6.844994 3318.000000 36515.000000 38992.000000 1124.000000 1845.000000 192.000000 157.000000 33197.000000 2477.000000
853835 46.463221 6.378187 3239.000000 38867.000000 41297.000000 2016.000000 886.000000 204.000000 133.000000 35628.000000 2430.000000
849978 45.992908 6.679198 3139.000000 36336.000000 38837.000000 993.000000 1881.000000 93.000000 172.000000 33197.000000 2501.000000
854835 48.414299 6.428137 3057.000000 38687.000000 41085.000000 1593.000000 1047.000000 243.000000 174.000000 35630.000000 2398.000000
850978 46.019946 6.556107 3057.000000 36254.000000 38712.000000 885.000000 1869.000000 80.000000 223.000000 33197.000000 2458.000000
855835 50.123551 6.449010 2873.000000 38502.000000 40890.000000 1166.000000 1209.000000 249.000000 249.000000 35629.000000 2388.000000
851978 46.691312 6.542855 2987.000000 36184.000000 38607.000000 758.000000 1817.000000 103.000000 309.000000 33197.000000 2423.000000
856835 51.700547 6.491435 2699.000000 38329.000000 40746.000000 758.000000 1392.000000 228.000000 321.000000 35630.000000 2417.000000
852978 45.946963 6.343477 2911.000000 36106.000000 38512.000000 739.000000 1661.000000 37.000000 474.000000 33195.000000 2406.000000
857835 52.354350 6.456375 2581.000000 38211.000000 40642.000000 463.000000 1542.000000 193.000000 383.000000 35630.000000 2431.000000
853978 45.698515 6.244636 2902.000000 36097.000000 38449.000000 731.000000 1356.000000 49.000000 766.000000 33195.000000 2352.000000
858835 51.077543 6.247383 2509.000000 38137.000000 40593.000000 369.000000 1578.000000 80.000000 482.000000 35628.000000 2456.000000
854978 45.351299 6.137015 2882.000000 36077.000000 38390.000000 737.000000 970.000000 43.000000 1132.000000 33195.000000 2313.000000
859835 50.040437 6.099815 2482.000000 38111.000000 40575.000000 440.000000 1463.000000 11.000000 568.000000 35629.000000 2464.000000
855978 44.701349 6.045130 2909.000000 36097.000000 38378.000000 818.000000 528.000000 39.000000 1524.000000 33188.000000 2281.000000
860835 49.070558 6.042036 2557.000000 38186.000000 40632.000000 604.000000 1310.000000 9.000000 634.000000 35629.000000 2446.000000
856978 43.426600 5.899966 2974.000000 36163.000000 38407.000000 997.000000 323.000000 22.000000 1632.000000 33189.000000 2244.000000
861835 48.219555 6.020634 2640.000000 38267.000000 40710.000000 778.000000 1120.000000 8.000000 734.000000 35627.000000 2443.000000
857978 42.079488 5.802447 3128.000000 36320.000000 38501.000000 1300.000000 270.000000 53.000000 1505.000000 33192.000000 2181.000000
862835 47.302263 5.995833 2729.000000 38353.000000 40795.000000 968.000000 881.000000 4.000000 876.000000 35624.000000 2442.000000
858978 39.397221 5.636166 3391.000000 36582.000000 38732.000000 1891.000000 243.000000 33.000000 1224.000000 33191.000000 2150.000000
863835 46.207679 5.970915 2849.000000 38477.000000 40915.000000 1222.000000 617.000000 5.000000 1005.000000 35628.000000 2438.000000
859978 37.130152 5.560109 3715.000000 36914.000000 39046.000000 2587.000000 197.000000 39.000000 892.000000 33199.000000 2132.000000
864835 45.226686 5.978512 2986.000000 38607.000000 41047.000000 1489.000000 348.000000 14.000000 1135.000000 35621.000000 2440.000000
860978 34.515557 5.430564 4085.000000 37307.000000 39425.000000 3416.000000 183.000000 23.000000 463.000000 33222.000000 2118.000000
865835 44.012246 5.935929 3122.000000 38742.000000 41173.000000 1769.000000 134.000000 13.000000 1206.000000 35620.000000 2431.000000
861978 33.202265 5.331751 4270.000000 37505.000000 39593.000000 3819.000000 173.000000 23.000000 255.000000 33235.000000 2088.000000
866835 42.729659 5.907969 3289.000000 38908.000000 41334.000000 2114.000000 59.000000 16.000000 1100.000000 35619.000000 2426.000000
862978 33.149693 5.317913 4285.000000 37534.000000 39602.000000 3869.000000 165.000000 38.000000 213.000000 33249.000000 2068.000000
867835 41.200270 5.882495 3511.000000 39126.000000 41547.000000 2561.000000 62.000000 23.000000 865.000000 35615.000000 2421.000000
863978 33.322859 5.354303 4292.000000 37540.000000 39613.000000 3900.000000 162.000000 48.000000 182.000000 33248.000000 2073.000000
868835 39.928175 5.859244 3721.000000 39341.000000 41746.000000 2992.000000 77.000000 41.000000 611.000000 35620.000000 2405.000000
864978 33.113519 5.323204 4302.000000 37552.000000 39619.000000 3936.000000 186.000000 42.000000 138.000000 33250.000000 2067.000000
869835 38.431062 5.782759 3924.000000 39549.000000 41935.000000 3442.000000 99.000000 39.000000 344.000000 35625.000000 2386.000000
865978 33.186398 5.323098 4305.000000 37554.000000 39601.000000 3924.000000 196.000000 61.000000 124.000000 33249.000000 2047.000000
870835 37.505831 5.735074 4076.000000 39702.000000 42057.000000 3766.000000 126.000000 57.000000 127.000000 35626.000000 2355.000000
866978 33.607465 5.369959 4276.000000 37525.000000 39572.000000 3843.000000 240.000000 78.000000 115.000000 33249.000000 2047.000000
871835 38.032328 5.818018 4094.000000 39719.000000 42059.000000 3780.000000 174.000000 107.000000 33.000000 35625.000000 2340.000000
867978 34.725100 5.513106 4229.000000 37478.000000 39524.000000 3656.000000 329.000000 133.000000 111.000000 33249.000000 2046.000000
872835 38.069535 5.719465 3989.000000 39617.000000 41927.000000 3630.000000 242.000000 88.000000 29.000000 35628.000000 2310.000000
868978 36.823396 5.778691 4128.000000 37377.000000 39438.000000 3313.000000 488.000000 218.000000 109.000000 33249.000000 2061.000000
873835 38.449006 5.650529 3895.000000 39523.000000 41766.000000 3450.000000 299.000000 117.000000 29.000000 35628.000000 2243.000000
869978 40.400861 6.208002 3957.000000 37208.000000 39288.000000 2732.000000 753.000000 359.000000 113.000000 33251.000000 2080.000000
874835 39.005059 5.565448 3766.000000 39396.000000 41560.000000 3178.000000 397.000000 149.000000 42.000000 35630.000000 2164.000000
870978 43.774485 6.569530 3724.000000 36973.000000 39120.000000 2025.000000 1169.000000 423.000000 107.000000 33249.000000 2147.000000
875835 40.218712 5.597971 3619.000000 39248.000000 41390.000000 2886.000000 504.000000 175.000000 54.000000 35629.000000 2142.000000
871978 47.564821 6.969401 3447.000000 36695.000000 38956.000000 1253.000000 1617.000000 454.000000 123.000000 33248.000000 2261.000000
876835 40.932735 5.538432 3452.000000 39080.000000 41203.000000 2612.000000 610.000000 159.000000 71.000000 35628.000000 2123.000000
872978 46.494864 6.649999 3195.000000 36443.000000 38797.000000 803.000000 2033.000000 226.000000 133.000000 33248.000000 2354.000000
877835 42.663195 5.594303 3290.000000 38919.000000 41006.000000 2256.000000 740.000000 207.000000 87.000000 35629.000000 2087.000000
873978 45.830231 6.374935 2975.000000 36223.000000 38620.000000 697.000000 2051.000000 65.000000 162.000000 33248.000000 2397.000000
878835 45.917776 5.829311 3086.000000 38716.000000 40811.000000 1773.000000 903.000000 284.000000 126.000000 35630.000000 2095.000000
874978 45.890411 6.263959 2905.000000 36155.000000 38506.000000 622.000000 2003.000000 61.000000 219.000000 33250.000000 2351.000000
879835 48.392893 5.964567 2843.000000 38474.000000 40640.000000 1311.000000 1102.000000 258.000000 172.000000 35631.000000 2166.000000
875978 46.372057 6.252602 2845.000000 36095.000000 38432.000000 543.000000 1895.000000 66.000000 341.000000 33250.000000 2337.000000
880835 51.277297 6.148108 2649.000000 38279.000000 40484.000000 834.000000 1307.000000 284.000000 224.000000 35630.000000 2205.000000
876978 46.311475 6.183874 2798.000000 36048.000000 38374.000000 526.000000 1683.000000 47.000000 542.000000 33250.000000 2326.000000
881835 51.965158 6.063611 2478.000000 38110.000000 40339.000000 434.000000 1549.000000 217.000000 278.000000 35632.000000 2229.000000
877978 46.273048 6.151559 2781.000000 36031.000000 38348.000000 530.000000 1334.000000 42.000000 875.000000 33250.000000 2317.000000
882835 50.703007 5.823024 2363.000000 37994.000000 40254.000000 270.000000 1630.000000 84.000000 379.000000 35631.000000 2260.000000
878978 45.894861 6.081081 2777.000000 36030.000000 38332.000000 574.000000 875.000000 29.000000 1299.000000 33253.000000 2302.000000
883835 50.119435 5.736442 2310.000000 37939.000000 40234.000000 320.000000 1513.000000 13.000000 464.000000 35629.000000 2295.000000
879978 45.161290 6.020799 2825.000000 36077.000000 38367.000000 705.000000 398.000000 20.000000 1702.000000 33252.000000 2290.000000
884835 49.234749 5.673125 2361.000000 37982.000000 40260.000000 432.000000 1391.000000 6.000000 532.000000 35621.000000 2278.000000
880978 43.933859 5.942319 2936.000000 36188.000000 38453.000000 948.000000 195.000000 20.000000 1773.000000 33252.000000 2265.000000
885835 48.422847 5.636039 2423.000000 38043.000000 40312.000000 570.000000 1199.000000 3.000000 651.000000 35620.000000 2269.000000
881978 42.123795 5.882201 3147.000000 36393.000000 38642.000000 1372.000000 157.000000 24.000000 1594.000000 33246.000000 2249.000000
886835 47.732045 5.629164 2498.000000 38115.000000 40379.000000 714.000000 967.000000 9.000000 808.000000 35617.000000 2264.000000
882978 39.587010 5.762808 3444.000000 36700.000000 38922.000000 2029.000000 144.000000 21.000000 1250.000000 33256.000000 2222.000000
887835 46.569732 5.615785 2620.000000 38230.000000 40493.000000 954.000000 697.000000 11.000000 958.000000 35610.000000 2263.000000
883978 36.691604 5.617920 3832.000000 37102.000000 39285.000000 2859.000000 124.000000 24.000000 825.000000 33270.000000 2183.000000
888835 45.531062 5.595783 2727.000000 38339.000000 40602.000000 1183.000000 390.000000 9.000000 1145.000000 35612.000000 2263.000000
884978 34.255185 5.495337 4206.000000 37512.000000 39670.000000 3688.000000 116.000000 22.000000 380.000000 33306.000000 2158.000000
889835 44.365921 5.551871 2838.000000 38451.000000 40707.000000 1427.000000 125.000000 4.000000 1282.000000 35613.000000 2256.000000
885978 33.256458 5.430035 4362.000000 37692.000000 39834.000000 4062.000000 114.000000 21.000000 165.000000 33330.000000 2142.000000
890835 43.126070 5.549982 3017.000000 38623.000000 40865.000000 1766.000000 41.000000 26.000000 1184.000000 35606.000000 2242.000000
886978 33.144433 5.429002 4396.000000 37727.000000 39860.000000 4132.000000 117.000000 31.000000 116.000000 33331.000000 2133.000000
891835 41.383095 5.507536 3221.000000 38826.000000 41071.000000 2208.000000 40.000000 17.000000 956.000000 35605.000000 2245.000000
887978 33.297497 5.441084 4379.000000 37713.000000 39845.000000 4112.000000 130.000000 36.000000 101.000000 33334.000000 2132.000000
892835 39.612335 5.445736 3453.000000 39058.000000 41280.000000 2679.000000 46.000000 26.000000 702.000000 35605.000000 2222.000000
888978 33.276897 5.427388 4367.000000 37705.000000 39835.000000 4108.000000 151.000000 32.000000 76.000000 33338.000000 2130.000000
893835 37.757863 5.377742 3707.000000 39316.000000 41523.000000 3225.000000 60.000000 26.000000 396.000000 35609.000000 2207.000000
889978 33.693972 5.476011 4352.000000 37692.000000 39810.000000 4048.000000 173.000000 62.000000 69.000000 33340.000000 2118.000000
894835 36.405379 5.323103 3919.000000 39526.000000 41705.000000 3654.000000 86.000000 41.000000 138.000000 35607.000000 2179.000000
890978 34.163037 5.521889 4318.000000 37659.000000 39769.000000 3920.000000 242.000000 86.000000 70.000000 33341.000000 2110.000000
895835 36.333879 5.321316 3964.000000 39573.000000 41719.000000 3734.000000 126.000000 74.000000 30.000000 35609.000000 2146.000000
891978 35.491493 5.676493 4242.000000 37584.000000 39690.000000 3674.000000 348.000000 147.000000 73.000000 33342.000000 2106.000000
896835 36.368167 5.258227 3902.000000 39513.000000 41630.000000 3626.000000 186.000000 72.000000 18.000000 35611.000000 2117.000000
892978 38.112844 5.992973 4125.000000 37467.000000 39563.000000 3242.000000 525.000000 275.000000 83.000000 33342.000000 2096.000000
897835 36.935266 5.273926 3830.000000 39442.000000 41544.000000 3484.000000 242.000000 89.000000 15.000000 35612.000000 2102.000000
893978 41.809775 6.426559 3903.000000 37246.000000 39399.000000 2582.000000 859.000000 379.000000 83.000000 33343.000000 2153.000000
898835 38.139535 5.345760 3730.000000 39341.000000 41416.000000 3241.000000 328.000000 139.000000 22.000000 35611.000000 2075.000000
894978 45.890646 6.815628 3613.000000 36957.000000 39160.000000 1747.000000 1316.000000 466.000000 84.000000 33344.000000 2203.000000
899835 38.721671 5.300405 3590.000000 39203.000000 41261.000000 3009.000000 418.000000 129.000000 34.000000 35613.000000 2058.000000
895978 48.801002 7.004881 3314.000000 36656.000000 38930.000000 937.000000 1831.000000 453.000000 93.000000 33342.000000 2274.000000
900835 39.591688 5.284800 3471.000000 39084.000000 41099.000000 2750.000000 519.000000 157.000000 45.000000 35613.000000 2015.000000
896978 46.840634 6.492533 3053.000000 36394.000000 38706.000000 496.000000 2235.000000 201.000000 121.000000 33341.000000 2312.000000
901835 41.334586 5.372194 3322.000000 38935.000000 40933.000000 2416.000000 647.000000 201.000000 58.000000 35613.000000 1998.000000
897978 45.946992 6.167069 2866.000000 36208.000000 38511.000000 400.000000 2234.000000 72.000000 160.000000 33342.000000 2303.000000
902835 43.619308 5.479990 3130.000000 38743.000000 40730.000000 1952.000000 851.000000 245.000000 82.000000 35613.000000 1987.000000
898978 45.382794 5.988024 2798.000000 36140.000000 38410.000000 375.000000 2147.000000 30.000000 246.000000 33342.000000 2270.000000
903835 46.317078 5.603001 2908.000000 38521.000000 40514.000000 1446.000000 1048.000000 277.000000 137.000000 35613.000000 1993.000000
899978 45.009038 5.847511 2770.000000 36115.000000 38324.000000 335.000000 2022.000000 32.000000 381.000000 33345.000000 2209.000000
904835 49.266114 5.745045 2695.000000 38307.000000 40313.000000 904.000000 1301.000000 310.000000 180.000000 35612.000000 2006.000000
900978 44.574899 5.751750 2760.000000 36104.000000 38284.000000 348.000000 1787.000000 22.000000 603.000000 33344.000000 2180.000000
905835 51.487112 5.820528 2471.000000 38083.000000 40151.000000 415.000000 1552.000000 269.000000 235.000000 35612.000000 2068.000000
901978 43.962533 5.643707 2769.000000 36113.000000 38255.000000 387.000000 1372.000000 17.000000 993.000000 33344.000000 2142.000000
906835 49.637845 5.478254 2337.000000 37950.000000 40031.000000 195.000000 1704.000000 112.000000 326.000000 35613.000000 2081.000000
902978 43.186880 5.572100 2818.000000 36159.000000 38280.000000 500.000000 840.000000 12.000000 1466.000000 33341.000000 2121.000000
907835 48.907292 5.319655 2242.000000 37860.000000 39965.000000 198.000000 1624.000000 21.000000 399.000000 35618.000000 2105.000000
903978 42.170357 5.512242 2914.000000 36252.000000 38351.000000 696.000000 325.000000 15.000000 1878.000000 33338.000000 2099.000000
908835 47.920018 5.216543 2272.000000 37890.000000 39969.000000 290.000000 1496.000000 6.000000 480.000000 35618.000000 2079.000000
904978 40.817121 5.453175 3052.000000 36385.000000 38473.000000 990.000000 131.000000 10.000000 1921.000000 33333.000000 2088.000000
909835 47.205816 5.193182 2327.000000 37939.000000 40014.000000 402.000000 1334.000000 3.000000 588.000000 35612.000000 2075.000000
905978 38.919020 5.380180 3281.000000 36613.000000 38679.000000 1456.000000 100.000000 15.000000 1710.000000 33332.000000 2066.000000
910835 46.274334 5.160067 2401.000000 38009.000000 40077.000000 554.000000 1087.000000 0.000000 760.000000 35608.000000 2068.000000
906978 36.491228 5.328278 3639.000000 36976.000000 39037.000000 2211.000000 93.000000 19.000000 1316.000000 33337.000000 2061.000000
911835 45.079991 5.120992 2507.000000 38112.000000 40168.000000 766.000000 807.000000 1.000000 933.000000 35605.000000 2056.000000
907978 33.585526 5.175254 4053.000000 37430.000000 39457.000000 3149.000000 77.000000 15.000000 812.000000 33377.000000 2027.000000
912835 44.093643 5.099354 2608.000000 38212.000000 40260.000000 965.000000 451.000000 5.000000 1187.000000 35604.000000 2048.000000
908978 31.164225 5.066687 4486.000000 37889.000000 39888.000000 4074.000000 70.000000 22.000000 320.000000 33403.000000 1999.000000
913835 42.890052 5.072320 2731.000000 38332.000000 40376.000000 1217.000000 151.000000 4.000000 1359.000000 35601.000000 2044.000000
909978 30.336058 5.005620 4616.000000 38045.000000 40035.000000 4406.000000 72.000000 14.000000 124.000000 33429.000000 1990.000000
914835 41.311409 5.021963 2897.000000 38493.000000 40522.000000 1538.000000 49.000000 6.000000 1304.000000 35596.000000 2029.000000
910978 30.153939 4.988141 4646.000000 38075.000000 40055.000000 4478.000000 74.000000 18.000000 76.000000 33429.000000 1980.000000
915835 39.485981 4.978886 3118.000000 38714.000000 40732.000000 1988.000000 40.000000 10.000000 1080.000000 35596.000000 2018.000000
911978 30.245232 4.990509 4636.000000 38066.000000 40036.000000 4458.000000 86.000000 28.000000 64.000000 33430.000000 1970.000000
916835 37.586015 4.931794 3372.000000 38974.000000 40979.000000 2510.000000 41.000000 16.000000 805.000000 35602.000000 2005.000000
912978 30.486880 5.022112 4629.000000 38059.000000 40023.000000 4422.000000 112.000000 46.000000 49.000000 33430.000000 1964.000000
917835 35.350150 4.855239 3685.000000 39291.000000 41275.000000 3160.000000 48.000000 20.000000 457.000000 35606.000000 1984.000000
913978 31.186234 5.120512 4598.000000 38027.000000 39996.000000 4318.000000 158.000000 79.000000 43.000000 33429.000000 1969.000000
918835 33.940116 4.807461 3917.000000 39537.000000 41498.000000 3655.000000 65.000000 34.000000 163.000000 35620.000000 1961.000000
914978 32.331288 5.276332 4536.000000 37968.000000 39952.000000 4130.000000 239.000000 124.000000 43.000000 33432.000000 1984.000000
919835 33.636058 4.811741 4005.000000 39624.000000 41565.000000 3807.000000 102.000000 59.000000 37.000000 35619.000000 1941.000000
915978 33.742046 5.452038 4427.000000 37859.000000 39875.000000 3836.000000 387.000000 158.000000 46.000000 33432.000000 2016.000000
920835 33.752336 4.787144 3953.000000 39573.000000 41507.000000 3736.000000 141.000000 53.000000 23.000000 35620.000000 1934.000000
916978 36.105830 5.734055 4317.000000 37750.000000 39745.000000 3368.000000 612.000000 284.000000 53.000000 33433.000000 1995.000000
921835 34.101858 4.783627 3912.000000 39533.000000 41433.000000 3613.000000 204.000000 82.000000 13.000000 35621.000000 1900.000000
917978 39.861865 6.134535 4076.000000 37509.000000 39514.000000 2600.000000 1002.000000 419.000000 55.000000 33433.000000 2005.000000
922835 34.950946 4.827119 3819.000000 39440.000000 41329.000000 3411.000000 281.000000 106.000000 21.000000 35621.000000 1889.000000
918978 43.298969 6.420055 3774.000000 37206.000000 39252.000000 1733.000000 1514.000000 474.000000 53.000000 33432.000000 2046.000000
923835 35.559534 4.819686 3701.000000 39322.000000 41206.000000 3193.000000 376.000000 102.000000 30.000000 35621.000000 1884.000000
919978 47.865088 6.839623 3416.000000 36850.000000 39008.000000 775.000000 2060.000000 510.000000 71.000000 33434.000000 2158.000000
924835 36.393623 4.834822 3616.000000 39236.000000 41077.000000 2960.000000 473.000000 145.000000 38.000000 35620.000000 1841.000000
920978 44.811409 6.160514 3128.000000 36562.000000 38763.000000 366.000000 2473.000000 187.000000 102.000000 33434.000000 2201.000000
925835 38.402256 4.990230 3467.000000 39087.000000 40940.000000 2635.000000 600.000000 190.000000 42.000000 35620.000000 1853.000000
921978 44.110810 5.899575 2942.000000 36376.000000 38596.000000 266.000000 2454.000000 57.000000 165.000000 33434.000000 2220.000000
926835 40.356025 5.064814 3303.000000 38923.000000 40732.000000 2185.000000 803.000000 254.000000 61.000000 35620.000000 1809.000000
922978 43.320158 5.694542 2892.000000 36325.000000 38493.000000 247.000000 2343.000000 24.000000 278.000000 33433.000000 2168.000000
927835 43.894523 5.336621 3067.000000 38687.000000 40550.000000 1650.000000 1013.000000 301.000000 103.000000 35620.000000 1863.000000
923978 43.233008 5.641092 2869.000000 36302.000000 38450.000000 214.000000 2168.000000 21.000000 466.000000 33433.000000 2148.000000
928835 48.365874 5.650880 2815.000000 38433.000000 40330.000000 989.000000 1299.000000 382.000000 145.000000 35618.000000 1897.000000
924978 42.936951 5.598044 2883.000000 36313.000000 38442.000000 257.000000 1876.000000 23.000000 727.000000 33430.000000 2129.000000
929835 49.568870 5.585312 2554.000000 38172.000000 40141.000000 461.000000 1623.000000 273.000000 197.000000 35618.000000 1969.000000
925978 42.553614 5.571299 2903.000000 36332.000000 38465.000000 327.000000 1398.000000 10.000000 1168.000000 33429.000000 2133.000000
930835 48.572734 5.317899 2400.000000 38018.000000 39997.000000 191.000000 1772.000000 148.000000 289.000000 35618.000000 1979.000000
926978 41.687929 5.514019 2974.000000 36399.000000 38520.000000 473.000000 865.000000 3.000000 1633.000000 33425.000000 2121.000000
931835 47.845330 5.146451 2261.000000 37879.000000 39911.000000 171.000000 1687.000000 22.000000 381.000000 35618.000000 2032.000000
927978 40.854602 5.473526 3065.000000 36497.000000 38604.000000 670.000000 270.000000 6.000000 2119.000000 33432.000000 2107.000000
932835 47.138204 5.075786 2284.000000 37901.000000 39915.000000 247.000000 1582.000000 12.000000 443.000000 35617.000000 2014.000000
928978 39.248317 5.412444 3255.000000 36688.000000 38781.000000 1065.000000 111.000000 6.000000 2073.000000 33433.000000 2093.000000
933835 46.521840 5.039429 2316.000000 37934.000000 39945.000000 340.000000 1395.000000 2.000000 579.000000 35618.000000 2011.000000
929978 37.172868 5.347813 3540.000000 36967.000000 39044.000000 1643.000000 65.000000 11.000000 1821.000000 33427.000000 2077.000000
934835 45.867580 5.022374 2373.000000 37994.000000 40001.000000 468.000000 1160.000000 2.000000 743.000000 35621.000000 2007.000000
930978 34.377604 5.230067 3951.000000 37395.000000 39445.000000 2512.000000 62.000000 13.000000 1364.000000 33444.000000 2050.000000
935835 44.823739 5.010225 2477.000000 38093.000000 40098.000000 671.000000 863.000000 4.000000 939.000000 35616.000000 2005.000000
931978 31.578947 5.083344 4404.000000 37877.000000 39895.000000 3500.000000 52.000000 10.000000 842.000000 33473.000000 2018.000000
936835 43.637155 4.989057 2595.000000 38206.000000 40208.000000 899.000000 487.000000 4.000000 1205.000000 35611.000000 2002.000000
932978 29.578084 5.003221 4825.000000 38353.000000 40354.000000 4472.000000 50.000000 18.000000 285.000000 33528.000000 2001.000000
937835 42.601661 4.964891 2697.000000 38303.000000 40303.000000 1104.000000 165.000000 1.000000 1427.000000 35606.000000 2000.000000
933978 28.635057 4.920866 4976.000000 38517.000000 40501.000000 4813.000000 53.000000 9.000000 101.000000 33541.000000 1984.000000
938835 41.184941 4.946385 2868.000000 38481.000000 40474.000000 1457.000000 41.000000 9.000000 1361.000000 35613.000000 1993.000000
934978 28.393471 4.892793 5012.000000 38557.000000 40529.000000 4894.000000 56.000000 11.000000 51.000000 33545.000000 1972.000000
939835 39.619651 4.918355 3060.000000 38676.000000 40664.000000 1867.000000 26.000000 12.000000 1155.000000 35616.000000 1988.000000
935978 28.557071 4.909656 5009.000000 38556.000000 40512.000000 4862.000000 71.000000 33.000000 43.000000 33547.000000 1956.000000
940835 37.558774 4.879062 3337.000000 38950.000000 40930.000000 2429.000000 28.000000 17.000000 863.000000 35613.000000 1980.000000
936978 29.025759 4.980493 4983.000000 38532.000000 40498.000000 4789.000000 110.000000 51.000000 33.000000 33549.000000 1966.000000
941835 35.081502 4.799535 3674.000000 39284.000000 41254.000000 3133.000000 35.000000 10.000000 496.000000 35610.000000 1970.000000
937978 29.795859 5.087134 4937.000000 38485.000000 40455.000000 4650.000000 168.000000 88.000000 31.000000 33548.000000 1970.000000
942835 33.276769 4.723935 3953.000000 39572.000000 41512.000000 3703.000000 52.000000 21.000000 177.000000 35619.000000 1940.000000
938978 30.778233 5.209984 4855.000000 38403.000000 40384.000000 4446.000000 258.000000 123.000000 28.000000 33548.000000 1981.000000
943835 33.271874 4.771864 4041.000000 39673.000000 41598.000000 3875.000000 69.000000 60.000000 37.000000 35632.000000 1925.000000
939978 32.942747 5.512534 4715.000000 38263.000000 40290.000000 4079.000000 408.000000 194.000000 34.000000 33548.000000 2027.000000
944835 33.490805 4.776112 3995.000000 39629.000000 41561.000000 3823.000000 98.000000 53.000000 21.000000 35634.000000 1932.000000
940978 36.600515 6.017734 4531.000000 38078.000000 40148.000000 3500.000000 651.000000 346.000000 34.000000 33547.000000 2070.000000
945835 34.065747 4.818464 3943.000000 39579.000000 41507.000000 3709.000000 147.000000 72.000000 15.000000 35636.000000 1928.000000
941978 40.923318 6.547813 4246.000000 37793.000000 39937.000000 2649.000000 1088.000000 471.000000 38.000000 33547.000000 2144.000000
946835 35.378500 4.941818 3868.000000 39504.000000 41422.000000 3498.000000 226.000000 129.000000 15.000000 35636.000000 1918.000000
942978 45.119555 6.947772 3867.000000 37414.000000 39653.000000 1657.000000 1647.000000 516.000000 47.000000 33547.000000 2239.000000
947835 36.121874 4.964419 3745.000000 39381.000000 41314.000000 3281.000000 323.000000 118.000000 23.000000 35636.000000 1933.000000
943978 48.458226 7.148303 3506.000000 37053.000000 39352.000000 706.000000 2216.000000 514.000000 70.000000 33547.000000 2299.000000
948835 36.945990 4.996481 3634.000000 39270.000000 41209.000000 3064.000000 425.000000 120.000000 25.000000 35636.000000 1939.000000
944978 45.955684 6.524630 3200.000000 36747.000000 39098.000000 279.000000 2603.000000 200.000000 118.000000 33547.000000 2351.000000
949835 38.888889 5.146808 3521.000000 39159.000000 41074.000000 2722.000000 574.000000 199.000000 26.000000 35638.000000 1915.000000
945978 45.061498 6.213862 3003.000000 36550.000000 38913.000000 190.000000 2578.000000 55.000000 180.000000 33547.000000 2363.000000
950835 41.281612 5.308458 3348.000000 38986.000000 40897.000000 2277.000000 769.000000 260.000000 42.000000 35638.000000 1911.000000
946978 44.499055 6.061386 2955.000000 36501.000000 38836.000000 174.000000 2470.000000 19.000000 292.000000 33546.000000 2335.000000
951835 44.464250 5.517733 3138.000000 38776.000000 40687.000000 1720.000000 1009.000000 334.000000 75.000000 35638.000000 1911.000000
947978 44.157325 5.988302 2951.000000 36497.000000 38809.000000 183.000000 2284.000000 12.000000 472.000000 33546.000000 2312.000000
952835 47.899334 5.694012 2875.000000 38513.000000 40446.000000 1033.000000 1365.000000 370.000000 107.000000 35638.000000 1933.000000
948978 43.946869 5.966612 2962.000000 36508.000000 38816.000000 218.000000 1932.000000 8.000000 804.000000 33546.000000 2308.000000
953835 49.978137 5.684870 2616.000000 38254.000000 40212.000000 428.000000 1707.000000 328.000000 153.000000 35638.000000 1958.000000
949978 43.414358 5.930502 3009.000000 36552.000000 38850.000000 321.000000 1419.000000 6.000000 1263.000000 33543.000000 2298.000000
954835 48.336728 5.332534 2423.000000 38060.000000 40056.000000 147.000000 1892.000000 140.000000 244.000000 35637.000000 1996.000000
950978 42.806494 5.896566 3068.000000 36613.000000 38904.000000 456.000000 828.000000 3.000000 1781.000000 33545.000000 2291.000000
955835 47.337828 5.097774 2288.000000 37926.000000 39939.000000 121.000000 1812.000000 23.000000 332.000000 35638.000000 2013.000000
951978 42.096597 5.898034 3175.000000 36722.000000 39013.000000 680.000000 262.000000 10.000000 2223.000000 33547.000000 2291.000000
956835 46.468662 4.978328 2298.000000 37935.000000 39913.000000 175.000000 1692.000000 9.000000 422.000000 35637.000000 1978.000000
952978 40.707339 5.872149 3358.000000 36905.000000 39202.000000 1068.000000 76.000000 5.000000 2209.000000 33547.000000 2297.000000
957835 45.939027 4.943156 2326.000000 37963.000000 39934.000000 248.000000 1506.000000 3.000000 569.000000 35637.000000 1971.000000
953978 38.364674 5.783346 3676.000000 37230.000000 39510.000000 1737.000000 52.000000 5.000000 1882.000000 33554.000000 2280.000000
958835 45.189437 4.921846 2387.000000 38017.000000 39985.000000 371.000000 1250.000000 0.000000 766.000000 35630.000000 1968.000000
954978 35.541221 5.655984 4106.000000 37690.000000 39940.000000 2682.000000 32.000000 9.000000 1383.000000 33584.000000 2250.000000
959835 44.351747 4.909645 2473.000000 38102.000000 40064.000000 540.000000 930.000000 5.000000 998.000000 35629.000000 1962.000000
955978 32.777942 5.499480 4570.000000 38210.000000 40422.000000 3725.000000 26.000000 11.000000 808.000000 33640.000000 2212.000000
960835 43.513812 4.903255 2561.000000 38193.000000 40157.000000 730.000000 521.000000 5.000000 1305.000000 35632.000000 1964.000000
956978 30.619074 5.373529 4981.000000 38676.000000 40867.000000 4673.000000 29.000000 5.000000 274.000000 33695.000000 2191.000000
961835 42.379823 4.881561 2675.000000 38310.000000 40274.000000 980.000000 149.000000 2.000000 1544.000000 35635.000000 1964.000000
957978 30.049261 5.352181 5124.000000 38846.000000 41030.000000 5011.000000 35.000000 12.000000 66.000000 33722.000000 2184.000000
962835 40.766986 4.837393 2844.000000 38481.000000 40435.000000 1326.000000 30.000000 2.000000 1486.000000 35637.000000 1954.000000
958978 30.046499 5.353966 5131.000000 38854.000000 41035.000000 5017.000000 52.000000 16.000000 46.000000 33723.000000 2181.000000
963835 38.822593 4.800079 3084.000000 38722.000000 40666.000000 1812.000000 12.000000 8.000000 1252.000000 35638.000000 1944.000000
959978 30.117518 5.370109 5137.000000 38861.000000 41042.000000 5023.000000 67.000000 23.000000 24.000000 33724.000000 2181.000000
964835 36.449125 4.731907 3385.000000 39024.000000 40956.000000 2434.000000 16.000000 6.000000 929.000000 35639.000000 1932.000000
960978 30.822012 5.476579 5115.000000 38839.000000 41011.000000 4908.000000 112.000000 74.000000 21.000000 33724.000000 2172.000000
965835 34.136831 4.663777 3732.000000 39387.000000 41297.000000 3168.000000 21.000000 16.000000 527.000000 35655.000000 1910.000000
961978 31.091160 5.495069 5058.000000 38782.000000 40964.000000 4794.000000 178.000000 69.000000 17.000000 33724.000000 2182.000000
966835 32.014812 4.570797 4048.000000 39719.000000 41612.000000 3847.000000 37.000000 9.000000 155.000000 35671.000000 1893.000000
962978 32.236842 5.635216 4985.000000 38709.000000 40868.000000 4559.000000 268.000000 144.000000 14.000000 33724.000000 2159.000000
967835 31.777259 4.573156 4132.000000 39812.000000 41678.000000 4006.000000 55.000000 40.000000 31.000000 35680.000000 1866.000000
963978 33.694877 5.796568 4870.000000 38594.000000 40731.000000 4168.000000 458.000000 224.000000 20.000000 33724.000000 2137.000000
968835 31.800638 4.550913 4107.000000 39788.000000 41640.000000 3971.000000 83.000000 43.000000 10.000000 35681.000000 1852.000000
964978 36.875367 6.190629 4679.000000 38404.000000 40529.000000 3516.000000 757.000000 384.000000 22.000000 33725.000000 2125.000000
969835 32.273342 4.587310 4063.000000 39744.000000 41593.000000 3870.000000 127.000000 59.000000 7.000000 35681.000000 1849.000000
965978 41.118774 6.665839 4352.000000 38077.000000 40250.000000 2594.000000 1216.000000 510.000000 32.000000 33725.000000 2173.000000
970835 33.299057 4.680123 4000.000000 39681.000000 41516.000000 3681.000000 203.000000 108.000000 8.000000 35681.000000 1835.000000
966978 44.734720 6.947854 3968.000000 37693.000000 39926.000000 1558.000000 1823.000000 541.000000 46.000000 33725.000000 2233.000000
971835 33.846423 4.674139 3887.000000 39568.000000 41398.000000 3492.000000 276.000000 105.000000 14.000000 35681.000000 1830.000000
967978 47.229776 7.016082 3583.000000 37308.000000 39609.000000 645.000000 2388.000000 478.000000 72.000000 33725.000000 2301.000000
972835 35.132728 4.775512 3778.000000 39459.000000 41294.000000 3243.000000 384.000000 137.000000 14.000000 35681.000000 1835.000000
968978 45.270630 6.481199 3276.000000 37001.000000 39360.000000 201.000000 2744.000000 192.000000 139.000000 33725.000000 2359.000000
973835 37.167819 4.959320 3645.000000 39326.000000 41175.000000 2910.000000 517.000000 193.000000 25.000000 35681.000000 1849.000000
969978 43.464654 6.029727 3089.000000 36813.000000 39156.000000 157.000000 2719.000000 18.000000 195.000000 33724.000000 2343.000000
974835 40.078918 5.202058 3483.000000 39164.000000 41003.000000 2402.000000 753.000000 294.000000 34.000000 35681.000000 1839.000000
970978 43.232662 5.932615 3071.000000 36796.000000 39089.000000 133.000000 2592.000000 26.000000 320.000000 33725.000000 2293.000000
975835 43.091335 5.411102 3243.000000 38924.000000 40805.000000 1808.000000 1047.000000 327.000000 61.000000 35681.000000 1881.000000
971978 43.068012 5.898761 3058.000000 36782.000000 39076.000000 146.000000 2356.000000 11.000000 545.000000 33724.000000 2294.000000
976835 46.528348 5.585972 2978.000000 38658.000000 40548.000000 1076.000000 1437.000000 375.000000 90.000000 35680.000000 1890.000000
972978 42.929011 5.893789 3073.000000 36798.000000 39092.000000 187.000000 1968.000000 10.000000 908.000000 33725.000000 2294.000000
977835 49.193028 5.668659 2691.000000 38371.000000 40327.000000 399.000000 1819.000000 330.000000 143.000000 35680.000000 1956.000000
973978 42.315517 5.846578 3123.000000 36850.000000 39134.000000 305.000000 1420.000000 4.000000 1394.000000 33727.000000 2284.000000
978835 46.639875 5.202082 2507.000000 38185.000000 40157.000000 141.000000 2020.000000 117.000000 229.000000 35678.000000 1972.000000
974978 41.692561 5.819768 3190.000000 36913.000000 39194.000000 442.000000 787.000000 0.000000 1961.000000 33723.000000 2281.000000
979835 45.839080 4.981388 2386.000000 38065.000000 40029.000000 97.000000 1973.000000 30.000000 286.000000 35679.000000 1964.000000
975978 40.513552 5.776761 3340.000000 37062.000000 39330.000000 737.000000 258.000000 4.000000 2341.000000 33722.000000 2268.000000
980835 44.913094 4.845727 2383.000000 38062.000000 39994.000000 141.000000 1849.000000 6.000000 387.000000 35679.000000 1932.000000
976978 38.878376 5.714864 3558.000000 37291.000000 39546.000000 1203.000000 60.000000 5.000000 2290.000000 33733.000000 2255.000000
981835 44.370251 4.815213 2416.000000 38092.000000 40019.000000 219.000000 1667.000000 0.000000 530.000000 35676.000000 1927.000000
977978 36.687357 5.633026 3877.000000 37627.000000 39872.000000 1909.000000 38.000000 1.000000 1929.000000 33750.000000 2245.000000
982835 43.759982 4.787579 2465.000000 38144.000000 40062.000000 321.000000 1372.000000 0.000000 772.000000 35679.000000 1918.000000
978978 33.975241 5.511343 4321.000000 38113.000000 40335.000000 2901.000000 29.000000 1.000000 1390.000000 33792.000000 2222.000000
983835 42.828418 4.774476 2562.000000 38237.000000 40151.000000 511.000000 1011.000000 3.000000 1037.000000 35675.000000 1914.000000
979978 31.115210 5.364875 4860.000000 38689.000000 40877.000000 4056.000000 28.000000 5.000000 771.000000 33829.000000 2188.000000
984835 42.049703 4.754327 2636.000000 38305.000000 40216.000000 655.000000 564.000000 1.000000 1416.000000 35669.000000 1911.000000
980978 29.114604 5.245449 5282.000000 39151.000000 41312.000000 4976.000000 28.000000 6.000000 272.000000 33869.000000 2161.000000
985835 40.874036 4.730148 2765.000000 38434.000000 40337.000000 914.000000 157.000000 5.000000 1689.000000 35669.000000 1903.000000
981978 28.513265 5.232082 5463.000000 39343.000000 41494.000000 5348.000000 37.000000 20.000000 58.000000 33880.000000 2151.000000
986835 39.470418 4.710762 2931.000000 38600.000000 40503.000000 1256.000000 30.000000 5.000000 1640.000000 35669.000000 1903.000000
982978 28.593914 5.251873 5463.000000 39348.000000 41509.000000 5367.000000 49.000000 19.000000 28.000000 33885.000000 2161.000000
987835 37.436299 4.684587 3201.000000 38871.000000 40772.000000 1811.000000 13.000000 9.000000 1368.000000 35670.000000 1901.000000
983978 28.848930 5.296003 5456.000000 39340.000000 41503.000000 5332.000000 68.000000 35.000000 21.000000 33884.000000 2163.000000
988835 35.152636 4.625234 3510.000000 39184.000000 41079.000000 2468.000000 17.000000 5.000000 1020.000000 35674.000000 1895.000000
984978 29.441223 5.386897 5428.000000 39311.000000 41471.000000 5226.000000 112.000000 74.000000 16.000000 33883.000000 2160.000000
989835 32.618471 4.547098 3903.000000 39598.000000 41477.000000 3289.000000 29.000000 7.000000 578.000000 35695.000000 1879.000000
985978 29.903067 5.437775 5366.000000 39249.000000 41414.000000 5096.000000 169.000000 87.000000 14.000000 33883.000000 2165.000000
990835 30.530612 4.470369 4264.000000 39970.000000 41831.000000 4039.000000 40.000000 9.000000 176.000000 35706.000000 1861.000000
986978 31.393630 5.652753 5284.000000 39168.000000 41325.000000 4805.000000 287.000000 179.000000 13.000000 33884.000000 2157.000000
991835 29.996792 4.458751 4389.000000 40095.000000 41940.000000 4278.000000 57.000000 25.000000 29.000000 35706.000000 1845.000000
987978 33.961234 6.037370 5124.000000 39008.000000 41210.000000 4333.000000 486.000000 286.000000 19.000000 33884.000000 2202.000000
992835 30.122226 4.467395 4384.000000 40092.000000 41926.000000 4245.000000 93.000000 39.000000 7.000000 35708.000000 1834.000000
988978 36.958047 6.422667 4889.000000 38773.000000 41011.000000 3651.000000 816.000000 396.000000 26.000000 33884.000000 2238.000000
993835 30.447471 4.484669 4348.000000 40056.000000 41876.000000 4145.000000 138.000000 58.000000 7.000000 35708.000000 1820.000000
989978 41.334895 6.935848 4528.000000 38412.000000 40716.000000 2670.000000 1301.000000 520.000000 37.000000 33884.000000 2304.000000
994835 31.485733 4.592642 4291.000000 39999.000000 41806.000000 3966.000000 202.000000 113.000000 10.000000 35708.000000 1807.000000
990978 45.955143 7.363438 4088.000000 37971.000000 40348.000000 1582.000000 1867.000000 594.000000 45.000000 33883.000000 2377.000000
995835 31.799233 4.572593 4186.000000 39894.000000 41705.000000 3800.000000 277.000000 96.000000 13.000000 35708.000000 1811.000000
991978 48.567242 7.452842 3644.000000 37527.000000 40025.000000 637.000000 2443.000000 485.000000 79.000000 33883.000000 2498.000000
996835 32.636054 4.614312 4096.000000 39804.000000 41588.000000 3570.000000 372.000000 135.000000 19.000000 35708.000000 1784.000000
992978 47.198642 6.989666 3336.000000 37219.000000 39773.000000 186.000000 2799.000000 226.000000 125.000000 33883.000000 2554.000000
997835 34.531874 4.794289 3957.000000 39666.000000 41466.000000 3208.000000 532.000000 188.000000 29.000000 35709.000000 1800.000000
993978 46.393557 6.692595 3104.000000 36988.000000 39596.000000 120.000000 2744.000000 42.000000 198.000000 33884.000000 2608.000000
998835 37.389898 5.039736 3783.000000 39492.000000 41272.000000 2671.000000 773.000000 300.000000 39.000000 35709.000000 1780.000000
994978 45.821530 6.546595 3071.000000 36955.000000 39532.000000 117.000000 2593.000000 11.000000 350.000000 33884.000000 2577.000000
999835 40.766355 5.311998 3531.000000 39239.000000 41058.000000 2033.000000 1074.000000 362.000000 62.000000 35708.000000 1819.000000
995978 45.562655 6.495610 3072.000000 36957.000000 39519.000000 133.000000 2326.000000 5.000000 608.000000 33885.000000 2562.000000
1000835 45.230167 5.657511 3227.000000 38935.000000 40813.000000 1230.000000 1466.000000 431.000000 100.000000 35708.000000 1878.000000
996978 45.198441 6.453653 3098.000000 36982.000000 39528.000000 187.000000 1923.000000 5.000000 983.000000 33884.000000 2546.000000
1001835 48.318294 5.805100 2915.000000 38624.000000 40585.000000 466.000000 1902.000000 395.000000 152.000000 35709.000000 1961.000000
997978 44.678980 6.419491 3146.000000 37028.000000 39567.000000 291.000000 1376.000000 1.000000 1478.000000 33882.000000 2539.000000
1002835 46.504689 5.400589 2659.000000 38370.000000 40403.000000 130.000000 2163.000000 149.000000 217.000000 35711.000000 2033.000000
998978 44.000695 6.392210 3225.000000 37108.000000 39642.000000 453.000000 783.000000 0.000000 1989.000000 33883.000000 2534.000000
1003835 45.524185 5.163597 2518.000000 38231.000000 40282.000000 97.000000 2107.000000 29.000000 285.000000 35713.000000 2051.000000
999978 42.704807 6.340630 3386.000000 37269.000000 39791.000000 776.000000 234.000000 1.000000 2375.000000 33883.000000 2522.000000
1004835 44.835939 5.057882 2509.000000 38222.000000 40254.000000 137.000000 1978.000000 4.000000 390.000000 35713.000000 2032.000000
1000978 40.752758 6.272473 3656.000000 37540.000000 40048.000000 1327.000000 57.000000 4.000000 2268.000000 33884.000000 2508.000000
1005835 44.234985 5.010552 2545.000000 38258.000000 40275.000000 215.000000 1776.000000 1.000000 553.000000 35713.000000 2017.000000
1001978 38.543107 6.207921 4008.000000 37901.000000 40400.000000 2071.000000 36.000000 9.000000 1892.000000 33893.000000 2499.000000
1006835 43.649762 4.994296 2600.000000 38312.000000 40326.000000 327.000000 1492.000000 0.000000 781.000000 35712.000000 2014.000000
1002978 35.520459 6.050823 4492.000000 38414.000000 40887.000000 3114.000000 27.000000 1.000000 1350.000000 33922.000000 2473.000000
1007835 43.092035 4.995420 2669.000000 38383.000000 40397.000000 474.000000 1111.000000 4.000000 1080.000000 35714.000000 2014.000000
1003978 32.983448 5.922006 4986.000000 38943.000000 41388.000000 4173.000000 27.000000 6.000000 780.000000 33957.000000 2445.000000
1008835 42.222222 4.975788 2757.000000 38463.000000 40476.000000 651.000000 621.000000 1.000000 1484.000000 35706.000000 2013.000000
1004978 30.806472 5.778054 5438.000000 39437.000000 41848.000000 5153.000000 27.000000 7.000000 251.000000 33999.000000 2411.000000
1009835 41.166837 4.953690 2875.000000 38586.000000 40596.000000 896.000000 182.000000 1.000000 1796.000000 35711.000000 2010.000000
1005978 30.262829 5.755635 5586.000000 39607.000000 42011.000000 5482.000000 34.000000 14.000000 56.000000 34021.000000 2404.000000
1010835 39.451893 4.906576 3075.000000 38785.000000 40782.000000 1295.000000 26.000000 4.000000 1750.000000 35710.000000 1997.000000
1006978 30.307577 5.768544 5593.000000 39616.000000 42021.000000 5502.000000 40.000000 19.000000 32.000000 34023.000000 2405.000000
1011835 37.683616 4.877395 3316.000000 39032.000000 41026.000000 1799.000000 13.000000 7.000000 1497.000000 35716.000000 1994.000000
1007978 30.536072 5.803795 5590.000000 39613.000000 42007.000000 5459.000000 66.000000 44.000000 21.000000 34023.000000 2394.000000
1012835 35.195629 4.825070 3684.000000 39398.000000 41388.000000 2558.000000 16.000000 7.000000 1103.000000 35714.000000 1990.000000
1008978 30.952980 5.864977 5546.000000 39570.000000 41978.000000 5366.000000 108.000000 54.000000 18.000000 34024.000000 2408.000000
1013835 32.641975 4.744019 4099.000000 39824.000000 41800.000000 3427.000000 21.000000 7.000000 644.000000 35725.000000 1976.000000
1009978 31.558935 5.940594 5501.000000 39526.000000 41915.000000 5204.000000 182.000000 101.000000 14.000000 34025.000000 2389.000000
1014835 30.670183 4.685611 4483.000000 40230.000000 42193.000000 4243.000000 28.000000 14.000000 198.000000 35747.000000 1963.000000
1010978 33.008214 6.150462 5410.000000 39436.000000 41818.000000 4886.000000 320.000000 190.000000 14.000000 34026.000000 2382.000000
1015835 30.400976 4.711498 4600.000000 40363.000000 42322.000000 4495.000000 42.000000 35.000000 28.000000 35763.000000 1959.000000
1011978 35.292574 6.458894 5233.000000 39259.000000 41648.000000 4356.000000 558.000000 301.000000 18.000000 34026.000000 2389.000000
1016835 30.635308 4.740748 4580.000000 40346.000000 42314.000000 4465.000000 70.000000 38.000000 7.000000 35766.000000 1968.000000
1012978 38.064953 6.792061 4990.000000 39016.000000 41416.000000 3635.000000 920.000000 413.000000 22.000000 34026.000000 2400.000000
1017835 31.216362 4.802460 4540.000000 40307.000000 42270.000000 4352.000000 112.000000 67.000000 9.000000 35767.000000 1963.000000
1013978 41.905709 7.185643 4660.000000 38686.000000 41068.000000 2588.000000 1475.000000 569.000000 28.000000 34026.000000 2382.000000
1018835 31.756862 4.851241 4491.000000 40258.000000 42216.000000 4203.000000 190.000000 90.000000 8.000000 35767.000000 1958.000000
1014978 45.070634 7.371992 4240.000000 38267.000000 40681.000000 1536.000000 2079.000000 585.000000 40.000000 34027.000000 2414.000000
1019835 32.291012 4.877644 4407.000000 40174.000000 42131.000000 4021.000000 277.000000 98.000000 11.000000 35767.000000 1957.000000
1015978 47.395172 7.400243 3833.000000 37860.000000 40323.000000 569.000000 2668.000000 521.000000 75.000000 34027.000000 2463.000000
1020835 33.589129 4.999881 4309.000000 40075.000000 42021.000000 3760.000000 381.000000 155.000000 13.000000 35766.000000 1946.000000
1016978 44.792703 6.742891 3486.000000 37513.000000 40057.000000 177.000000 3027.000000 157.000000 125.000000 34027.000000 2544.000000
1021835 35.844749 5.246074 4156.000000 39922.000000 41898.000000 3391.000000 521.000000 222.000000 22.000000 35766.000000 1976.000000
1017978 43.583577 6.366853 3317.000000 37343.000000 39847.000000 110.000000 2946.000000 33.000000 228.000000 34026.000000 2504.000000
1022835 38.889823 5.542769 3952.000000 39719.000000 41712.000000 2852.000000 756.000000 319.000000 25.000000 35767.000000 1993.000000
1018978 42.931755 6.200810 3295.000000 37320.000000 39769.000000 104.000000 2779.000000 17.000000 395.000000 34025.000000 2449.000000
1023835 42.749165 5.866461 3672.000000 39439.000000 41456.000000 2121.000000 1093.000000 415.000000 43.000000 35767.000000 2017.000000
1019978 42.844708 6.188393 3290.000000 37314.000000 39768.000000 123.000000 2470.000000 7.000000 690.000000 34024.000000 2454.000000
1024835 46.958772 6.168492 3341.000000 39109.000000 41177.000000 1261.000000 1531.000000 472.000000 77.000000 35768.000000 2068.000000
1020978 42.560194 6.173987 3319.000000 37342.000000 39796.000000 193.000000 2030.000000 3.000000 1093.000000 34023.000000 2454.000000
1025835 50.349108 6.343621 2934.000000 38701.000000 40923.000000 483.000000 1926.000000 374.000000 151.000000 35767.000000 2222.000000
1021978 42.155853 6.163730 3373.000000 37393.000000 39846.000000 303.000000 1393.000000 3.000000 1674.000000 34020.000000 2453.000000
1026835 48.752282 5.905193 2694.000000 38458.000000 40693.000000 134.000000 2181.000000 168.000000 211.000000 35764.000000 2235.000000
1022978 41.427607 6.146258 3474.000000 37491.000000 39943.000000 507.000000 759.000000 3.000000 2205.000000 34017.000000 2452.000000
1027835 47.901441 5.656795 2521.000000 38285.000000 40553.000000 75.000000 2124.000000 26.000000 296.000000 35764.000000 2268.000000
1023978 40.243101 6.107746 3641.000000 37666.000000 40113.000000 859.000000 231.000000 3.000000 2548.000000 34025.000000 2447.000000
1028835 47.133221 5.519625 2511.000000 38277.000000 40510.000000 105.000000 1992.000000 3.000000 411.000000 35766.000000 2233.000000
1024978 38.444584 6.046949 3911.000000 37943.000000 40384.000000 1428.000000 42.000000 1.000000 2440.000000 34032.000000 2441.000000
1029835 46.684851 5.489354 2541.000000 38308.000000 40533.000000 175.000000 1809.000000 0.000000 557.000000 35767.000000 2225.000000
1025978 36.073601 5.960232 4310.000000 38358.000000 40787.000000 2277.000000 27.000000 2.000000 2004.000000 34048.000000 2429.000000
1030835 45.915202 5.467846 2615.000000 38381.000000 40601.000000 326.000000 1503.000000 0.000000 786.000000 35766.000000 2220.000000
1026978 33.250346 5.817302 4830.000000 38925.000000 41325.000000 3434.000000 17.000000 4.000000 1375.000000 34095.000000 2400.000000
1031835 45.302288 5.454590 2681.000000 38448.000000 40663.000000 460.000000 1110.000000 3.000000 1108.000000 35767.000000 2215.000000
1027978 30.787127 5.688766 5361.000000 39496.000000 41872.000000 4591.000000 19.000000 6.000000 745.000000 34135.000000 2376.000000
1032835 44.468982 5.435716 2766.000000 38534.000000 40749.000000 641.000000 624.000000 0.000000 1501.000000 35768.000000 2215.000000
1028978 29.028684 5.574205 5770.000000 39949.000000 42302.000000 5496.000000 19.000000 5.000000 250.000000 34179.000000 2353.000000
1033835 43.394011 5.423588 2896.000000 38664.000000 40877.000000 903.000000 187.000000 4.000000 1802.000000 35768.000000 2213.000000
1029978 28.457543 5.546662 5938.000000 40135.000000 42476.000000 5854.000000 25.000000 15.000000 44.000000 34197.000000 2341.000000
1034835 41.900076 5.393817 3074.000000 38837.000000 41047.000000 1268.000000 31.000000 4.000000 1771.000000 35763.000000 2210.000000
1030978 28.471384 5.550717 5941.000000 40140.000000 42481.000000 5862.000000 40.000000 17.000000 22.000000 34199.000000 2341.000000
1035835 39.643693 5.331172 3356.000000 39122.000000 41323.000000 1851.000000 12.000000 2.000000 1491.000000 35766.000000 2201.000000
1031978 28.739109 5.593236 5930.000000 40128.000000 42462.000000 5809.000000 65.000000 41.000000 15.000000 34198.000000 2334.000000
1036835 37.139953 5.260127 3715.000000 39485.000000 41672.000000 2585.000000 14.000000 5.000000 1111.000000 35770.000000 2187.000000
1032978 29.056191 5.631777 5895.000000 40093.000000 42420.000000 5711.000000 111.000000 62.000000 11.000000 34198.000000 2327.000000
1037835 34.510611 5.175280 4144.000000 39934.000000 42104.000000 3495.000000 18.000000 9.000000 622.000000 35790.000000 2170.000000
1033978 29.971817 5.774452 5835.000000 40033.000000 42359.000000 5497.000000 206.000000 120.000000 12.000000 34198.000000 2326.000000
1038835 32.265309 5.073453 4534.000000 40331.000000 42476.000000 4292.000000 27.000000 10.000000 205.000000 35797.000000 2145.000000
1034978 31.332176 5.977142 5719.000000 39918.000000 42261.000000 5180.000000 347.000000 183.000000 9.000000 34199.000000 2343.000000
1039835 31.697946 5.036630 4640.000000 40461.000000 42588.000000 4543.000000 41.000000 18.000000 38.000000 35821.000000 2127.000000
1035978 33.629329 6.299606 5551.000000 39750.000000 42082.000000 4596.000000 622.000000 319.000000 14.000000 34199.000000 2332.000000
1040835 31.829611 5.054016 4653.000000 40472.000000 42580.000000 4531.000000 70.000000 44.000000 8.000000 35819.000000 2108.000000
1036978 37.222367 6.807321 5273.000000 39471.000000 41852.000000 3736.000000 1054.000000 468.000000 15.000000 34198.000000 2381.000000
1041835 32.485498 5.133630 4615.000000 40435.000000 42543.000000 4402.000000 133.000000 76.000000 4.000000 35820.000000 2108.000000
1037978 41.858238 7.370019 4904.000000 39102.000000 41506.000000 2617.000000 1606.000000 655.000000 26.000000 34198.000000 2404.000000
1042835 33.153396 5.203700 4534.000000 40354.000000 42489.000000 4260.000000 194.000000 76.000000 4.000000 35820.000000 2135.000000
1038978 44.821146 7.580359 4415.000000 38613.000000 41159.000000 1518.000000 2275.000000 574.000000 48.000000 34198.000000 2546.000000
1043835 33.859463 5.260676 4457.000000 40277.000000 42409.000000 4079.000000 272.000000 99.000000 7.000000 35820.000000 2132.000000
1039978 46.599879 7.527093 3966.000000 38164.000000 40786.000000 593.000000 2850.000000 448.000000 75.000000 34198.000000 2622.000000
1044835 35.033123 5.374489 4365.000000 40185.000000 42311.000000 3830.000000 374.000000 148.000000 13.000000 35820.000000 2126.000000
1040978 45.073774 7.014642 3655.000000 37853.000000 40501.000000 144.000000 3179.000000 193.000000 139.000000 34198.000000 2648.000000
1045835 36.536030 5.485432 4228.000000 40048.000000 42148.000000 3452.000000 546.000000 212.000000 18.000000 35820.000000 2100.000000
1041978 44.207267 6.726168 3452.000000 37650.000000 40335.000000 81.000000 3091.000000 28.000000 252.000000 34198.000000 2685.000000
1046835 38.910697 5.673201 4038.000000 39858.000000 41934.000000 2878.000000 829.000000 303.000000 28.000000 35820.000000 2076.000000
1042978 43.787953 6.621826 3435.000000 37633.000000 40291.000000 87.000000 2903.000000 10.000000 435.000000 34198.000000 2658.000000
1047835 42.409721 5.947581 3788.000000 39609.000000 41664.000000 2154.000000 1165.000000 423.000000 46.000000 35821.000000 2055.000000
1043978 43.468986 6.574669 3451.000000 37648.000000 40291.000000 129.000000 2537.000000 6.000000 779.000000 34197.000000 2643.000000
1048835 45.933273 6.157231 3453.000000 39274.000000 41366.000000 1274.000000 1639.000000 455.000000 85.000000 35821.000000 2092.000000
1044978 43.133082 6.537488 3474.000000 37671.000000 40306.000000 186.000000 2042.000000 0.000000 1246.000000 34197.000000 2635.000000
1049835 47.886241 6.074345 3126.000000 38947.000000 41025.000000 458.000000 2106.000000 414.000000 148.000000 35821.000000 2078.000000
1045978 42.690438 6.525455 3542.000000 37737.000000 40365.000000 320.000000 1399.000000 6.000000 1817.000000 34195.000000 2628.000000
1050835 45.414497 5.556644 2869.000000 38691.000000 40816.000000 143.000000 2378.000000 143.000000 205.000000 35822.000000 2125.000000
1046978 41.886070 6.487088 3643.000000 37841.000000 40465.000000 544.000000 751.000000 1.000000 2347.000000 34198.000000 2624.000000
1051835 44.504355 5.279732 2711.000000 38535.000000 40646.000000 75.000000 2305.000000 35.000000 296.000000 35824.000000 2111.000000
1047978 40.639057 6.445899 3828.000000 38027.000000 40646.000000 927.000000 232.000000 1.000000 2668.000000 34199.000000 2619.000000
1052835 43.620365 5.128710 2695.000000 38517.000000 40595.000000 101.000000 2187.000000 4.000000 403.000000 35822.000000 2078.000000
1048978 38.558133 6.370515 4161.000000 38362.000000 40970.000000 1617.000000 47.000000 2.000000 2495.000000 34201.000000 2608.000000
1053835 43.220693 5.100935 2725.000000 38551.000000 40620.000000 170.000000 1961.000000 3.000000 591.000000 35826.000000 2069.000000
1049978 35.813437 6.229326 4625.000000 38838.000000 41417.000000 2598.000000 19.000000 1.000000 2007.000000 34213.000000 2579.000000
1054835 42.568958 5.083079 2790.000000 38616.000000 40684.000000 305.000000 1618.000000 0.000000 867.000000 35826.000000 2068.000000
1050978 32.978861 6.060389 5170.000000 39420.000000 41961.000000 3786.000000 11.000000 2.000000 1371.000000 34250.000000 2541.000000
1055835 42.000407 5.070810 2854.000000 38678.000000 40743.000000 432.000000 1198.000000 1.000000 1223.000000 35824.000000 2065.000000
1051978 30.542711 5.903104 5714.000000 40016.000000 42520.000000 4972.000000 10.000000 6.000000 726.000000 34302.000000 2504.000000
1056835 41.170595 5.047265 2945.000000 38773.000000 40834.000000 625.000000 643.000000 0.000000 1677.000000 35828.000000 2061.000000
1052978 29.084548 5.809863 6083.000000 40435.000000 42927.000000 5817.000000 15.000000 2.000000 249.000000 34352.000000 2492.000000
1057835 40.360502 5.031631 3047.000000 38884.000000 40941.000000 846.000000 170.000000 3.000000 2028.000000 35837.000000 2057.000000
1053978 28.623811 5.796093 6249.000000 40620.000000 43098.000000 6164.000000 20.000000 20.000000 45.000000 34371.000000 2478.000000
1058835 38.462984 4.973033 3276.000000 39116.000000 41162.000000 1321.000000 35.000000 1.000000 1919.000000 35840.000000 2046.000000
1054978 28.692466 5.813441 6257.000000 40630.000000 43107.000000 6176.000000 37.000000 29.000000 15.000000 34373.000000 2477.000000
1059835 36.371729 4.926215 3578.000000 39433.000000 41472.000000 1962.000000 13.000000 4.000000 1599.000000 35855.000000 2039.000000
1055978 28.964568 5.861877 6241.000000 40612.000000 43092.000000 6123.000000 62.000000 46.000000 10.000000 34371.000000 2480.000000
1060835 33.726729 4.846994 3993.000000 39838.000000 41861.000000 2784.000000 14.000000 6.000000 1189.000000 35845.000000 2023.000000
1056978 29.269417 5.900253 6198.000000 40569.000000 43049.000000 6006.000000 125.000000 60.000000 7.000000 34371.000000 2480.000000
1061835 30.944676 4.741888 4489.000000 40346.000000 42346.000000 3802.000000 15.000000 8.000000 664.000000 35857.000000 2000.000000
1057978 30.431755 6.099518 6141.000000 40512.000000 42987.000000 5769.000000 219.000000 147.000000 6.000000 34371.000000 2475.000000
1062835 29.189741 4.684832 4872.000000 40765.000000 42755.000000 4645.000000 22.000000 13.000000 192.000000 35893.000000 1990.000000
1058978 31.910139 6.327992 6007.000000 40378.000000 42873.000000 5405.000000 379.000000 218.000000 5.000000 34371.000000 2495.000000
1063835 28.944724 4.701821 4972.000000 40884.000000 42877.000000 4877.000000 33.000000 23.000000 39.000000 35912.000000 1993.000000
1059978 34.327281 6.688062 5837.000000 40208.000000 42688.000000 4741.000000 715.000000 375.000000 6.000000 34371.000000 2480.000000
1064835 29.204937 4.745913 4970.000000 40881.000000 42879.000000 4858.000000 64.000000 37.000000 11.000000 35911.000000 1998.000000
1060978 38.316598 7.283567 5491.000000 39862.000000 42438.000000 3758.000000 1208.000000 515.000000 10.000000 34371.000000 2576.000000
1065835 29.585799 4.785247 4937.000000 40848.000000 42840.000000 4752.000000 121.000000 58.000000 6.000000 35911.000000 1992.000000
1061978 42.256637 7.720842 5067.000000 39438.000000 42055.000000 2597.000000 1814.000000 630.000000 26.000000 34371.000000 2617.000000
1066835 29.727366 4.767360 4886.000000 40797.000000 42770.000000 4628.000000 187.000000 66.000000 5.000000 35911.000000 1973.000000
1062978 45.617174 7.961477 4555.000000 38926.000000 41638.000000 1441.000000 2466.000000 603.000000 45.000000 34371.000000 2712.000000
1067835 30.643258 4.865422 4814.000000 40725.000000 42689.000000 4430.000000 264.000000 113.000000 7.000000 35911.000000 1964.000000
1063978 47.411918 7.923815 4100.000000 38471.000000 41268.000000 559.000000 2975.000000 473.000000 93.000000 34371.000000 2797.000000
1068835 31.476781 4.947428 4716.000000 40627.000000 42608.000000 4189.000000 387.000000 127.000000 13.000000 35911.000000 1981.000000
1064978 45.833961 7.418065 3787.000000 38158.000000 41008.000000 135.000000 3303.000000 192.000000 157.000000 34371.000000 2850.000000
1069835 34.050672 5.253986 4588.000000 40499.000000 42463.000000 3736.000000 569.000000 267.000000 16.000000 35911.000000 1964.000000
1065978 44.839361 7.078627 3589.000000 37959.000000 40813.000000 62.000000 3210.000000 35.000000 282.000000 34370.000000 2854.000000
1070835 36.675586 5.512836 4345.000000 40257.000000 42265.000000 3156.000000 843.000000 322.000000 24.000000 35912.000000 2008.000000
1066978 44.327961 6.950442 3570.000000 37939.000000 40760.000000 78.000000 2965.000000 12.000000 515.000000 34369.000000 2821.000000
1071835 41.219872 5.984147 4047.000000 39959.000000 42011.000000 2313.000000 1234.000000 462.000000 38.000000 35912.000000 2052.000000
1067978 44.011273 6.897313 3577.000000 37945.000000 40755.000000 112.000000 2585.000000 1.000000 879.000000 34368.000000 2810.000000
1072835 45.462358 6.338214 3659.000000 39572.000000 41731.000000 1358.000000 1742.000000 486.000000 73.000000 35913.000000 2159.000000
1068978 43.637212 6.875506 3624.000000 37993.000000 40797.000000 208.000000 2029.000000 1.000000 1386.000000 34369.000000 2804.000000
1073835 48.908139 6.537367 3295.000000 39208.000000 41454.000000 450.000000 2243.000000 464.000000 138.000000 35913.000000 2246.000000
1069978 43.200370 6.864905 3694.000000 38061.000000 40860.000000 342.000000 1368.000000 6.000000 1978.000000 34367.000000 2799.000000
1074835 46.040724 5.924884 3012.000000 38924.000000 41216.000000 132.000000 2522.000000 150.000000 208.000000 35912.000000 2292.000000
1070978 42.454972 6.845638 3804.000000 38172.000000 40975.000000 586.000000 708.000000 2.000000 2508.000000 34368.000000 2803.000000
1075835 45.144408 5.670668 2863.000000 38775.000000 41071.000000 82.000000 2450.000000 33.000000 298.000000 35912.000000 2296.000000
1071978 40.751023 6.767282 4055.000000 38424.000000 41213.000000 1109.000000 212.000000 0.000000 2734.000000 34369.000000 2789.000000
1076835 44.598826 5.555556 2839.000000 38751.000000 41022.000000 95.000000 2323.000000 8.000000 413.000000 35912.000000 2271.000000
1072978 38.802011 6.689776 4383.000000 38762.000000 41541.000000 1816.000000 40.000000 0.000000 2527.000000 34379.000000 2779.000000
1077835 44.230019 5.528483 2867.000000 38779.000000 41042.000000 162.000000 2077.000000 6.000000 622.000000 35912.000000 2263.000000
1073978 36.258387 6.560655 4846.000000 39253.000000 42008.000000 2832.000000 12.000000 1.000000 2001.000000 34407.000000 2755.000000
1078835 43.641618 5.510815 2925.000000 38836.000000 41101.000000 293.000000 1739.000000 0.000000 893.000000 35911.000000 2265.000000
1074978 33.493590 6.382429 5396.000000 39854.000000 42570.000000 4046.000000 8.000000 1.000000 1341.000000 34458.000000 2716.000000
1079835 43.006461 5.496454 2999.000000 38909.000000 41172.000000 442.000000 1266.000000 0.000000 1291.000000 35910.000000 2263.000000
1075978 31.294419 6.231151 5900.000000 40423.000000 43106.000000 5190.000000 6.000000 3.000000 701.000000 34523.000000 2683.000000
1080835 42.140593 5.476531 3103.000000 39007.000000 41267.000000 648.000000 689.000000 0.000000 1766.000000 35904.000000 2260.000000
1076978 29.786521 6.123762 6292.000000 40864.000000 43519.000000 6055.000000 10.000000 10.000000 217.000000 34572.000000 2655.000000
1081835 41.185050 5.457444 3227.000000 39135.000000 41393.000000 902.000000 165.000000 1.000000 2159.000000 35908.000000 2258.000000
1077978 29.415656 6.110717 6426.000000 41017.000000 43661.000000 6339.000000 20.000000 24.000000 43.000000 34591.000000 2644.000000
1082835 39.366912 5.407548 3468.000000 39377.000000 41627.000000 1390.000000 31.000000 1.000000 2046.000000 35909.000000 2250.000000
1078978 29.296488 6.092730 6444.000000 41036.000000 43675.000000 6372.000000 40.000000 22.000000 10.000000 34592.000000 2639.000000
1083835 37.152318 5.349480 3801.000000 39709.000000 41948.000000 2062.000000 13.000000 5.000000 1721.000000 35908.000000 2239.000000
1079978 29.717190 6.163364 6428.000000 41021.000000 43645.000000 6284.000000 71.000000 66.000000 7.000000 34593.000000 2624.000000
1084835 34.587284 5.252597 4211.000000 40138.000000 42360.000000 2937.000000 14.000000 3.000000 1257.000000 35927.000000 2222.000000
1080978 30.239521 6.253010 6373.000000 40966.000000 43611.000000 6138.000000 149.000000 82.000000 4.000000 34593.000000 2645.000000
1085835 32.068063 5.146458 4678.000000 40647.000000 42845.000000 3964.000000 15.000000 7.000000 692.000000 35969.000000 2198.000000
1081978 31.011738 6.371446 6303.000000 40896.000000 43538.000000 5899.000000 270.000000 132.000000 2.000000 34593.000000 2642.000000
1086835 29.850131 5.015942 5111.000000 41120.000000 43282.000000 4898.000000 19.000000 9.000000 185.000000 36009.000000 2162.000000
1082978 33.094588 6.708919 6184.000000 40778.000000 43390.000000 5393.000000 489.000000 299.000000 3.000000 34594.000000 2612.000000
1087835 29.376613 4.985249 5222.000000 41247.000000 43388.000000 5129.000000 36.000000 22.000000 35.000000 36025.000000 2141.000000
1083978 35.599118 7.101701 5958.000000 40552.000000 43215.000000 4690.000000 856.000000 406.000000 6.000000 34594.000000 2663.000000
1088835 29.658828 5.029504 5217.000000 41244.000000 43384.000000 5103.000000 63.000000 42.000000 9.000000 36027.000000 2140.000000
1084978 38.998794 7.538942 5619.000000 40213.000000 42884.000000 3703.000000 1340.000000 562.000000 14.000000 34594.000000 2671.000000
1089835 30.254168 5.107620 5182.000000 41211.000000 43347.000000 4983.000000 116.000000 78.000000 5.000000 36029.000000 2136.000000
1085978 42.518387 7.893126 5129.000000 39723.000000 42480.000000 2543.000000 1958.000000 596.000000 32.000000 34594.000000 2757.000000
1090835 30.980878 5.201164 5099.000000 41128.000000 43298.000000 4824.000000 186.000000 82.000000 7.000000 36029.000000 2170.000000
1086978 45.675530 8.089914 4652.000000 39246.000000 42040.000000 1406.000000 2581.000000 607.000000 58.000000 34594.000000 2794.000000
1091835 31.809339 5.295547 5026.000000 41055.000000 43225.000000 4635.000000 264.000000 119.000000 8.000000 36029.000000 2170.000000
1087978 46.779228 7.917487 4205.000000 38799.000000 41642.000000 541.000000 3107.000000 454.000000 103.000000 34594.000000 2843.000000
1092835 32.557812 5.354824 4918.000000 40946.000000 43120.000000 4382.000000 390.000000 135.000000 11.000000 36028.000000 2174.000000
1088978 45.139401 7.396307 3908.000000 38501.000000 41372.000000 125.000000 3404.000000 189.000000 190.000000 34593.000000 2871.000000
1093835 35.189181 5.691151 4798.000000 40826.000000 42979.000000 3890.000000 599.000000 293.000000 16.000000 36028.000000 2153.000000
1094835 37.574405 5.906571 4567.000000 40596.000000 42749.000000 3242.000000 931.000000 372.000000 22.000000 36029.000000 2153.000000
1095835 40.906260 6.188311 4252.000000 40281.000000 42451.000000 2396.000000 1355.000000 457.000000 44.000000 36029.000000 2170.000000
1096835 44.995892 6.501401 3873.000000 39902.000000 42114.000000 1403.000000 1863.000000 526.000000 81.000000 36029.000000 2212.000000
1097835 48.312273 6.676075 3484.000000 39513.000000 41806.000000 473.000000 2381.000000 498.000000 132.000000 36029.000000 2293.000000
1098835 44.951140 5.977764 3200.000000 39228.000000 41554.000000 114.000000 2709.000000 158.000000 219.000000 36028.000000 2326.000000
