762944 0.794628 0.177500 8935.000000 40000.000000 40000.000000 1790.000000 3721.000000 71.000000 3353.000000 31065.000000 0.000000
763944 0.733333 0.163853 8959.000000 40239.000000 40280.000000 2370.000000 3026.000000 25.000000 3538.000000 31280.000000 41.000000
764944 1.003529 0.224061 9001.000000 40547.000000 40614.000000 3054.000000 2264.000000 24.000000 3659.000000 31546.000000 67.000000
765944 0.993558 0.221865 9076.000000 40933.000000 41016.000000 3872.000000 1566.000000 8.000000 3630.000000 31857.000000 83.000000
766944 1.051947 0.234113 9133.000000 41345.000000 41433.000000 4699.000000 1036.000000 9.000000 3389.000000 32212.000000 88.000000
767944 1.132442 0.251052 9175.000000 41727.000000 41824.000000 5475.000000 626.000000 8.000000 3066.000000 32552.000000 97.000000
768944 1.374973 0.305535 9277.000000 42116.000000 42221.000000 6240.000000 350.000000 24.000000 2663.000000 32839.000000 105.000000
769944 1.685751 0.373169 9305.000000 42481.000000 42608.000000 6966.000000 189.000000 32.000000 2118.000000 33176.000000 127.000000
770944 2.619398 0.579191 9336.000000 42821.000000 42991.000000 7588.000000 158.000000 79.000000 1511.000000 33485.000000 170.000000
771944 4.186290 0.924364 9290.000000 43008.000000 43273.000000 7932.000000 202.000000 135.000000 1021.000000 33718.000000 265.000000
772944 6.659037 1.471061 9194.000000 43089.000000 43506.000000 8025.000000 315.000000 223.000000 631.000000 33895.000000 417.000000
773944 9.203282 2.028946 8965.000000 43006.000000 43668.000000 7930.000000 475.000000 224.000000 336.000000 34041.000000 662.000000
774944 12.744388 2.814199 8760.000000 42871.000000 43778.000000 7573.000000 694.000000 325.000000 168.000000 34111.000000 907.000000
775944 16.336890 3.599060 8413.000000 42577.000000 43817.000000 7015.000000 975.000000 337.000000 86.000000 34164.000000 1240.000000
776944 21.218400 4.672385 8046.000000 42226.000000 43832.000000 6242.000000 1290.000000 442.000000 72.000000 34180.000000 1606.000000
777944 25.494870 5.611314 7633.000000 41824.000000 43840.000000 5424.000000 1682.000000 444.000000 83.000000 34191.000000 2016.000000
778944 29.031924 6.388268 7254.000000 41452.000000 43846.000000 4681.000000 2037.000000 407.000000 129.000000 34198.000000 2394.000000
779944 33.174472 7.301334 6895.000000 41098.000000 43855.000000 3857.000000 2393.000000 445.000000 200.000000 34203.000000 2757.000000
780944 36.786491 8.096215 6524.000000 40731.000000 43860.000000 3073.000000 2673.000000 422.000000 356.000000 34207.000000 3129.000000
781944 40.677439 8.951652 6210.000000 40425.000000 43869.000000 2253.000000 2956.000000 483.000000 518.000000 34215.000000 3444.000000
782944 42.386916 9.330569 5902.000000 40129.000000 43888.000000 1669.000000 3153.000000 336.000000 744.000000 34227.000000 3759.000000
783944 44.189175 9.722886 5699.000000 39953.000000 43917.000000 1172.000000 3224.000000 306.000000 997.000000 34254.000000 3964.000000
784944 44.829011 9.868765 5547.000000 39835.000000 43967.000000 881.000000 3168.000000 207.000000 1291.000000 34288.000000 4132.000000
785944 45.178608 9.933489 5456.000000 39823.000000 44053.000000 808.000000 2935.000000 146.000000 1567.000000 34367.000000 4230.000000
786944 44.309778 9.769685 5476.000000 39897.000000 44157.000000 963.000000 2660.000000 54.000000 1799.000000 34421.000000 4260.000000
787944 43.705972 9.667585 5546.000000 40033.000000 44282.000000 1326.000000 2204.000000 32.000000 1984.000000 34487.000000 4249.000000
788944 42.777665 9.516630 5672.000000 40224.000000 44438.000000 1794.000000 1734.000000 15.000000 2129.000000 34552.000000 4214.000000
789944 41.923539 9.380388 5813.000000 40478.000000 44657.000000 2347.000000 1251.000000 10.000000 2205.000000 34665.000000 4179.000000
790944 41.184041 9.265446 5954.000000 40751.000000 44898.000000 2930.000000 868.000000 13.000000 2143.000000 34797.000000 4147.000000
791944 40.493682 9.158783 6080.000000 41008.000000 45137.000000 3486.000000 524.000000 5.000000 2065.000000 34928.000000 4129.000000
792944 39.728009 9.071888 6258.000000 41294.000000 45404.000000 4108.000000 291.000000 9.000000 1850.000000 35036.000000 4110.000000
793944 39.209726 9.042320 6435.000000 41559.000000 45652.000000 4691.000000 141.000000 35.000000 1568.000000 35124.000000 4093.000000
794944 38.140877 8.933008 6691.000000 41830.000000 45886.000000 5365.000000 97.000000 43.000000 1186.000000 35139.000000 4056.000000
795944 36.827836 8.849846 7046.000000 42027.000000 46046.000000 6036.000000 118.000000 56.000000 836.000000 34981.000000 4019.000000
796944 34.614717 8.650864 7623.000000 42210.000000 46111.000000 6858.000000 164.000000 88.000000 513.000000 34587.000000 3901.000000
797944 32.566667 8.483849 8236.000000 42300.000000 46064.000000 7567.000000 242.000000 144.000000 283.000000 34064.000000 3764.000000
798944 30.810854 8.302503 8731.000000 42299.000000 45950.000000 8056.000000 389.000000 164.000000 122.000000 33568.000000 3651.000000
799944 29.631384 8.215521 9153.000000 42178.000000 45694.000000 8278.000000 582.000000 238.000000 55.000000 33025.000000 3516.000000
800944 28.641418 8.117520 9449.000000 41961.000000 45371.000000 8312.000000 819.000000 273.000000 45.000000 32512.000000 3410.000000
801944 27.747594 7.949391 9631.000000 41719.000000 44972.000000 8182.000000 1075.000000 322.000000 52.000000 32088.000000 3253.000000
802944 27.307393 7.864363 9667.000000 41436.000000 44619.000000 7925.000000 1343.000000 326.000000 73.000000 31769.000000 3183.000000
803944 26.892726 7.772559 9687.000000 41172.000000 44284.000000 7599.000000 1637.000000 330.000000 121.000000 31485.000000 3112.000000
804944 26.845055 7.741333 9640.000000 40904.000000 43933.000000 7133.000000 1954.000000 372.000000 181.000000 31264.000000 3029.000000
805944 27.200319 7.825928 9596.000000 40678.000000 43637.000000 6544.000000 2306.000000 456.000000 290.000000 31082.000000 2959.000000
806944 28.150586 8.078225 9448.000000 40403.000000 43413.000000 5859.000000 2676.000000 497.000000 416.000000 30955.000000 3010.000000
807944 29.431222 8.434682 9298.000000 40153.000000 43250.000000 4970.000000 3143.000000 551.000000 634.000000 30855.000000 3097.000000
808944 29.961184 8.583940 9167.000000 39963.000000 43162.000000 4185.000000 3633.000000 506.000000 843.000000 30796.000000 3199.000000
809944 30.353968 8.708959 9098.000000 39852.000000 43128.000000 3500.000000 4061.000000 480.000000 1057.000000 30754.000000 3276.000000
810944 29.742520 8.584327 9099.000000 39827.000000 43195.000000 3058.000000 4459.000000 340.000000 1242.000000 30728.000000 3368.000000
811944 31.750954 9.224265 8879.000000 39591.000000 43288.000000 2806.000000 4297.000000 296.000000 1480.000000 30712.000000 3697.000000
812944 33.208049 9.751891 8790.000000 39508.000000 43489.000000 2789.000000 4064.000000 260.000000 1677.000000 30718.000000 3981.000000
813944 34.066272 10.131474 8748.000000 39476.000000 43735.000000 2976.000000 3683.000000 172.000000 1917.000000 30728.000000 4259.000000
814944 34.676324 10.447829 8810.000000 39546.000000 43990.000000 3232.000000 3190.000000 152.000000 2236.000000 30736.000000 4444.000000
815944 34.977811 10.680971 8917.000000 39672.000000 44275.000000 3608.000000 2500.000000 126.000000 2683.000000 30755.000000 4603.000000
816944 34.869276 10.820745 9141.000000 39913.000000 44618.000000 4153.000000 1835.000000 123.000000 3030.000000 30772.000000 4705.000000
817944 34.393736 10.841338 9388.000000 40187.000000 44976.000000 4795.000000 1199.000000 87.000000 3307.000000 30799.000000 4789.000000
818944 33.622112 10.774722 9727.000000 40567.000000 45384.000000 5585.000000 905.000000 73.000000 3164.000000 30840.000000 4817.000000
819944 32.852853 10.728763 10161.000000 41062.000000 45886.000000 6567.000000 759.000000 99.000000 2736.000000 30901.000000 4824.000000
820944 32.067730 10.613441 10547.000000 41586.000000 46394.000000 7617.000000 658.000000 116.000000 2156.000000 31039.000000 4808.000000
821944 31.448425 10.531822 10889.000000 42042.000000 46839.000000 8559.000000 643.000000 136.000000 1551.000000 31153.000000 4797.000000
822944 31.155938 10.446970 11053.000000 42401.000000 47162.000000 9270.000000 639.000000 166.000000 978.000000 31348.000000 4761.000000
823944 31.278452 10.480710 11096.000000 42481.000000 47201.000000 9429.000000 730.000000 227.000000 710.000000 31385.000000 4720.000000
824944 31.799110 10.612522 10995.000000 42398.000000 47133.000000 9287.000000 872.000000 267.000000 569.000000 31403.000000 4735.000000
825944 32.304434 10.710866 10840.000000 42256.000000 46999.000000 9028.000000 1058.000000 291.000000 463.000000 31416.000000 4743.000000
826944 32.855009 10.807578 10654.000000 42072.000000 46819.000000 8651.000000 1278.000000 313.000000 412.000000 31418.000000 4747.000000
827944 33.628609 10.990778 10486.000000 41876.000000 46630.000000 8191.000000 1540.000000 371.000000 384.000000 31390.000000 4754.000000
828944 34.472482 11.206080 10302.000000 41651.000000 46448.000000 7622.000000 1890.000000 408.000000 382.000000 31349.000000 4797.000000
829944 35.638796 11.518506 10110.000000 41416.000000 46256.000000 6948.000000 2273.000000 488.000000 401.000000 31306.000000 4840.000000
830944 37.054085 11.889919 9861.000000 41127.000000 46039.000000 6039.000000 2797.000000 562.000000 463.000000 31266.000000 4912.000000
831944 38.563120 12.293866 9626.000000 40855.000000 45844.000000 4980.000000 3408.000000 647.000000 591.000000 31229.000000 4989.000000
832944 39.691609 12.620382 9404.000000 40565.000000 45688.000000 4010.000000 4009.000000 643.000000 742.000000 31161.000000 5123.000000
833944 39.645542 12.614095 9287.000000 40362.000000 45576.000000 3231.000000 4572.000000 535.000000 949.000000 31075.000000 5214.000000
834944 38.591181 12.330754 9267.000000 40226.000000 45496.000000 2821.000000 4955.000000 340.000000 1151.000000 30959.000000 5270.000000
835944 37.511936 12.131104 9383.000000 40059.000000 45338.000000 2967.000000 4790.000000 221.000000 1405.000000 30676.000000 5279.000000
836944 36.519857 11.931127 9559.000000 40021.000000 45243.000000 3236.000000 4472.000000 176.000000 1675.000000 30462.000000 5222.000000
837944 35.111230 11.597539 9808.000000 40066.000000 45182.000000 3626.000000 4025.000000 124.000000 2033.000000 30258.000000 5116.000000
838944 33.984040 11.388097 10147.000000 40233.000000 45249.000000 4152.000000 3368.000000 137.000000 2490.000000 30086.000000 5016.000000
839944 32.952998 11.198502 10457.000000 40422.000000 45390.000000 4689.000000 2651.000000 115.000000 3002.000000 29965.000000 4968.000000
840944 31.929244 11.002697 10790.000000 40681.000000 45607.000000 5327.000000 1903.000000 92.000000 3468.000000 29891.000000 4926.000000
841944 30.947499 10.841695 11209.000000 41057.000000 45943.000000 6120.000000 1229.000000 95.000000 3765.000000 29848.000000 4886.000000
842944 29.967387 10.699961 11698.000000 41514.000000 46374.000000 7101.000000 946.000000 102.000000 3549.000000 29816.000000 4860.000000
843944 28.771229 10.446137 12218.000000 42070.000000 46869.000000 8250.000000 845.000000 97.000000 3026.000000 29852.000000 4799.000000
844944 27.887581 10.288942 12767.000000 42710.000000 47449.000000 9506.000000 822.000000 143.000000 2296.000000 29943.000000 4739.000000
845944 27.189352 10.140363 13179.000000 43244.000000 47947.000000 10587.000000 853.000000 159.000000 1580.000000 30065.000000 4703.000000
846944 27.224297 10.245122 13553.000000 43729.000000 48384.000000 11335.000000 992.000000 302.000000 924.000000 30176.000000 4655.000000
847944 27.048598 10.204166 13646.000000 43843.000000 48490.000000 11442.000000 1254.000000 301.000000 649.000000 30197.000000 4647.000000
848944 27.211965 10.258793 13604.000000 43768.000000 48417.000000 11195.000000 1528.000000 318.000000 563.000000 30164.000000 4649.000000
849944 27.481840 10.344685 13554.000000 43658.000000 48276.000000 10825.000000 1826.000000 376.000000 527.000000 30104.000000 4618.000000
850944 27.652039 10.388557 13471.000000 43501.000000 48101.000000 10375.000000 2178.000000 397.000000 521.000000 30030.000000 4600.000000
851944 28.052382 10.502597 13348.000000 43334.000000 47931.000000 9813.000000 2566.000000 437.000000 532.000000 29986.000000 4597.000000
852944 28.901247 10.777803 13198.000000 43133.000000 47737.000000 9072.000000 3034.000000 541.000000 551.000000 29935.000000 4604.000000
853944 29.679900 11.035875 13055.000000 42927.000000 47554.000000 8219.000000 3589.000000 621.000000 626.000000 29872.000000 4627.000000
854944 30.986801 11.458091 12822.000000 42650.000000 47329.000000 7100.000000 4112.000000 744.000000 866.000000 29828.000000 4679.000000
855944 31.897596 11.746470 12602.000000 42354.000000 47095.000000 5935.000000 4768.000000 791.000000 1108.000000 29752.000000 4741.000000
856944 32.276423 11.848978 12398.000000 42085.000000 46907.000000 4889.000000 5397.000000 736.000000 1376.000000 29687.000000 4822.000000
857944 32.542889 11.894367 12211.000000 41860.000000 46728.000000 3799.000000 6026.000000 690.000000 1696.000000 29649.000000 4868.000000
858944 31.005931 11.312993 12136.000000 41779.000000 46672.000000 3378.000000 6375.000000 387.000000 1996.000000 29643.000000 4893.000000
859944 30.400753 11.067786 12019.000000 41702.000000 46676.000000 3595.000000 6041.000000 192.000000 2191.000000 29683.000000 4974.000000
860944 30.256893 11.015281 12053.000000 41768.000000 46726.000000 3845.000000 5495.000000 189.000000 2524.000000 29715.000000 4958.000000
861944 29.729572 10.858203 12182.000000 41938.000000 46877.000000 4286.000000 4825.000000 151.000000 2920.000000 29756.000000 4939.000000
862944 29.277039 10.748031 12354.000000 42161.000000 47097.000000 4831.000000 3972.000000 126.000000 3425.000000 29807.000000 4936.000000
863944 28.887234 10.651013 12546.000000 42442.000000 47357.000000 5457.000000 3057.000000 129.000000 3903.000000 29896.000000 4915.000000
864944 28.526221 10.591247 12784.000000 42750.000000 47662.000000 6134.000000 2184.000000 136.000000 4330.000000 29966.000000 4912.000000
865944 27.809598 10.403578 13099.000000 43186.000000 48070.000000 7064.000000 1321.000000 117.000000 4597.000000 30087.000000 4884.000000
866944 27.229430 10.250175 13430.000000 43689.000000 48526.000000 8103.000000 1022.000000 137.000000 4168.000000 30259.000000 4837.000000
867944 26.682421 10.122662 13822.000000 44281.000000 49078.000000 9309.000000 965.000000 171.000000 3377.000000 30459.000000 4797.000000
868944 26.129749 9.955645 14117.000000 44819.000000 49600.000000 10441.000000 955.000000 157.000000 2564.000000 30702.000000 4781.000000
869944 25.836373 9.900357 14458.000000 45347.000000 50079.000000 11457.000000 1009.000000 226.000000 1766.000000 30889.000000 4732.000000
870944 26.061568 10.065879 14767.000000 45791.000000 50547.000000 12259.000000 1182.000000 332.000000 994.000000 31024.000000 4756.000000
871944 26.492594 10.274581 14803.000000 45815.000000 50659.000000 12347.000000 1391.000000 361.000000 704.000000 31012.000000 4844.000000
872944 26.537233 10.347895 14835.000000 45698.000000 50590.000000 12153.000000 1698.000000 343.000000 641.000000 30863.000000 4892.000000
873944 27.139463 10.631894 14866.000000 45582.000000 50499.000000 11802.000000 2014.000000 452.000000 598.000000 30716.000000 4917.000000
874944 27.652376 10.867020 14777.000000 45365.000000 50391.000000 11345.000000 2387.000000 450.000000 595.000000 30588.000000 5026.000000
875944 28.125791 11.057577 14687.000000 45168.000000 50228.000000 10725.000000 2836.000000 494.000000 632.000000 30481.000000 5060.000000
876944 29.307634 11.532704 14516.000000 44902.000000 50101.000000 9945.000000 3316.000000 579.000000 676.000000 30386.000000 5199.000000
877944 30.411768 11.967952 14343.000000 44621.000000 49925.000000 9041.000000 3854.000000 671.000000 777.000000 30278.000000 5304.000000
878944 31.770727 12.485168 14112.000000 44295.000000 49723.000000 7920.000000 4407.000000 780.000000 1005.000000 30183.000000 5428.000000
879944 32.266035 12.663138 13874.000000 43946.000000 49498.000000 6898.000000 5026.000000 716.000000 1234.000000 30072.000000 5552.000000
880944 33.067770 12.963151 13728.000000 43707.000000 49309.000000 5850.000000 5593.000000 790.000000 1495.000000 29979.000000 5602.000000
881944 33.428586 13.080160 13552.000000 43494.000000 49189.000000 4763.000000 6226.000000 739.000000 1824.000000 29942.000000 5695.000000
882944 32.130208 12.553672 13452.000000 43393.000000 49141.000000 4324.000000 6586.000000 421.000000 2121.000000 29941.000000 5748.000000
883944 31.521288 12.347713 13438.000000 43345.000000 49167.000000 4530.000000 6267.000000 249.000000 2392.000000 29907.000000 5822.000000
884944 31.135342 12.228537 13563.000000 43482.000000 49270.000000 4816.000000 5808.000000 237.000000 2702.000000 29919.000000 5788.000000
885944 30.887793 12.166346 13660.000000 43611.000000 49415.000000 5160.000000 5172.000000 208.000000 3120.000000 29951.000000 5804.000000
886944 30.326618 12.000725 13889.000000 43905.000000 49672.000000 5728.000000 4430.000000 194.000000 3537.000000 30016.000000 5767.000000
887944 29.848569 11.875263 14122.000000 44206.000000 49961.000000 6356.000000 3622.000000 178.000000 3966.000000 30084.000000 5755.000000
888944 29.389825 11.758620 14387.000000 44539.000000 50261.000000 7090.000000 2727.000000 188.000000 4382.000000 30152.000000 5722.000000
889944 28.763758 11.562086 14660.000000 44939.000000 50631.000000 7931.000000 1880.000000 162.000000 4687.000000 30279.000000 5692.000000
890944 28.232164 11.424042 15041.000000 45460.000000 51094.000000 8964.000000 1561.000000 203.000000 4313.000000 30419.000000 5634.000000
891944 27.482514 11.195534 15433.000000 46008.000000 51592.000000 10123.000000 1470.000000 192.000000 3648.000000 30575.000000 5584.000000
892944 26.986211 11.046266 15768.000000 46536.000000 52090.000000 11184.000000 1449.000000 200.000000 2935.000000 30768.000000 5554.000000
893944 26.712297 10.980154 16089.000000 47070.000000 52604.000000 12233.000000 1446.000000 242.000000 2168.000000 30981.000000 5534.000000
894944 26.837294 11.064840 16348.000000 47537.000000 53069.000000 12942.000000 1647.000000 340.000000 1419.000000 31189.000000 5532.000000
895944 26.836364 11.103171 16476.000000 47650.000000 53174.000000 13118.000000 1871.000000 380.000000 1107.000000 31174.000000 5524.000000
896944 26.938794 11.170523 16494.000000 47583.000000 53113.000000 12921.000000 2164.000000 403.000000 1006.000000 31089.000000 5530.000000
897944 27.140652 11.271589 16503.000000 47513.000000 53036.000000 12579.000000 2546.000000 455.000000 923.000000 31010.000000 5523.000000
898944 27.613941 11.487496 16455.000000 47349.000000 52901.000000 12130.000000 2905.000000 525.000000 895.000000 30894.000000 5552.000000
899944 28.288575 11.775517 16310.000000 47119.000000 52779.000000 11537.000000 3307.000000 555.000000 911.000000 30809.000000 5660.000000
900944 28.398280 11.817213 16245.000000 46923.000000 52542.000000 10886.000000 3809.000000 590.000000 960.000000 30678.000000 5619.000000
901944 29.511892 12.254996 16043.000000 46652.000000 52346.000000 9905.000000 4344.000000 721.000000 1073.000000 30609.000000 5694.000000
902944 30.229220 12.529991 15846.000000 46350.000000 52099.000000 8879.000000 4847.000000 779.000000 1341.000000 30504.000000 5749.000000
903944 30.156585 12.476381 15679.000000 46087.000000 51866.000000 7996.000000 5423.000000 692.000000 1568.000000 30408.000000 5779.000000
904944 31.189514 12.845617 15479.000000 45876.000000 51683.000000 6934.000000 5891.000000 832.000000 1822.000000 30397.000000 5807.000000
905944 31.493645 12.927941 15286.000000 45678.000000 51555.000000 5842.000000 6506.000000 788.000000 2150.000000 30392.000000 5877.000000
906944 30.352239 12.439606 15186.000000 45601.000000 51537.000000 5410.000000 6838.000000 475.000000 2463.000000 30415.000000 5936.000000
907944 29.989146 12.315175 15146.000000 45558.000000 51603.000000 5597.000000 6549.000000 310.000000 2690.000000 30412.000000 6045.000000
908944 29.705152 12.248488 15289.000000 45693.000000 51737.000000 5906.000000 6124.000000 293.000000 2966.000000 30404.000000 6044.000000
909944 29.389829 12.153045 15432.000000 45859.000000 51880.000000 6244.000000 5507.000000 284.000000 3397.000000 30427.000000 6021.000000
910944 29.023466 12.049094 15596.000000 46093.000000 52145.000000 6739.000000 4811.000000 231.000000 3815.000000 30497.000000 6052.000000
911944 28.613785 11.954947 15882.000000 46431.000000 52472.000000 7391.000000 4148.000000 232.000000 4111.000000 30549.000000 6041.000000
912944 28.080863 11.785315 16129.000000 46771.000000 52803.000000 8146.000000 3265.000000 191.000000 4527.000000 30642.000000 6032.000000
913944 27.630876 11.664443 16483.000000 47232.000000 53213.000000 9039.000000 2438.000000 226.000000 4780.000000 30749.000000 5981.000000
914944 26.978638 11.481854 16921.000000 47753.000000 53676.000000 10097.000000 2146.000000 240.000000 4438.000000 30832.000000 5923.000000
915944 26.139935 11.202140 17358.000000 48328.000000 54195.000000 11272.000000 2050.000000 204.000000 3832.000000 30970.000000 5867.000000
916944 25.784477 11.082644 17641.000000 48798.000000 54644.000000 12231.000000 1946.000000 210.000000 3254.000000 31157.000000 5846.000000
917944 25.462167 11.000036 18068.000000 49431.000000 55218.000000 13329.000000 1962.000000 287.000000 2490.000000 31363.000000 5787.000000
918944 25.928837 11.243877 18336.000000 49903.000000 55737.000000 14005.000000 2103.000000 433.000000 1795.000000 31567.000000 5834.000000
919944 26.037255 11.329802 18453.000000 50022.000000 55888.000000 14088.000000 2401.000000 466.000000 1498.000000 31569.000000 5866.000000
920944 26.054285 11.352860 18450.000000 49986.000000 55889.000000 13926.000000 2732.000000 442.000000 1350.000000 31536.000000 5903.000000
921944 26.393914 11.495138 18394.000000 49915.000000 55841.000000 13561.000000 3055.000000 493.000000 1285.000000 31521.000000 5926.000000
922944 26.995102 11.762491 18334.000000 49799.000000 55762.000000 13081.000000 3383.000000 596.000000 1274.000000 31465.000000 5963.000000
923944 27.127024 11.835766 18274.000000 49631.000000 55628.000000 12537.000000 3884.000000 587.000000 1266.000000 31357.000000 5997.000000
924944 27.582649 12.041008 18208.000000 49481.000000 55502.000000 11873.000000 4398.000000 662.000000 1275.000000 31273.000000 6021.000000
925944 28.414553 12.392019 18049.000000 49251.000000 55334.000000 10905.000000 4994.000000 774.000000 1376.000000 31202.000000 6083.000000
926944 28.907878 12.580499 17852.000000 48987.000000 55125.000000 9962.000000 5461.000000 797.000000 1632.000000 31135.000000 6138.000000
927944 28.781204 12.484985 17677.000000 48788.000000 54946.000000 9154.000000 5900.000000 702.000000 1921.000000 31111.000000 6158.000000
928944 29.779784 12.879977 17501.000000 48603.000000 54806.000000 8063.000000 6342.000000 856.000000 2240.000000 31102.000000 6203.000000
929944 29.980920 12.925220 17314.000000 48436.000000 54707.000000 7150.000000 6843.000000 800.000000 2521.000000 31122.000000 6271.000000
930944 29.212719 12.566747 17202.000000 48362.000000 54684.000000 6656.000000 7124.000000 550.000000 2872.000000 31160.000000 6322.000000
931944 28.750531 12.355939 17147.000000 48368.000000 54751.000000 6792.000000 6862.000000 382.000000 3111.000000 31221.000000 6383.000000
932944 28.400661 12.200674 17213.000000 48537.000000 54915.000000 7179.000000 6381.000000 322.000000 3331.000000 31324.000000 6378.000000
933944 28.092870 12.096964 17407.000000 48788.000000 55113.000000 7540.000000 5800.000000 342.000000 3725.000000 31381.000000 6325.000000
934944 27.683876 11.953537 17595.000000 49049.000000 55356.000000 7973.000000 5195.000000 310.000000 4117.000000 31454.000000 6307.000000
935944 27.344464 11.830449 17771.000000 49346.000000 55653.000000 8534.000000 4586.000000 277.000000 4374.000000 31575.000000 6307.000000
936944 26.901525 11.660594 17991.000000 49713.000000 55992.000000 9210.000000 3811.000000 250.000000 4720.000000 31722.000000 6279.000000
937944 26.678092 11.595282 18262.000000 50140.000000 56385.000000 9999.000000 3106.000000 293.000000 4864.000000 31878.000000 6245.000000
938944 26.235926 11.439179 18552.000000 50604.000000 56831.000000 10938.000000 2784.000000 274.000000 4556.000000 32052.000000 6227.000000
939944 25.937749 11.338660 18831.000000 51097.000000 57326.000000 11944.000000 2613.000000 271.000000 4003.000000 32266.000000 6229.000000
940944 25.653479 11.240290 19119.000000 51594.000000 57801.000000 12852.000000 2536.000000 290.000000 3441.000000 32475.000000 6207.000000
941944 25.586396 11.225067 19368.000000 52095.000000 58307.000000 13764.000000 2472.000000 333.000000 2799.000000 32727.000000 6212.000000
942944 25.850735 11.382792 19650.000000 52519.000000 58729.000000 14416.000000 2527.000000 475.000000 2232.000000 32869.000000 6210.000000
943944 26.340111 11.608764 19682.000000 52635.000000 58921.000000 14488.000000 2727.000000 554.000000 1913.000000 32953.000000 6286.000000
944944 26.463583 11.689347 19671.000000 52573.000000 58934.000000 14266.000000 3071.000000 528.000000 1806.000000 32902.000000 6361.000000
945944 26.696607 11.805143 19650.000000 52513.000000 58915.000000 13918.000000 3419.000000 553.000000 1760.000000 32863.000000 6402.000000
946944 26.988081 11.954031 19654.000000 52470.000000 58909.000000 13561.000000 3820.000000 603.000000 1670.000000 32816.000000 6439.000000
947944 27.207994 12.074209 19646.000000 52386.000000 58861.000000 13176.000000 4248.000000 632.000000 1590.000000 32740.000000 6475.000000
948944 27.585942 12.228427 19568.000000 52265.000000 58732.000000 12520.000000 4784.000000 715.000000 1549.000000 32697.000000 6467.000000
949944 28.013707 12.412993 19446.000000 52089.000000 58616.000000 11778.000000 5280.000000 749.000000 1639.000000 32643.000000 6527.000000
950944 28.431751 12.578649 19273.000000 51885.000000 58488.000000 10942.000000 5772.000000 754.000000 1805.000000 32612.000000 6603.000000
951944 28.508857 12.605834 19172.000000 51719.000000 58346.000000 10221.000000 6147.000000 728.000000 2076.000000 32547.000000 6627.000000
952944 29.007128 12.794653 19033.000000 51564.000000 58204.000000 9269.000000 6522.000000 807.000000 2435.000000 32531.000000 6640.000000
953944 29.022910 12.761744 18898.000000 51435.000000 58072.000000 8362.000000 6955.000000 774.000000 2807.000000 32537.000000 6637.000000
954944 28.067286 12.321410 18881.000000 51472.000000 58094.000000 7933.000000 7308.000000 536.000000 3104.000000 32591.000000 6622.000000
955944 27.692730 12.135338 18848.000000 51508.000000 58136.000000 7977.000000 7084.000000 427.000000 3360.000000 32660.000000 6628.000000
956944 27.331454 11.976120 18971.000000 51720.000000 58291.000000 8198.000000 6731.000000 410.000000 3632.000000 32749.000000 6571.000000
957944 27.298593 11.965491 19096.000000 51974.000000 58535.000000 8461.000000 6255.000000 443.000000 3937.000000 32878.000000 6561.000000
958944 27.402618 12.030804 19197.000000 52195.000000 58824.000000 8830.000000 5707.000000 448.000000 4212.000000 32998.000000 6629.000000
959944 26.889496 11.825902 19337.000000 52454.000000 59116.000000 9372.000000 5203.000000 329.000000 4433.000000 33117.000000 6662.000000
960944 26.824790 11.801932 19479.000000 52753.000000 59414.000000 9906.000000 4487.000000 351.000000 4735.000000 33274.000000 6661.000000
961944 26.401639 11.638018 19724.000000 53166.000000 59804.000000 10674.000000 3784.000000 322.000000 4944.000000 33442.000000 6638.000000
962944 26.101848 11.523379 19959.000000 53572.000000 60182.000000 11460.000000 3459.000000 325.000000 4715.000000 33613.000000 6610.000000
963944 25.603038 11.339543 20278.000000 54069.000000 60655.000000 12481.000000 3228.000000 292.000000 4277.000000 33791.000000 6586.000000
964944 25.297202 11.218626 20531.000000 54522.000000 61077.000000 13330.000000 3039.000000 297.000000 3865.000000 33991.000000 6555.000000
965944 25.311082 11.234203 20770.000000 55008.000000 61562.000000 14144.000000 2982.000000 362.000000 3282.000000 34238.000000 6554.000000
966944 25.479164 11.323342 21002.000000 55441.000000 61987.000000 14889.000000 2917.000000 473.000000 2723.000000 34439.000000 6546.000000
967944 25.734362 11.432755 21012.000000 55549.000000 62146.000000 14977.000000 3100.000000 508.000000 2427.000000 34537.000000 6597.000000
968944 25.948017 11.539822 21043.000000 55582.000000 62202.000000 14870.000000 3348.000000 558.000000 2267.000000 34539.000000 6620.000000
969944 26.285405 11.698489 21031.000000 55589.000000 62273.000000 14639.000000 3660.000000 601.000000 2131.000000 34558.000000 6684.000000
970944 26.515562 11.778591 20924.000000 55535.000000 62274.000000 14241.000000 4058.000000 596.000000 2029.000000 34611.000000 6739.000000
971944 26.646912 11.838366 20899.000000 55515.000000 62289.000000 13962.000000 4445.000000 600.000000 1892.000000 34616.000000 6774.000000
972944 27.162905 12.069298 20855.000000 55431.000000 62224.000000 13419.000000 4892.000000 717.000000 1827.000000 34576.000000 6793.000000
973944 27.494930 12.218789 20789.000000 55315.000000 62142.000000 12751.000000 5413.000000 766.000000 1859.000000 34526.000000 6827.000000
974944 27.851132 12.372297 20692.000000 55182.000000 62058.000000 12036.000000 5913.000000 802.000000 1941.000000 34490.000000 6876.000000
975944 27.967521 12.409726 20547.000000 54978.000000 61895.000000 11322.000000 6255.000000 764.000000 2206.000000 34431.000000 6917.000000
976944 28.338881 12.536613 20394.000000 54852.000000 61795.000000 10446.000000 6639.000000 804.000000 2505.000000 34458.000000 6943.000000
977944 28.620221 12.623923 20237.000000 54740.000000 61732.000000 9532.000000 7006.000000 801.000000 2898.000000 34503.000000 6992.000000
978944 27.798020 12.231381 20202.000000 54782.000000 61751.000000 9088.000000 7341.000000 584.000000 3189.000000 34580.000000 6969.000000
979944 28.104070 12.354407 20085.000000 54727.000000 61816.000000 8863.000000 7202.000000 548.000000 3472.000000 34642.000000 7089.000000
980944 28.085356 12.353444 20167.000000 54900.000000 62007.000000 8932.000000 6953.000000 553.000000 3729.000000 34733.000000 7107.000000
981944 27.460913 12.100724 20281.000000 55111.000000 62269.000000 9289.000000 6564.000000 377.000000 4051.000000 34830.000000 7158.000000
982944 27.238116 12.017277 20529.000000 55460.000000 62510.000000 9673.000000 6123.000000 462.000000 4271.000000 34931.000000 7050.000000
983944 27.015794 11.920709 20626.000000 55663.000000 62706.000000 10011.000000 5672.000000 432.000000 4511.000000 35037.000000 7043.000000
984944 26.925011 11.896412 20776.000000 55951.000000 63019.000000 10477.000000 5056.000000 429.000000 4814.000000 35175.000000 7068.000000
985944 26.611983 11.770087 20992.000000 56350.000000 63398.000000 11121.000000 4424.000000 414.000000 5033.000000 35358.000000 7048.000000
986944 26.213901 11.603534 21221.000000 56799.000000 63834.000000 11910.000000 4137.000000 372.000000 4802.000000 35578.000000 7035.000000
987944 25.673684 11.383366 21505.000000 57283.000000 64278.000000 12838.000000 3868.000000 322.000000 4477.000000 35778.000000 6995.000000
988944 25.409352 11.289251 21803.000000 57781.000000 64743.000000 13725.000000 3600.000000 347.000000 4131.000000 35978.000000 6962.000000
989944 25.243991 11.226649 22041.000000 58246.000000 65202.000000 14587.000000 3443.000000 364.000000 3647.000000 36205.000000 6956.000000
990944 25.360428 11.260135 22176.000000 58656.000000 65612.000000 15284.000000 3311.000000 432.000000 3149.000000 36480.000000 6956.000000
991944 25.809876 11.454233 22235.000000 58834.000000 65801.000000 15334.000000 3427.000000 570.000000 2904.000000 36599.000000 6967.000000
992944 25.910848 11.493346 22239.000000 58907.000000 65899.000000 15300.000000 3641.000000 582.000000 2716.000000 36668.000000 6992.000000
993944 26.251881 11.634076 22202.000000 58936.000000 65970.000000 15093.000000 3904.000000 641.000000 2564.000000 36734.000000 7034.000000
994944 26.265390 11.632662 22157.000000 58938.000000 66021.000000 14929.000000 4207.000000 597.000000 2424.000000 36781.000000 7083.000000
995944 26.309321 11.663740 22226.000000 59004.000000 66068.000000 14675.000000 4651.000000 642.000000 2258.000000 36778.000000 7064.000000
996944 26.704953 11.829015 22164.000000 58952.000000 66041.000000 14195.000000 5107.000000 723.000000 2139.000000 36788.000000 7089.000000
997944 26.997774 11.945320 22100.000000 58889.000000 65984.000000 13625.000000 5627.000000 787.000000 2061.000000 36789.000000 7095.000000
998944 27.139616 11.981427 21968.000000 58776.000000 65902.000000 13039.000000 6074.000000 770.000000 2085.000000 36808.000000 7126.000000
999944 27.232004 12.009543 21903.000000 58688.000000 65806.000000 12346.000000 6430.000000 785.000000 2342.000000 36785.000000 7118.000000
1000944 27.421027 12.073531 21813.000000 58593.000000 65714.000000 11495.000000 6849.000000 813.000000 2656.000000 36780.000000 7121.000000
1001944 27.416788 12.064004 21768.000000 58549.000000 65683.000000 10685.000000 7284.000000 790.000000 3009.000000 36781.000000 7134.000000
1002944 26.700156 11.734344 21754.000000 58568.000000 65679.000000 10212.000000 7547.000000 596.000000 3399.000000 36814.000000 7111.000000
1003944 26.727185 11.733747 21725.000000 58605.000000 65742.000000 10037.000000 7426.000000 577.000000 3685.000000 36880.000000 7137.000000
1004944 26.905256 11.802090 21714.000000 58723.000000 65929.000000 10048.000000 7208.000000 575.000000 3883.000000 37009.000000 7206.000000
1005944 26.766928 11.732156 21751.000000 58903.000000 66143.000000 10181.000000 6982.000000 520.000000 4068.000000 37152.000000 7240.000000
1006944 26.988109 11.824136 21782.000000 59099.000000 66415.000000 10290.000000 6621.000000 537.000000 4334.000000 37317.000000 7316.000000
1007944 26.900785 11.771945 21798.000000 59272.000000 66633.000000 10542.000000 6139.000000 483.000000 4634.000000 37474.000000 7361.000000
1008944 26.590700 11.643263 21957.000000 59586.000000 66940.000000 11061.000000 5462.000000 440.000000 4994.000000 37629.000000 7354.000000
1009944 26.356983 11.559895 22187.000000 59966.000000 67293.000000 11651.000000 4855.000000 452.000000 5229.000000 37779.000000 7327.000000
1010944 26.131431 11.477130 22372.000000 60318.000000 67665.000000 12291.000000 4565.000000 419.000000 5097.000000 37946.000000 7347.000000
1011944 25.765315 11.330838 22608.000000 60768.000000 68115.000000 13142.000000 4335.000000 371.000000 4760.000000 38160.000000 7347.000000
1012944 25.610121 11.248851 22766.000000 61216.000000 68567.000000 13904.000000 4076.000000 362.000000 4424.000000 38450.000000 7351.000000
1013944 25.252492 11.080216 22992.000000 61745.000000 69051.000000 14889.000000 3859.000000 345.000000 3899.000000 38753.000000 7306.000000
1014944 25.441162 11.143416 23187.000000 62232.000000 69476.000000 15593.000000 3663.000000 498.000000 3433.000000 39045.000000 7244.000000
1015944 25.832787 11.304485 23210.000000 62408.000000 69698.000000 15675.000000 3730.000000 589.000000 3216.000000 39198.000000 7290.000000
1016944 25.943026 11.348239 23188.000000 62465.000000 69817.000000 15639.000000 3907.000000 571.000000 3071.000000 39277.000000 7352.000000
1017944 26.156671 11.414630 23119.000000 62506.000000 69884.000000 15553.000000 4104.000000 599.000000 2863.000000 39387.000000 7378.000000
1018944 26.287006 11.466488 23102.000000 62570.000000 70004.000000 15540.000000 4275.000000 593.000000 2694.000000 39468.000000 7434.000000
1019944 26.847969 11.697025 23079.000000 62611.000000 70052.000000 15185.000000 4628.000000 753.000000 2513.000000 39532.000000 7441.000000
1020944 26.933534 11.730967 23040.000000 62601.000000 70088.000000 14791.000000 5129.000000 735.000000 2385.000000 39561.000000 7487.000000
1021944 27.066238 11.770920 23015.000000 62603.000000 70054.000000 14247.000000 5680.000000 795.000000 2293.000000 39588.000000 7451.000000
1022944 27.122766 11.787051 22966.000000 62560.000000 70026.000000 13691.000000 6157.000000 788.000000 2330.000000 39594.000000 7466.000000
1023944 27.190789 11.805536 22898.000000 62516.000000 70018.000000 13065.000000 6586.000000 764.000000 2483.000000 39618.000000 7502.000000
1024944 27.541211 11.922433 22795.000000 62451.000000 69927.000000 12136.000000 7026.000000 861.000000 2772.000000 39656.000000 7476.000000
1025944 27.459750 11.852604 22663.000000 62411.000000 69934.000000 11384.000000 7508.000000 766.000000 3005.000000 39748.000000 7523.000000
1026944 27.159551 11.696333 22597.000000 62420.000000 69945.000000 10803.000000 7886.000000 656.000000 3252.000000 39823.000000 7525.000000
1027944 27.252177 11.714608 22485.000000 62384.000000 69981.000000 10597.000000 7653.000000 601.000000 3634.000000 39899.000000 7597.000000
1028944 27.297486 11.723508 22494.000000 62492.000000 70107.000000 10606.000000 7378.000000 604.000000 3906.000000 39998.000000 7615.000000
1029944 27.265509 11.722451 22559.000000 62635.000000 70301.000000 10719.000000 7083.000000 575.000000 4182.000000 40076.000000 7666.000000
1030944 27.306334 11.738248 22576.000000 62758.000000 70479.000000 10843.000000 6701.000000 552.000000 4480.000000 40182.000000 7721.000000
1031944 27.371782 11.767120 22615.000000 62900.000000 70663.000000 10948.000000 6209.000000 552.000000 4906.000000 40285.000000 7763.000000
1032944 27.222713 11.712740 22731.000000 63168.000000 70974.000000 11472.000000 5555.000000 507.000000 5197.000000 40437.000000 7806.000000
1033944 27.114720 11.659212 22838.000000 63489.000000 71317.000000 11988.000000 5001.000000 487.000000 5362.000000 40651.000000 7828.000000
1034944 26.835509 11.550525 23043.000000 63903.000000 71737.000000 12733.000000 4684.000000 452.000000 5174.000000 40860.000000 7834.000000
1035944 26.412179 11.374316 23245.000000 64321.000000 72145.000000 13559.000000 4492.000000 382.000000 4812.000000 41076.000000 7824.000000
1036944 26.285842 11.320365 23462.000000 64818.000000 72639.000000 14415.000000 4217.000000 402.000000 4428.000000 41356.000000 7821.000000
1037944 25.987552 11.191795 23675.000000 65308.000000 73125.000000 15399.000000 3949.000000 367.000000 3960.000000 41633.000000 7817.000000
1038944 26.281463 11.286967 23761.000000 65721.000000 73545.000000 15979.000000 3809.000000 477.000000 3496.000000 41960.000000 7824.000000
1039944 26.537830 11.392783 23821.000000 65919.000000 73766.000000 16185.000000 3788.000000 557.000000 3291.000000 42098.000000 7847.000000
1040944 26.887673 11.514807 23790.000000 65995.000000 73818.000000 15979.000000 3972.000000 677.000000 3162.000000 42205.000000 7823.000000
1041944 26.731766 11.444536 23793.000000 66062.000000 73913.000000 15975.000000 4218.000000 608.000000 2992.000000 42269.000000 7851.000000
1042944 26.731390 11.424517 23778.000000 66146.000000 73990.000000 15927.000000 4418.000000 609.000000 2824.000000 42368.000000 7844.000000
1043944 26.993206 11.535916 23827.000000 66229.000000 74047.000000 15623.000000 4821.000000 724.000000 2659.000000 42402.000000 7818.000000
1044944 27.304078 11.648782 23745.000000 66223.000000 74085.000000 15163.000000 5332.000000 768.000000 2482.000000 42478.000000 7862.000000
1045944 27.612389 11.780903 23715.000000 66192.000000 74086.000000 14650.000000 5916.000000 834.000000 2315.000000 42477.000000 7894.000000
1046944 27.607712 11.772249 23644.000000 66136.000000 74081.000000 14045.000000 6482.000000 776.000000 2341.000000 42492.000000 7945.000000
1047944 27.984531 11.919260 23573.000000 66092.000000 74065.000000 13345.000000 6871.000000 855.000000 2502.000000 42519.000000 7973.000000
1048944 28.061986 11.933990 23482.000000 66040.000000 74049.000000 12551.000000 7303.000000 828.000000 2800.000000 42558.000000 8009.000000
1049944 28.123509 11.941669 23366.000000 65979.000000 74060.000000 11789.000000 7703.000000 763.000000 3111.000000 42613.000000 8081.000000
1050944 27.882713 11.804674 23296.000000 65984.000000 74030.000000 11164.000000 7998.000000 693.000000 3441.000000 42688.000000 8046.000000
1051944 27.557846 11.632399 23155.000000 65934.000000 74026.000000 11007.000000 7802.000000 519.000000 3827.000000 42779.000000 8092.000000
1052944 27.920874 11.779536 23206.000000 66085.000000 74171.000000 10931.000000 7476.000000 651.000000 4148.000000 42879.000000 8086.000000
1053944 27.655707 11.666577 23292.000000 66267.000000 74332.000000 11097.000000 7182.000000 607.000000 4406.000000 42975.000000 8065.000000
1054944 27.544262 11.611050 23334.000000 66428.000000 74498.000000 11250.000000 6771.000000 580.000000 4733.000000 43094.000000 8070.000000
1055944 27.512874 11.590224 23362.000000 66579.000000 74675.000000 11456.000000 6214.000000 559.000000 5133.000000 43217.000000 8096.000000
1056944 27.334600 11.515176 23501.000000 66899.000000 74988.000000 11977.000000 5715.000000 546.000000 5263.000000 43398.000000 8089.000000
1057944 27.182841 11.429900 23546.000000 67175.000000 75285.000000 12465.000000 5184.000000 495.000000 5402.000000 43629.000000 8110.000000
1058944 26.823374 11.293903 23804.000000 67618.000000 75678.000000 13207.000000 4895.000000 487.000000 5215.000000 43814.000000 8060.000000
1059944 26.414800 11.126150 24004.000000 68050.000000 76100.000000 14039.000000 4706.000000 417.000000 4842.000000 44046.000000 8050.000000
1060944 25.948623 10.946456 24306.000000 68587.000000 76591.000000 15059.000000 4447.000000 380.000000 4420.000000 44281.000000 8004.000000
1061944 25.554119 10.772126 24514.000000 69090.000000 77060.000000 16048.000000 4091.000000 331.000000 4044.000000 44576.000000 7970.000000
1062944 25.675304 10.827721 24778.000000 69603.000000 77514.000000 16725.000000 3939.000000 482.000000 3632.000000 44825.000000 7911.000000
1063944 26.011366 10.953141 24837.000000 69831.000000 77722.000000 16854.000000 3960.000000 622.000000 3401.000000 44994.000000 7891.000000
1064944 26.396281 11.089267 24746.000000 69875.000000 77823.000000 16665.000000 4140.000000 682.000000 3259.000000 45129.000000 7948.000000
1065944 26.454671 11.101986 24741.000000 69968.000000 77932.000000 16582.000000 4345.000000 688.000000 3126.000000 45227.000000 7964.000000
1066944 26.544475 11.116237 24682.000000 70040.000000 78039.000000 16415.000000 4642.000000 676.000000 2949.000000 45358.000000 7999.000000
1067944 26.984078 11.302400 24660.000000 70062.000000 78125.000000 16096.000000 5018.000000 767.000000 2779.000000 45402.000000 8063.000000
1068944 27.187376 11.374978 24593.000000 70048.000000 78154.000000 15645.000000 5528.000000 784.000000 2636.000000 45455.000000 8106.000000
1069944 27.582721 11.520891 24506.000000 70011.000000 78145.000000 15032.000000 6159.000000 869.000000 2446.000000 45505.000000 8134.000000
1070944 27.832679 11.610103 24383.000000 69912.000000 78113.000000 14376.000000 6705.000000 868.000000 2434.000000 45529.000000 8201.000000
1071944 28.171091 11.736542 24257.000000 69828.000000 78115.000000 13577.000000 7174.000000 881.000000 2625.000000 45571.000000 8287.000000
1072944 28.385585 11.791976 24106.000000 69754.000000 78087.000000 12786.000000 7546.000000 875.000000 2899.000000 45648.000000 8333.000000
1073944 28.407580 11.768849 23980.000000 69712.000000 78079.000000 11953.000000 7972.000000 822.000000 3233.000000 45732.000000 8367.000000
1074944 27.955623 11.558272 23898.000000 69677.000000 78048.000000 11376.000000 8193.000000 650.000000 3679.000000 45779.000000 8371.000000
1075944 27.974067 11.546439 23785.000000 69650.000000 78102.000000 11237.000000 7947.000000 566.000000 4035.000000 45865.000000 8452.000000
1076944 28.109245 11.610941 23877.000000 69817.000000 78271.000000 11305.000000 7619.000000 634.000000 4319.000000 45940.000000 8454.000000
1077944 28.076947 11.593482 23912.000000 69958.000000 78432.000000 11429.000000 7290.000000 619.000000 4574.000000 46046.000000 8474.000000
1078944 27.974485 11.545799 23971.000000 70146.000000 78626.000000 11686.000000 6836.000000 598.000000 4851.000000 46175.000000 8480.000000
1079944 27.849073 11.503246 24064.000000 70348.000000 78856.000000 12035.000000 6297.000000 563.000000 5169.000000 46284.000000 8508.000000
1080944 27.536453 11.379628 24232.000000 70678.000000 79159.000000 12552.000000 5693.000000 527.000000 5460.000000 46446.000000 8481.000000
1081944 27.349698 11.299009 24356.000000 70998.000000 79476.000000 13103.000000 5162.000000 502.000000 5589.000000 46642.000000 8478.000000
1082944 27.081502 11.190572 24526.000000 71377.000000 79844.000000 13743.000000 4954.000000 468.000000 5361.000000 46851.000000 8467.000000
1083944 26.661042 11.020052 24746.000000 71849.000000 80290.000000 14617.000000 4796.000000 407.000000 4926.000000 47103.000000 8441.000000
1084944 26.306506 10.888639 25044.000000 72405.000000 80809.000000 15677.000000 4532.000000 395.000000 4440.000000 47361.000000 8404.000000
1085944 26.126421 10.797348 25215.000000 72920.000000 81307.000000 16665.000000 4205.000000 392.000000 3953.000000 47705.000000 8387.000000
1086944 26.301135 10.860764 25372.000000 73366.000000 81753.000000 17278.000000 4076.000000 492.000000 3526.000000 47994.000000 8387.000000
1087944 26.687171 11.009846 25398.000000 73547.000000 81963.000000 17284.000000 4121.000000 608.000000 3385.000000 48149.000000 8416.000000
1088944 27.000503 11.132779 25364.000000 73581.000000 82046.000000 17090.000000 4295.000000 669.000000 3310.000000 48217.000000 8465.000000
1089944 27.412203 11.292287 25285.000000 73575.000000 82118.000000 16884.000000 4456.000000 730.000000 3215.000000 48290.000000 8543.000000
1090944 27.672174 11.372597 25189.000000 73595.000000 82180.000000 16569.000000 4780.000000 761.000000 3079.000000 48406.000000 8585.000000
1091944 27.797052 11.404448 25098.000000 73571.000000 82196.000000 16173.000000 5300.000000 749.000000 2876.000000 48473.000000 8625.000000
1092944 27.986480 11.474035 25072.000000 73609.000000 82264.000000 15756.000000 5878.000000 784.000000 2654.000000 48537.000000 8655.000000
1093944 28.263064 11.573674 25012.000000 73579.000000 82247.000000 15255.000000 6405.000000 851.000000 2501.000000 48567.000000 8668.000000
1094944 28.502602 11.648597 24865.000000 73516.000000 82276.000000 14618.000000 6927.000000 824.000000 2496.000000 48651.000000 8760.000000
1095944 28.893797 11.774294 24742.000000 73453.000000 82213.000000 13833.000000 7317.000000 920.000000 2672.000000 48711.000000 8760.000000
1096944 29.202877 11.862447 24521.000000 73301.000000 82150.000000 12923.000000 7724.000000 896.000000 2978.000000 48780.000000 8849.000000
1097944 29.075736 11.794647 24419.000000 73228.000000 82122.000000 12169.000000 8089.000000 792.000000 3369.000000 48809.000000 8894.000000
1098944 28.593750 11.588202 24426.000000 73264.000000 82118.000000 11720.000000 8226.000000 662.000000 3818.000000 48838.000000 8854.000000
748329 1.268665 0.282493 8907.000000 40001.000000 40001.000000 7117.000000 516.000000 113.000000 1161.000000 31094.000000 0.000000
749329 2.102438 0.467894 8906.000000 40144.000000 40180.000000 7199.000000 665.000000 152.000000 890.000000 31238.000000 36.000000
750329 3.885663 0.862582 8802.000000 40190.000000 40344.000000 7185.000000 793.000000 194.000000 630.000000 31388.000000 154.000000
751329 7.001115 1.551613 8644.000000 40148.000000 40474.000000 6913.000000 992.000000 302.000000 437.000000 31504.000000 326.000000
752329 11.175423 2.475711 8359.000000 39929.000000 40554.000000 6389.000000 1251.000000 379.000000 340.000000 31570.000000 625.000000
753329 16.514375 3.649078 7936.000000 39575.000000 40613.000000 5695.000000 1525.000000 444.000000 272.000000 31639.000000 1038.000000
754329 20.729132 4.587833 7536.000000 39190.000000 40651.000000 5037.000000 1786.000000 404.000000 309.000000 31654.000000 1461.000000
755329 25.102652 5.559515 7131.000000 38807.000000 40687.000000 4405.000000 1985.000000 382.000000 359.000000 31676.000000 1880.000000
756329 29.876899 6.616889 6712.000000 38409.000000 40714.000000 3678.000000 2168.000000 389.000000 477.000000 31697.000000 2305.000000
757329 33.824834 7.488587 6295.000000 38017.000000 40742.000000 3078.000000 2280.000000 326.000000 611.000000 31722.000000 2725.000000
758329 38.352367 8.483971 5932.000000 37684.000000 40771.000000 2435.000000 2376.000000 372.000000 749.000000 31752.000000 3087.000000
759329 40.971992 9.066190 5579.000000 37368.000000 40822.000000 2079.000000 2314.000000 247.000000 939.000000 31789.000000 3454.000000
760329 43.208236 9.548390 5329.000000 37172.000000 40876.000000 1800.000000 2207.000000 199.000000 1123.000000 31843.000000 3704.000000
761329 45.412234 10.005371 5125.000000 37059.000000 40958.000000 1614.000000 2000.000000 199.000000 1312.000000 31934.000000 3899.000000
762329 46.667405 10.267716 4964.000000 36983.000000 41051.000000 1543.000000 1810.000000 147.000000 1464.000000 32019.000000 4068.000000
763329 47.335770 10.384718 4841.000000 36961.000000 41147.000000 1581.000000 1608.000000 87.000000 1565.000000 32120.000000 4186.000000
764329 47.310284 10.370209 4831.000000 37079.000000 41301.000000 1809.000000 1350.000000 61.000000 1611.000000 32248.000000 4222.000000
765329 47.071107 10.328695 4861.000000 37229.000000 41467.000000 2101.000000 1132.000000 45.000000 1583.000000 32368.000000 4238.000000
766329 46.862702 10.287483 4902.000000 37426.000000 41672.000000 2481.000000 880.000000 41.000000 1500.000000 32524.000000 4246.000000
767329 46.628969 10.244404 4934.000000 37595.000000 41857.000000 2820.000000 706.000000 26.000000 1382.000000 32661.000000 4262.000000
768329 46.342253 10.216218 5007.000000 37780.000000 42041.000000 3160.000000 572.000000 34.000000 1241.000000 32773.000000 4261.000000
769329 46.069822 10.185382 5067.000000 37966.000000 42237.000000 3501.000000 468.000000 31.000000 1067.000000 32899.000000 4271.000000
770329 46.303585 10.266752 5115.000000 38113.000000 42399.000000 3723.000000 406.000000 67.000000 919.000000 32998.000000 4286.000000
771329 46.218132 10.263819 5147.000000 38261.000000 42567.000000 3949.000000 408.000000 63.000000 727.000000 33114.000000 4306.000000
772329 46.801560 10.405830 5160.000000 38349.000000 42678.000000 4017.000000 437.000000 112.000000 594.000000 33189.000000 4329.000000
773329 46.552623 10.440987 5227.000000 38385.000000 42745.000000 4133.000000 509.000000 103.000000 482.000000 33158.000000 4360.000000
774329 45.708726 10.441720 5424.000000 38402.000000 42742.000000 4358.000000 577.000000 123.000000 366.000000 32978.000000 4340.000000
775329 44.085487 10.402496 5808.000000 38382.000000 42634.000000 4649.000000 691.000000 183.000000 285.000000 32574.000000 4252.000000
776329 41.668278 10.164336 6208.000000 38275.000000 42413.000000 4979.000000 818.000000 173.000000 238.000000 32067.000000 4138.000000
777329 39.123087 9.900214 6697.000000 38136.000000 42090.000000 5308.000000 956.000000 213.000000 220.000000 31439.000000 3954.000000
778329 37.035316 9.550629 6997.000000 37962.000000 41725.000000 5496.000000 1037.000000 222.000000 242.000000 30965.000000 3763.000000
779329 35.663298 9.299459 7156.000000 37737.000000 41368.000000 5523.000000 1117.000000 216.000000 300.000000 30581.000000 3631.000000
780329 34.342964 8.990656 7257.000000 37514.000000 40987.000000 5493.000000 1166.000000 212.000000 386.000000 30257.000000 3473.000000
781329 33.127225 8.699931 7329.000000 37299.000000 40644.000000 5472.000000 1222.000000 191.000000 444.000000 29970.000000 3345.000000
782329 32.189450 8.443893 7375.000000 37122.000000 40325.000000 5416.000000 1254.000000 202.000000 503.000000 29747.000000 3203.000000
783329 31.344281 8.194389 7379.000000 36969.000000 40064.000000 5392.000000 1207.000000 188.000000 592.000000 29590.000000 3095.000000
784329 31.091310 8.130591 7365.000000 36839.000000 39911.000000 5336.000000 1195.000000 173.000000 661.000000 29474.000000 3072.000000
785329 31.901899 8.387275 7399.000000 36778.000000 39858.000000 5202.000000 1210.000000 263.000000 724.000000 29379.000000 3080.000000
786329 33.556277 8.826782 7296.000000 36618.000000 39788.000000 4818.000000 1358.000000 342.000000 778.000000 29322.000000 3170.000000
787329 35.246996 9.292035 7179.000000 36469.000000 39776.000000 4384.000000 1577.000000 389.000000 829.000000 29290.000000 3307.000000
788329 36.726585 9.740797 7069.000000 36352.000000 39853.000000 3945.000000 1897.000000 381.000000 846.000000 29283.000000 3501.000000
789329 37.029759 9.904881 7047.000000 36311.000000 39950.000000 3683.000000 2208.000000 318.000000 838.000000 29264.000000 3639.000000
790329 36.577708 9.881009 7099.000000 36357.000000 40087.000000 3621.000000 2458.000000 231.000000 789.000000 29258.000000 3730.000000
791329 36.628226 9.957205 7155.000000 36421.000000 40192.000000 3518.000000 2653.000000 231.000000 753.000000 29266.000000 3771.000000
792329 36.440141 9.984628 7220.000000 36501.000000 40332.000000 3474.000000 2798.000000 196.000000 752.000000 29281.000000 3831.000000
793329 36.187153 9.994317 7305.000000 36600.000000 40473.000000 3477.000000 2815.000000 172.000000 841.000000 29295.000000 3873.000000
794329 35.993615 10.001232 7389.000000 36697.000000 40585.000000 3462.000000 2706.000000 171.000000 1050.000000 29308.000000 3888.000000
795329 35.911408 10.041039 7455.000000 36770.000000 40693.000000 3412.000000 2534.000000 163.000000 1346.000000 29315.000000 3923.000000
796329 35.716158 10.027233 7529.000000 36845.000000 40759.000000 3312.000000 2337.000000 173.000000 1707.000000 29316.000000 3914.000000
797329 35.736596 10.084959 7544.000000 36861.000000 40843.000000 3388.000000 2027.000000 137.000000 1992.000000 29317.000000 3982.000000
798329 35.908196 10.228825 7634.000000 36949.000000 40992.000000 3608.000000 1805.000000 150.000000 2071.000000 29315.000000 4043.000000
799329 35.599088 10.239472 7793.000000 37124.000000 41174.000000 4009.000000 1586.000000 166.000000 2032.000000 29331.000000 4050.000000
800329 35.396019 10.270910 7940.000000 37312.000000 41379.000000 4485.000000 1404.000000 183.000000 1868.000000 29372.000000 4067.000000
801329 35.000000 10.198430 8056.000000 37482.000000 41526.000000 4935.000000 1273.000000 191.000000 1657.000000 29426.000000 4044.000000
802329 34.420948 10.015623 8115.000000 37614.000000 41605.000000 5356.000000 1113.000000 176.000000 1470.000000 29499.000000 3991.000000
803329 33.797678 9.796428 8145.000000 37692.000000 41607.000000 5658.000000 935.000000 161.000000 1391.000000 29547.000000 3915.000000
804329 33.388829 9.641132 8180.000000 37770.000000 41603.000000 5864.000000 873.000000 178.000000 1265.000000 29590.000000 3833.000000
805329 32.788397 9.414115 8160.000000 37776.000000 41544.000000 6074.000000 848.000000 143.000000 1095.000000 29616.000000 3768.000000
806329 32.302231 9.210304 8148.000000 37813.000000 41497.000000 6234.000000 841.000000 138.000000 935.000000 29665.000000 3684.000000
807329 31.924683 9.039589 8126.000000 37840.000000 41451.000000 6389.000000 815.000000 136.000000 786.000000 29714.000000 3611.000000
808329 31.735862 8.962606 8166.000000 37910.000000 41450.000000 6563.000000 816.000000 175.000000 612.000000 29744.000000 3540.000000
809329 32.668672 9.179386 8099.000000 37872.000000 41408.000000 6423.000000 855.000000 265.000000 556.000000 29773.000000 3536.000000
810329 34.017035 9.484806 7954.000000 37714.000000 41266.000000 6010.000000 1046.000000 362.000000 536.000000 29760.000000 3552.000000
811329 35.494582 9.876003 7792.000000 37478.000000 41130.000000 5518.000000 1309.000000 410.000000 555.000000 29686.000000 3652.000000
812329 36.247148 10.075874 7645.000000 37240.000000 40989.000000 5052.000000 1663.000000 381.000000 549.000000 29595.000000 3749.000000
813329 37.229854 10.398338 7565.000000 37056.000000 40920.000000 4605.000000 2021.000000 391.000000 548.000000 29491.000000 3864.000000
814329 37.334725 10.493631 7504.000000 36909.000000 40901.000000 4324.000000 2357.000000 300.000000 523.000000 29405.000000 3992.000000
815329 37.924479 10.727642 7500.000000 36840.000000 40913.000000 4029.000000 2657.000000 316.000000 498.000000 29340.000000 4073.000000
816329 38.065402 10.831074 7479.000000 36775.000000 40947.000000 3794.000000 2902.000000 263.000000 520.000000 29296.000000 4172.000000
817329 37.892319 10.869300 7538.000000 36768.000000 40987.000000 3599.000000 3064.000000 236.000000 639.000000 29230.000000 4219.000000
818329 38.047337 10.968151 7565.000000 36772.000000 41037.000000 3403.000000 3049.000000 236.000000 877.000000 29207.000000 4265.000000
819329 38.240982 11.073776 7586.000000 36763.000000 41070.000000 3117.000000 3017.000000 241.000000 1211.000000 29177.000000 4307.000000
820329 37.844402 10.996472 7602.000000 36756.000000 41095.000000 2973.000000 2867.000000 180.000000 1582.000000 29154.000000 4339.000000
821329 37.755611 11.046526 7641.000000 36728.000000 41117.000000 3061.000000 2499.000000 153.000000 1928.000000 29087.000000 4389.000000
822329 37.350189 11.054153 7787.000000 36766.000000 41161.000000 3316.000000 2214.000000 155.000000 2102.000000 28979.000000 4395.000000
823329 36.756277 11.019410 7999.000000 36930.000000 41318.000000 3759.000000 1930.000000 165.000000 2145.000000 28931.000000 4388.000000
824329 35.736951 10.857776 8277.000000 37162.000000 41491.000000 4324.000000 1682.000000 176.000000 2095.000000 28885.000000 4329.000000
825329 34.802693 10.672269 8490.000000 37368.000000 41650.000000 4883.000000 1445.000000 163.000000 1999.000000 28878.000000 4282.000000
826329 33.585547 10.394514 8731.000000 37628.000000 41849.000000 5540.000000 1239.000000 129.000000 1823.000000 28897.000000 4221.000000
827329 32.719883 10.170906 8908.000000 37820.000000 41953.000000 5997.000000 997.000000 134.000000 1780.000000 28912.000000 4133.000000
828329 31.787777 9.938449 9095.000000 38018.000000 42079.000000 6484.000000 932.000000 121.000000 1558.000000 28923.000000 4061.000000
829329 31.065245 9.739506 9237.000000 38199.000000 42189.000000 6905.000000 907.000000 119.000000 1306.000000 28962.000000 3990.000000
830329 30.379652 9.568033 9389.000000 38379.000000 42318.000000 7316.000000 901.000000 110.000000 1062.000000 28990.000000 3939.000000
831329 29.800239 9.421468 9539.000000 38558.000000 42435.000000 7722.000000 858.000000 121.000000 838.000000 29019.000000 3877.000000
832329 29.770823 9.436934 9656.000000 38708.000000 42535.000000 7990.000000 836.000000 187.000000 643.000000 29052.000000 3827.000000
833329 30.497139 9.659425 9641.000000 38671.000000 42487.000000 7821.000000 920.000000 288.000000 612.000000 29030.000000 3816.000000
834329 31.611940 10.000000 9564.000000 38524.000000 42360.000000 7418.000000 1125.000000 400.000000 621.000000 28960.000000 3836.000000
835329 32.454422 10.225493 9409.000000 38265.000000 42130.000000 6880.000000 1463.000000 443.000000 623.000000 28856.000000 3865.000000
836329 33.285204 10.440503 9225.000000 38018.000000 41952.000000 6308.000000 1857.000000 446.000000 614.000000 28793.000000 3934.000000
837329 34.038007 10.664754 9123.000000 37840.000000 41820.000000 5753.000000 2314.000000 480.000000 576.000000 28717.000000 3980.000000
838329 34.086384 10.670279 8996.000000 37652.000000 41714.000000 5329.000000 2747.000000 389.000000 531.000000 28656.000000 4062.000000
839329 34.618634 10.825287 8911.000000 37526.000000 41634.000000 4891.000000 3135.000000 399.000000 486.000000 28615.000000 4108.000000
840329 34.929187 10.915213 8817.000000 37400.000000 41575.000000 4430.000000 3471.000000 363.000000 553.000000 28583.000000 4175.000000
841329 35.319935 11.038649 8732.000000 37299.000000 41554.000000 4015.000000 3663.000000 332.000000 722.000000 28567.000000 4255.000000
842329 35.858625 11.227386 8711.000000 37264.000000 41568.000000 3618.000000 3726.000000 363.000000 1004.000000 28553.000000 4304.000000
843329 36.353854 11.382505 8644.000000 37188.000000 41555.000000 3158.000000 3725.000000 363.000000 1398.000000 28544.000000 4367.000000
844329 35.283280 11.059509 8615.000000 37146.000000 41557.000000 2965.000000 3649.000000 185.000000 1816.000000 28531.000000 4411.000000
845329 35.398298 11.107903 8602.000000 37124.000000 41565.000000 2993.000000 3206.000000 176.000000 2227.000000 28522.000000 4441.000000
846329 34.851019 11.008403 8726.000000 37220.000000 41650.000000 3274.000000 2860.000000 155.000000 2437.000000 28494.000000 4430.000000
847329 34.262381 10.933129 8935.000000 37415.000000 41827.000000 3772.000000 2458.000000 161.000000 2544.000000 28480.000000 4412.000000
848329 33.645135 10.858352 9190.000000 37682.000000 42069.000000 4327.000000 2146.000000 181.000000 2536.000000 28492.000000 4387.000000
849329 32.849786 10.702555 9409.000000 37939.000000 42317.000000 4968.000000 1831.000000 151.000000 2459.000000 28530.000000 4378.000000
850329 31.931275 10.511124 9688.000000 38273.000000 42612.000000 5707.000000 1480.000000 140.000000 2361.000000 28585.000000 4339.000000
851329 30.939810 10.261499 9915.000000 38540.000000 42830.000000 6361.000000 1131.000000 105.000000 2318.000000 28625.000000 4290.000000
852329 30.269370 10.118592 10166.000000 38851.000000 43089.000000 7001.000000 1032.000000 122.000000 2011.000000 28685.000000 4238.000000
853329 29.553712 9.952672 10394.000000 39122.000000 43315.000000 7605.000000 1012.000000 118.000000 1659.000000 28728.000000 4193.000000
854329 28.906250 9.779361 10554.000000 39344.000000 43510.000000 8140.000000 971.000000 89.000000 1354.000000 28790.000000 4166.000000
855329 28.407943 9.653216 10732.000000 39593.000000 43716.000000 8666.000000 923.000000 97.000000 1046.000000 28861.000000 4123.000000
856329 28.197288 9.660450 10992.000000 39859.000000 43911.000000 9132.000000 885.000000 190.000000 785.000000 28867.000000 4052.000000
857329 28.364938 9.747539 11078.000000 39884.000000 43888.000000 9060.000000 1023.000000 274.000000 721.000000 28806.000000 4004.000000
858329 29.286284 10.075446 11061.000000 39753.000000 43740.000000 8643.000000 1277.000000 420.000000 721.000000 28692.000000 3987.000000
859329 30.231938 10.408444 10931.000000 39507.000000 43580.000000 8146.000000 1623.000000 463.000000 699.000000 28576.000000 4073.000000
860329 30.822285 10.605013 10824.000000 39294.000000 43404.000000 7628.000000 2047.000000 493.000000 656.000000 28470.000000 4110.000000
861329 31.580007 10.883992 10739.000000 39081.000000 43247.000000 7087.000000 2521.000000 541.000000 590.000000 28342.000000 4166.000000
862329 31.686910 10.895844 10601.000000 38880.000000 43099.000000 6563.000000 3017.000000 477.000000 544.000000 28279.000000 4219.000000
863329 32.110403 11.012908 10450.000000 38699.000000 42995.000000 5985.000000 3503.000000 439.000000 523.000000 28249.000000 4296.000000
864329 32.877365 11.256349 10302.000000 38526.000000 42918.000000 5412.000000 3824.000000 439.000000 627.000000 28224.000000 4392.000000
865329 33.451836 11.420502 10141.000000 38358.000000 42844.000000 4843.000000 4043.000000 407.000000 848.000000 28217.000000 4486.000000
866329 34.014398 11.596540 10027.000000 38222.000000 42780.000000 4341.000000 4152.000000 403.000000 1131.000000 28195.000000 4558.000000
867329 34.703416 11.815225 9927.000000 38111.000000 42733.000000 3709.000000 4216.000000 427.000000 1575.000000 28184.000000 4622.000000
868329 33.775426 11.505958 9876.000000 38041.000000 42717.000000 3465.000000 4171.000000 239.000000 2001.000000 28165.000000 4676.000000
869329 34.029585 11.620674 9842.000000 38000.000000 42760.000000 3495.000000 3753.000000 209.000000 2385.000000 28158.000000 4760.000000
870329 33.892207 11.643580 9955.000000 38105.000000 42882.000000 3798.000000 3296.000000 216.000000 2645.000000 28150.000000 4777.000000
871329 33.703330 11.641416 10077.000000 38248.000000 43036.000000 4095.000000 2952.000000 222.000000 2808.000000 28171.000000 4788.000000
872329 33.035832 11.537485 10342.000000 38527.000000 43311.000000 4699.000000 2638.000000 213.000000 2792.000000 28185.000000 4784.000000
873329 32.177477 11.350024 10593.000000 38799.000000 43577.000000 5345.000000 2322.000000 168.000000 2758.000000 28206.000000 4778.000000
874329 31.356366 11.165535 10878.000000 39142.000000 43894.000000 6136.000000 1891.000000 149.000000 2702.000000 28264.000000 4752.000000
875329 30.323230 10.899146 11189.000000 39529.000000 44242.000000 6951.000000 1493.000000 109.000000 2636.000000 28340.000000 4713.000000
876329 29.466444 10.677715 11487.000000 39882.000000 44532.000000 7709.000000 1322.000000 105.000000 2351.000000 28395.000000 4650.000000
877329 28.776185 10.484735 11729.000000 40211.000000 44808.000000 8369.000000 1263.000000 101.000000 1996.000000 28482.000000 4597.000000
878329 27.997098 10.273760 12002.000000 40537.000000 45076.000000 9041.000000 1194.000000 92.000000 1675.000000 28535.000000 4539.000000
879329 27.751253 10.247934 12234.000000 40853.000000 45375.000000 9633.000000 1089.000000 128.000000 1384.000000 28619.000000 4522.000000
880329 27.951594 10.371263 12427.000000 41142.000000 45655.000000 10066.000000 1063.000000 222.000000 1076.000000 28715.000000 4513.000000
881329 28.813759 10.703893 12445.000000 41170.000000 45703.000000 9928.000000 1185.000000 359.000000 973.000000 28725.000000 4533.000000
882329 29.494067 10.955900 12336.000000 40998.000000 45601.000000 9555.000000 1453.000000 393.000000 935.000000 28662.000000 4603.000000
883329 30.443824 11.288830 12230.000000 40789.000000 45390.000000 9002.000000 1799.000000 523.000000 906.000000 28559.000000 4601.000000
884329 30.922188 11.470341 12121.000000 40606.000000 45282.000000 8522.000000 2297.000000 518.000000 784.000000 28485.000000 4676.000000
885329 31.527861 11.668699 11992.000000 40397.000000 45095.000000 7973.000000 2772.000000 564.000000 683.000000 28405.000000 4698.000000
886329 31.944862 11.813022 11854.000000 40166.000000 44925.000000 7369.000000 3338.000000 548.000000 599.000000 28312.000000 4759.000000
887329 32.474227 11.961135 11642.000000 39922.000000 44770.000000 6716.000000 3789.000000 507.000000 630.000000 28280.000000 4848.000000
888329 32.949421 12.104592 11488.000000 39747.000000 44669.000000 6154.000000 4110.000000 485.000000 739.000000 28259.000000 4922.000000
889329 33.055112 12.096847 11344.000000 39574.000000 44524.000000 5555.000000 4391.000000 436.000000 962.000000 28230.000000 4950.000000
890329 33.530864 12.233408 11234.000000 39437.000000 44403.000000 4880.000000 4593.000000 466.000000 1295.000000 28203.000000 4966.000000
891329 33.998018 12.383552 11092.000000 39277.000000 44333.000000 4252.000000 4675.000000 434.000000 1731.000000 28185.000000 5056.000000
892329 33.370508 12.146498 11034.000000 39236.000000 44342.000000 3985.000000 4620.000000 280.000000 2149.000000 28202.000000 5106.000000
893329 32.980436 12.010462 11019.000000 39220.000000 44353.000000 4109.000000 4193.000000 194.000000 2523.000000 28201.000000 5133.000000
894329 32.728503 11.975603 11175.000000 39349.000000 44432.000000 4332.000000 3751.000000 238.000000 2854.000000 28174.000000 5083.000000
895329 32.656535 12.037556 11363.000000 39540.000000 44627.000000 4671.000000 3388.000000 285.000000 3019.000000 28177.000000 5087.000000
896329 32.090762 11.911499 11563.000000 39785.000000 44881.000000 5206.000000 3046.000000 250.000000 3061.000000 28222.000000 5096.000000
897329 31.332505 11.724184 11809.000000 40062.000000 45146.000000 5871.000000 2662.000000 209.000000 3067.000000 28253.000000 5084.000000
898329 30.349040 11.465178 12138.000000 40451.000000 45503.000000 6694.000000 2240.000000 165.000000 3039.000000 28313.000000 5052.000000
899329 29.515797 11.243132 12461.000000 40857.000000 45868.000000 7541.000000 1812.000000 146.000000 2962.000000 28396.000000 5011.000000
900329 28.784973 11.040436 12744.000000 41237.000000 46221.000000 8330.000000 1623.000000 119.000000 2672.000000 28493.000000 4984.000000
901329 28.241435 10.920256 13056.000000 41621.000000 46574.000000 9095.000000 1570.000000 133.000000 2258.000000 28565.000000 4953.000000
902329 27.798210 10.792379 13267.000000 41972.000000 46922.000000 9808.000000 1419.000000 114.000000 1926.000000 28705.000000 4950.000000
903329 27.615743 10.779355 13509.000000 42320.000000 47257.000000 10433.000000 1306.000000 157.000000 1613.000000 28811.000000 4937.000000
904329 27.923961 10.941379 13686.000000 42590.000000 47526.000000 10832.000000 1306.000000 264.000000 1284.000000 28904.000000 4936.000000
905329 28.373684 11.156877 13748.000000 42622.000000 47585.000000 10810.000000 1395.000000 346.000000 1197.000000 28874.000000 4963.000000
906329 29.085546 11.422614 13684.000000 42515.000000 47476.000000 10373.000000 1661.000000 462.000000 1188.000000 28831.000000 4961.000000
907329 29.537883 11.607086 13639.000000 42388.000000 47359.000000 9928.000000 2101.000000 526.000000 1084.000000 28749.000000 4971.000000
908329 29.645970 11.660142 13613.000000 42282.000000 47255.000000 9515.000000 2607.000000 537.000000 954.000000 28669.000000 4973.000000
909329 30.509299 11.983945 13486.000000 42078.000000 47088.000000 8856.000000 3144.000000 633.000000 853.000000 28592.000000 5010.000000
910329 30.705710 12.034238 13332.000000 41891.000000 46966.000000 8259.000000 3775.000000 577.000000 721.000000 28559.000000 5075.000000
911329 30.799562 12.027888 13176.000000 41674.000000 46758.000000 7661.000000 4237.000000 540.000000 738.000000 28498.000000 5084.000000
912329 31.241029 12.142735 12974.000000 41464.000000 46604.000000 6964.000000 4618.000000 519.000000 873.000000 28490.000000 5140.000000
913329 31.494751 12.199058 12832.000000 41308.000000 46479.000000 6351.000000 4874.000000 499.000000 1108.000000 28476.000000 5171.000000
914329 31.779045 12.261892 12667.000000 41136.000000 46355.000000 5652.000000 5053.000000 465.000000 1497.000000 28469.000000 5219.000000
915329 32.122748 12.337803 12521.000000 41001.000000 46240.000000 4976.000000 5100.000000 466.000000 1979.000000 28480.000000 5239.000000
916329 31.421151 12.041806 12475.000000 40978.000000 46214.000000 4652.000000 5059.000000 329.000000 2435.000000 28503.000000 5236.000000
917329 31.301892 11.982962 12408.000000 40952.000000 46249.000000 4719.000000 4572.000000 245.000000 2872.000000 28544.000000 5297.000000
918329 31.581905 12.119121 12477.000000 41055.000000 46373.000000 4882.000000 4113.000000 302.000000 3180.000000 28578.000000 5318.000000
919329 31.342203 12.089847 12661.000000 41266.000000 46568.000000 5217.000000 3795.000000 328.000000 3321.000000 28605.000000 5302.000000
920329 31.042080 12.036562 12822.000000 41490.000000 46824.000000 5721.000000 3415.000000 302.000000 3384.000000 28668.000000 5334.000000
921329 30.686392 11.972414 13038.000000 41777.000000 47125.000000 6363.000000 3048.000000 294.000000 3333.000000 28739.000000 5348.000000
922329 29.811199 11.703270 13285.000000 42132.000000 47491.000000 7192.000000 2617.000000 199.000000 3277.000000 28847.000000 5359.000000
923329 28.843509 11.392987 13611.000000 42563.000000 47854.000000 8118.000000 2184.000000 161.000000 3148.000000 28952.000000 5291.000000
924329 28.219964 11.226309 13924.000000 42965.000000 48226.000000 8973.000000 1940.000000 153.000000 2858.000000 29041.000000 5261.000000
925329 27.436990 10.995454 14250.000000 43380.000000 48611.000000 9852.000000 1844.000000 114.000000 2440.000000 29130.000000 5231.000000
926329 26.999645 10.890442 14549.000000 43750.000000 48942.000000 10597.000000 1642.000000 138.000000 2172.000000 29201.000000 5192.000000
927329 26.878280 10.901166 14823.000000 44143.000000 49325.000000 11276.000000 1497.000000 195.000000 1855.000000 29320.000000 5182.000000
928329 26.998813 11.002460 15021.000000 44407.000000 49598.000000 11711.000000 1471.000000 266.000000 1573.000000 29386.000000 5191.000000
929329 27.580431 11.269931 15089.000000 44464.000000 49672.000000 11736.000000 1487.000000 390.000000 1476.000000 29375.000000 5208.000000
930329 28.394697 11.611876 15033.000000 44357.000000 49613.000000 11321.000000 1783.000000 505.000000 1424.000000 29324.000000 5256.000000
931329 28.917505 11.829650 14968.000000 44245.000000 49545.000000 10911.000000 2225.000000 561.000000 1271.000000 29277.000000 5300.000000
932329 29.444883 12.053941 14909.000000 44122.000000 49461.000000 10407.000000 2769.000000 623.000000 1110.000000 29213.000000 5339.000000
933329 29.706553 12.144116 14789.000000 43964.000000 49349.000000 9789.000000 3439.000000 608.000000 953.000000 29175.000000 5385.000000
934329 30.113467 12.294782 14648.000000 43770.000000 49216.000000 9179.000000 4049.000000 605.000000 815.000000 29122.000000 5446.000000
935329 30.421732 12.400334 14521.000000 43571.000000 49039.000000 8526.000000 4568.000000 613.000000 814.000000 29050.000000 5468.000000
936329 30.627771 12.438106 14320.000000 43346.000000 48874.000000 7795.000000 5041.000000 551.000000 933.000000 29026.000000 5528.000000
937329 30.877282 12.493844 14149.000000 43165.000000 48736.000000 7117.000000 5338.000000 518.000000 1176.000000 29016.000000 5571.000000
938329 31.569008 12.722934 13974.000000 42995.000000 48613.000000 6308.000000 5491.000000 567.000000 1608.000000 29021.000000 5618.000000
939329 31.689671 12.730608 13812.000000 42836.000000 48513.000000 5620.000000 5606.000000 499.000000 2087.000000 29024.000000 5677.000000
940329 31.108028 12.478097 13751.000000 42802.000000 48509.000000 5250.000000 5520.000000 346.000000 2635.000000 29051.000000 5707.000000
941329 30.907314 12.381266 13711.000000 42802.000000 48533.000000 5251.000000 5084.000000 278.000000 3098.000000 29091.000000 5731.000000
942329 30.950917 12.421096 13824.000000 42941.000000 48635.000000 5354.000000 4676.000000 347.000000 3447.000000 29117.000000 5694.000000
943329 30.676218 12.353964 14004.000000 43196.000000 48875.000000 5725.000000 4332.000000 359.000000 3588.000000 29192.000000 5679.000000
944329 30.032770 12.136090 14184.000000 43434.000000 49085.000000 6207.000000 3984.000000 306.000000 3687.000000 29250.000000 5651.000000
945329 29.324653 11.936162 14532.000000 43847.000000 49438.000000 7040.000000 3604.000000 310.000000 3578.000000 29315.000000 5591.000000
946329 28.446882 11.661714 14871.000000 44258.000000 49804.000000 7899.000000 3149.000000 262.000000 3561.000000 29387.000000 5546.000000
947329 27.601547 11.373237 15160.000000 44668.000000 50188.000000 8782.000000 2704.000000 188.000000 3486.000000 29508.000000 5520.000000
948329 27.014376 11.185603 15464.000000 45092.000000 50565.000000 9694.000000 2409.000000 183.000000 3178.000000 29628.000000 5473.000000
949329 26.402453 10.982670 15738.000000 45496.000000 50953.000000 10575.000000 2210.000000 139.000000 2814.000000 29758.000000 5457.000000
950329 26.181682 10.916818 15955.000000 45863.000000 51297.000000 11270.000000 1953.000000 166.000000 2566.000000 29908.000000 5434.000000
951329 25.970481 10.865273 16213.000000 46260.000000 51660.000000 11997.000000 1746.000000 213.000000 2257.000000 30047.000000 5400.000000
952329 25.847632 10.872871 16480.000000 46580.000000 51955.000000 12575.000000 1702.000000 274.000000 1929.000000 30100.000000 5375.000000
953329 26.311950 11.086564 16564.000000 46685.000000 52054.000000 12591.000000 1769.000000 402.000000 1802.000000 30121.000000 5369.000000
954329 26.994620 11.378880 16522.000000 46623.000000 52035.000000 12244.000000 2026.000000 509.000000 1743.000000 30101.000000 5412.000000
955329 27.319940 11.533801 16527.000000 46571.000000 51995.000000 11990.000000 2426.000000 573.000000 1538.000000 30044.000000 5424.000000
956329 28.050670 11.849856 16507.000000 46511.000000 51950.000000 11387.000000 3087.000000 717.000000 1316.000000 30004.000000 5439.000000
957329 28.566202 12.049773 16336.000000 46306.000000 51835.000000 10664.000000 3823.000000 717.000000 1132.000000 29970.000000 5529.000000
958329 28.390356 11.959066 16185.000000 46103.000000 51693.000000 10123.000000 4464.000000 592.000000 1006.000000 29918.000000 5590.000000
959329 28.917385 12.154407 16034.000000 45933.000000 51578.000000 9503.000000 4977.000000 624.000000 930.000000 29899.000000 5645.000000
960329 29.118044 12.185773 15823.000000 45710.000000 51396.000000 8739.000000 5456.000000 577.000000 1051.000000 29887.000000 5686.000000
961329 29.215164 12.196788 15664.000000 45514.000000 51243.000000 8158.000000 5653.000000 521.000000 1332.000000 29850.000000 5729.000000
962329 29.714339 12.360034 15528.000000 45363.000000 51084.000000 7354.000000 5816.000000 593.000000 1765.000000 29835.000000 5721.000000
963329 29.983938 12.442170 15399.000000 45243.000000 51012.000000 6605.000000 5913.000000 578.000000 2303.000000 29844.000000 5769.000000
964329 29.457108 12.212049 15339.000000 45200.000000 51007.000000 6131.000000 5870.000000 422.000000 2916.000000 29861.000000 5807.000000
965329 29.455422 12.205920 15289.000000 45184.000000 51049.000000 6024.000000 5435.000000 366.000000 3464.000000 29895.000000 5865.000000
966329 29.793552 12.349321 15332.000000 45301.000000 51185.000000 6028.000000 5152.000000 437.000000 3715.000000 29969.000000 5884.000000
967329 29.688157 12.349280 15441.000000 45472.000000 51420.000000 6271.000000 4864.000000 402.000000 3904.000000 30031.000000 5948.000000
968329 29.039574 12.131173 15678.000000 45791.000000 51718.000000 6877.000000 4513.000000 347.000000 3941.000000 30113.000000 5927.000000
969329 28.542640 11.964138 15936.000000 46191.000000 52089.000000 7651.000000 4193.000000 334.000000 3758.000000 30255.000000 5898.000000
970329 27.747389 11.692765 16277.000000 46650.000000 52494.000000 8601.000000 3737.000000 294.000000 3645.000000 30373.000000 5844.000000
971329 26.977306 11.407643 16519.000000 47011.000000 52833.000000 9440.000000 3194.000000 205.000000 3680.000000 30492.000000 5822.000000
972329 26.363113 11.183555 16814.000000 47458.000000 53221.000000 10309.000000 2874.000000 189.000000 3442.000000 30644.000000 5763.000000
973329 25.815789 10.983597 17059.000000 47848.000000 53589.000000 11155.000000 2622.000000 145.000000 3137.000000 30789.000000 5741.000000
974329 25.735262 10.979316 17279.000000 48216.000000 53956.000000 11822.000000 2326.000000 184.000000 2947.000000 30937.000000 5740.000000
975329 25.555173 10.932926 17512.000000 48589.000000 54313.000000 12530.000000 2059.000000 214.000000 2709.000000 31077.000000 5724.000000
976329 25.814858 11.052583 17676.000000 48942.000000 54675.000000 13067.000000 1949.000000 310.000000 2350.000000 31266.000000 5733.000000
977329 26.103254 11.182890 17749.000000 49071.000000 54798.000000 13164.000000 2018.000000 401.000000 2166.000000 31322.000000 5727.000000
978329 26.669786 11.435399 17762.000000 49077.000000 54821.000000 12959.000000 2218.000000 525.000000 2060.000000 31315.000000 5744.000000
979329 27.158029 11.660739 17793.000000 49078.000000 54825.000000 12616.000000 2730.000000 646.000000 1801.000000 31285.000000 5747.000000
980329 27.799244 11.944465 17727.000000 48988.000000 54812.000000 12110.000000 3348.000000 723.000000 1546.000000 31261.000000 5824.000000
981329 28.673682 12.301674 17543.000000 48780.000000 54708.000000 11403.000000 4018.000000 802.000000 1320.000000 31237.000000 5928.000000
982329 28.181235 12.075976 17407.000000 48608.000000 54596.000000 10901.000000 4740.000000 605.000000 1161.000000 31201.000000 5988.000000
983329 28.273196 12.083494 17320.000000 48511.000000 54471.000000 10341.000000 5267.000000 622.000000 1090.000000 31191.000000 5960.000000
984329 28.343564 12.074617 17152.000000 48322.000000 54304.000000 9648.000000 5697.000000 575.000000 1232.000000 31170.000000 5982.000000
985329 28.465788 12.080264 16995.000000 48177.000000 54171.000000 9035.000000 5935.000000 550.000000 1475.000000 31182.000000 5994.000000
986329 28.780466 12.183576 16861.000000 48048.000000 54081.000000 8324.000000 6097.000000 556.000000 1884.000000 31187.000000 6033.000000
987329 29.254294 12.363441 16769.000000 47951.000000 54006.000000 7602.000000 6057.000000 622.000000 2488.000000 31182.000000 6055.000000
988329 28.738103 12.132210 16730.000000 47936.000000 54005.000000 7131.000000 6067.000000 483.000000 3049.000000 31206.000000 6069.000000
989329 28.988557 12.230176 16630.000000 47884.000000 54063.000000 6957.000000 5634.000000 433.000000 3606.000000 31254.000000 6179.000000
990329 29.327154 12.382781 16652.000000 47951.000000 54172.000000 6884.000000 5336.000000 487.000000 3945.000000 31299.000000 6221.000000
991329 29.421502 12.428006 16661.000000 48050.000000 54345.000000 6997.000000 5088.000000 459.000000 4117.000000 31389.000000 6295.000000
992329 28.848642 12.233255 16914.000000 48411.000000 54687.000000 7615.000000 4839.000000 414.000000 4046.000000 31497.000000 6276.000000
993329 28.334329 12.074326 17194.000000 48757.000000 55001.000000 8289.000000 4558.000000 397.000000 3950.000000 31563.000000 6244.000000
994329 27.653466 11.819264 17463.000000 49195.000000 55418.000000 9197.000000 4134.000000 327.000000 3805.000000 31732.000000 6223.000000
995329 26.846508 11.502554 17729.000000 49624.000000 55805.000000 10118.000000 3635.000000 238.000000 3738.000000 31895.000000 6181.000000
996329 26.493033 11.370797 17929.000000 49996.000000 56179.000000 10918.000000 3256.000000 205.000000 3550.000000 32067.000000 6183.000000
997329 26.201448 11.260831 18148.000000 50394.000000 56550.000000 11662.000000 2975.000000 212.000000 3299.000000 32246.000000 6156.000000
998329 26.006622 11.183968 18317.000000 50739.000000 56885.000000 12306.000000 2647.000000 216.000000 3148.000000 32422.000000 6146.000000
999329 25.852965 11.123150 18510.000000 51113.000000 57223.000000 12941.000000 2374.000000 255.000000 2940.000000 32603.000000 6110.000000
1000329 26.068221 11.244875 18728.000000 51461.000000 57564.000000 13462.000000 2214.000000 370.000000 2682.000000 32733.000000 6103.000000
1001329 26.556233 11.465928 18790.000000 51603.000000 57745.000000 13575.000000 2243.000000 479.000000 2493.000000 32813.000000 6142.000000
1002329 26.808630 11.569747 18792.000000 51636.000000 57780.000000 13379.000000 2516.000000 541.000000 2356.000000 32844.000000 6144.000000
1003329 27.677569 11.938724 18756.000000 51645.000000 57837.000000 12951.000000 3032.000000 713.000000 2060.000000 32889.000000 6192.000000
1004329 28.151143 12.159615 18707.000000 51563.000000 57839.000000 12569.000000 3655.000000 757.000000 1726.000000 32856.000000 6276.000000
1005329 28.271159 12.211730 18645.000000 51430.000000 57715.000000 12057.000000 4342.000000 763.000000 1483.000000 32785.000000 6285.000000
1006329 28.164722 12.188096 18609.000000 51300.000000 57630.000000 11585.000000 5010.000000 694.000000 1320.000000 32691.000000 6330.000000
1007329 28.100137 12.152440 18489.000000 51147.000000 57544.000000 11102.000000 5525.000000 596.000000 1266.000000 32658.000000 6397.000000
1008329 28.248861 12.203236 18382.000000 50992.000000 57411.000000 10497.000000 5885.000000 587.000000 1413.000000 32610.000000 6419.000000
1009329 28.267293 12.190822 18308.000000 50890.000000 57289.000000 9940.000000 6086.000000 585.000000 1697.000000 32582.000000 6399.000000
1010329 28.419984 12.232945 18182.000000 50760.000000 57198.000000 9309.000000 6218.000000 559.000000 2096.000000 32578.000000 6438.000000
1011329 28.664548 12.311246 18103.000000 50708.000000 57151.000000 8601.000000 6216.000000 593.000000 2693.000000 32605.000000 6443.000000
1012329 28.482150 12.203360 18045.000000 50703.000000 57140.000000 8081.000000 6148.000000 536.000000 3280.000000 32658.000000 6437.000000
1013329 28.523558 12.204291 17974.000000 50696.000000 57193.000000 7939.000000 5780.000000 483.000000 3772.000000 32722.000000 6497.000000
1014329 28.686185 12.278773 18008.000000 50778.000000 57294.000000 7920.000000 5467.000000 519.000000 4102.000000 32770.000000 6516.000000
1015329 29.020738 12.443230 18058.000000 50886.000000 57469.000000 7993.000000 5309.000000 568.000000 4188.000000 32828.000000 6583.000000
1016329 28.610552 12.294912 18233.000000 51183.000000 57780.000000 8495.000000 5116.000000 507.000000 4115.000000 32950.000000 6597.000000
1017329 28.110177 12.128717 18504.000000 51560.000000 58143.000000 9133.000000 4947.000000 469.000000 3955.000000 33056.000000 6583.000000
1018329 27.425727 11.858558 18730.000000 51958.000000 58540.000000 9928.000000 4665.000000 360.000000 3777.000000 33228.000000 6582.000000
1019329 26.806673 11.596196 18907.000000 52322.000000 58890.000000 10717.000000 4158.000000 261.000000 3771.000000 33415.000000 6568.000000
1020329 26.107244 11.331646 19216.000000 52749.000000 59250.000000 11556.000000 3760.000000 213.000000 3687.000000 33533.000000 6501.000000
1021329 25.883941 11.260400 19452.000000 53133.000000 59616.000000 12246.000000 3473.000000 230.000000 3503.000000 33681.000000 6483.000000
1022329 25.638669 11.162434 19644.000000 53504.000000 59969.000000 12897.000000 3175.000000 229.000000 3343.000000 33860.000000 6465.000000
1023329 25.595238 11.127515 19759.000000 53834.000000 60283.000000 13407.000000 2877.000000 259.000000 3216.000000 34075.000000 6449.000000
1024329 25.844358 11.242106 19924.000000 54190.000000 60647.000000 13916.000000 2692.000000 361.000000 2955.000000 34266.000000 6457.000000
1025329 26.255206 11.400668 19936.000000 54347.000000 60821.000000 13994.000000 2630.000000 460.000000 2852.000000 34411.000000 6474.000000
1026329 26.963311 11.688931 19886.000000 54363.000000 60861.000000 13692.000000 2858.000000 616.000000 2720.000000 34477.000000 6498.000000
1027329 27.702575 11.997701 19834.000000 54356.000000 60895.000000 13221.000000 3379.000000 767.000000 2467.000000 34522.000000 6539.000000
1028329 28.022749 12.136090 19796.000000 54322.000000 60901.000000 12820.000000 4045.000000 812.000000 2119.000000 34526.000000 6579.000000
1029329 28.119060 12.157720 19660.000000 54196.000000 60842.000000 12330.000000 4724.000000 751.000000 1855.000000 34536.000000 6646.000000
1030329 27.851378 12.025181 19615.000000 54186.000000 60839.000000 12039.000000 5349.000000 663.000000 1564.000000 34571.000000 6653.000000
1031329 27.778415 11.962857 19483.000000 54064.000000 60738.000000 11554.000000 5863.000000 592.000000 1474.000000 34581.000000 6674.000000
1032329 28.128240 12.081135 19347.000000 53942.000000 60640.000000 11003.000000 6127.000000 628.000000 1589.000000 34595.000000 6698.000000
1033329 28.228541 12.101543 19208.000000 53798.000000 60546.000000 10373.000000 6361.000000 579.000000 1895.000000 34590.000000 6748.000000
1034329 28.291760 12.112345 19133.000000 53727.000000 60492.000000 9900.000000 6313.000000 562.000000 2358.000000 34594.000000 6765.000000
1035329 28.847641 12.333433 19056.000000 53682.000000 60486.000000 9191.000000 6257.000000 656.000000 2952.000000 34626.000000 6804.000000
1036329 28.181045 12.049845 19076.000000 53711.000000 60507.000000 8833.000000 6200.000000 495.000000 3548.000000 34635.000000 6796.000000
1037329 28.423052 12.114104 18966.000000 53704.000000 60541.000000 8636.000000 5772.000000 497.000000 4061.000000 34738.000000 6837.000000
1038329 28.343221 12.059522 18981.000000 53806.000000 60616.000000 8597.000000 5545.000000 500.000000 4339.000000 34825.000000 6810.000000
1039329 28.356535 12.055105 19095.000000 54064.000000 60829.000000 8793.000000 5418.000000 568.000000 4316.000000 34969.000000 6765.000000
1040329 28.133061 11.962412 19228.000000 54338.000000 61083.000000 9179.000000 5280.000000 562.000000 4207.000000 35110.000000 6745.000000
1041329 27.831431 11.862035 19412.000000 54680.000000 61465.000000 9750.000000 5170.000000 506.000000 3986.000000 35268.000000 6785.000000
1042329 26.980882 11.523599 19658.000000 55090.000000 61847.000000 10597.000000 4915.000000 370.000000 3776.000000 35432.000000 6757.000000
1043329 26.563675 11.363381 19846.000000 55433.000000 62191.000000 11326.000000 4404.000000 309.000000 3807.000000 35587.000000 6758.000000
1044329 26.068966 11.186115 20091.000000 55781.000000 62515.000000 12055.000000 4062.000000 259.000000 3715.000000 35690.000000 6734.000000
1045329 25.863665 11.114117 20305.000000 56146.000000 62848.000000 12675.000000 3778.000000 283.000000 3569.000000 35841.000000 6702.000000
1046329 25.673984 11.033380 20444.000000 56473.000000 63181.000000 13269.000000 3482.000000 263.000000 3430.000000 36029.000000 6708.000000
1047329 25.872359 11.124756 20576.000000 56781.000000 63516.000000 13735.000000 3155.000000 331.000000 3355.000000 36205.000000 6735.000000
1048329 25.848289 11.135282 20745.000000 57115.000000 63896.000000 14357.000000 2918.000000 334.000000 3136.000000 36370.000000 6781.000000
1049329 26.431862 11.371723 20782.000000 57293.000000 64080.000000 14392.000000 2816.000000 500.000000 3074.000000 36511.000000 6787.000000
1050329 27.164471 11.694221 20800.000000 57349.000000 64177.000000 14135.000000 3087.000000 677.000000 2901.000000 36549.000000 6828.000000
1051329 27.520446 11.843396 20750.000000 57329.000000 64213.000000 13740.000000 3628.000000 721.000000 2661.000000 36579.000000 6884.000000
1052329 27.878349 11.990781 20715.000000 57311.000000 64216.000000 13322.000000 4258.000000 795.000000 2340.000000 36596.000000 6905.000000
1053329 28.034231 12.042619 20671.000000 57291.000000 64197.000000 12905.000000 4921.000000 825.000000 2020.000000 36620.000000 6906.000000
1054329 27.873856 11.946434 20546.000000 57242.000000 64220.000000 12599.000000 5536.000000 694.000000 1717.000000 36696.000000 6978.000000
1055329 27.783237 11.900419 20499.000000 57171.000000 64149.000000 12139.000000 6019.000000 656.000000 1685.000000 36672.000000 6978.000000
1056329 27.698999 11.830357 20357.000000 57059.000000 64064.000000 11624.000000 6436.000000 574.000000 1723.000000 36702.000000 7005.000000
1057329 27.648029 11.780604 20277.000000 57014.000000 64012.000000 11164.000000 6562.000000 543.000000 2008.000000 36737.000000 6998.000000
1058329 27.782276 11.807674 20205.000000 56966.000000 63933.000000 10625.000000 6529.000000 582.000000 2469.000000 36761.000000 6967.000000
1059329 28.154266 11.946370 20154.000000 56951.000000 63919.000000 9905.000000 6488.000000 668.000000 3093.000000 36797.000000 6968.000000
1060329 27.780650 11.761119 20073.000000 56958.000000 63965.000000 9542.000000 6365.000000 516.000000 3650.000000 36885.000000 7007.000000
1061329 28.139345 11.882318 19924.000000 56881.000000 63969.000000 9211.000000 5991.000000 513.000000 4209.000000 36957.000000 7088.000000
1062329 28.529118 12.023904 19910.000000 56988.000000 64089.000000 9117.000000 5731.000000 605.000000 4457.000000 37078.000000 7101.000000
1063329 28.621401 12.085640 20015.000000 57173.000000 64316.000000 9277.000000 5595.000000 630.000000 4513.000000 37158.000000 7143.000000
1064329 28.502398 12.044242 20157.000000 57485.000000 64645.000000 9711.000000 5458.000000 626.000000 4362.000000 37328.000000 7160.000000
1065329 28.139789 11.900730 20305.000000 57789.000000 64954.000000 10238.000000 5368.000000 565.000000 4134.000000 37484.000000 7165.000000
1066329 27.497377 11.637700 20458.000000 58124.000000 65305.000000 11002.000000 5064.000000 419.000000 3973.000000 37666.000000 7181.000000
1067329 27.053157 11.462727 20613.000000 58455.000000 65665.000000 11719.000000 4586.000000 317.000000 3991.000000 37842.000000 7210.000000
1068329 26.707343 11.335413 20862.000000 58868.000000 66032.000000 12480.000000 4304.000000 321.000000 3757.000000 38006.000000 7164.000000
1069329 26.490419 11.246874 21010.000000 59204.000000 66374.000000 13093.000000 4033.000000 295.000000 3589.000000 38194.000000 7170.000000
1070329 26.304647 11.181941 21165.000000 59494.000000 66670.000000 13681.000000 3662.000000 279.000000 3543.000000 38329.000000 7176.000000
1071329 26.537625 11.294680 21321.000000 59808.000000 67005.000000 14233.000000 3254.000000 371.000000 3463.000000 38487.000000 7197.000000
1072329 26.398046 11.238508 21465.000000 60131.000000 67331.000000 14838.000000 2996.000000 367.000000 3264.000000 38666.000000 7200.000000
1073329 26.994635 11.480730 21487.000000 60272.000000 67487.000000 14809.000000 2913.000000 533.000000 3232.000000 38785.000000 7215.000000
1074329 27.672627 11.753124 21420.000000 60279.000000 67548.000000 14465.000000 3184.000000 670.000000 3101.000000 38859.000000 7269.000000
1075329 28.184697 11.978882 21441.000000 60321.000000 67619.000000 14127.000000 3706.000000 802.000000 2806.000000 38880.000000 7298.000000
1076329 28.515829 12.125242 21426.000000 60326.000000 67677.000000 13790.000000 4316.000000 855.000000 2465.000000 38900.000000 7351.000000
1077329 28.454520 12.074953 21319.000000 60272.000000 67669.000000 13425.000000 5002.000000 774.000000 2118.000000 38953.000000 7397.000000
1078329 28.327288 12.004138 21257.000000 60245.000000 67660.000000 13109.000000 5626.000000 707.000000 1815.000000 38988.000000 7415.000000
1079329 28.234965 11.947537 21195.000000 60207.000000 67629.000000 12672.000000 6151.000000 658.000000 1714.000000 39012.000000 7422.000000
1080329 28.195699 11.912935 21110.000000 60138.000000 67582.000000 12213.000000 6538.000000 607.000000 1752.000000 39028.000000 7444.000000
1081329 28.000843 11.802070 21024.000000 60096.000000 67539.000000 11748.000000 6726.000000 528.000000 2022.000000 39072.000000 7443.000000
1082329 28.221808 11.887905 21020.000000 60095.000000 67514.000000 11173.000000 6706.000000 607.000000 2534.000000 39075.000000 7419.000000
1083329 28.623711 12.046979 20984.000000 60086.000000 67519.000000 10439.000000 6687.000000 701.000000 3157.000000 39102.000000 7433.000000
1084329 27.979951 11.741095 20938.000000 60122.000000 67515.000000 9998.000000 6625.000000 534.000000 3781.000000 39184.000000 7393.000000
