762764 0.876168 0.187500 8560.000000 40000.000000 40000.000000 1814.000000 3262.000000 75.000000 3409.000000 31440.000000 0.000000
763764 1.262305 0.270612 8578.000000 40222.000000 40279.000000 2347.000000 2523.000000 52.000000 3656.000000 31644.000000 57.000000
764764 1.528033 0.327433 8606.000000 40521.000000 40619.000000 3018.000000 1891.000000 35.000000 3662.000000 31915.000000 98.000000
765764 1.670481 0.355959 8619.000000 40895.000000 41016.000000 3799.000000 1359.000000 25.000000 3436.000000 32276.000000 121.000000
766764 1.874148 0.398301 8663.000000 41285.000000 41426.000000 4607.000000 935.000000 24.000000 3097.000000 32622.000000 141.000000
767764 2.311422 0.489927 8700.000000 41674.000000 41843.000000 5400.000000 639.000000 36.000000 2625.000000 32974.000000 169.000000
768764 2.645503 0.556714 8681.000000 42010.000000 42212.000000 6085.000000 417.000000 33.000000 2146.000000 33329.000000 202.000000
769764 3.332588 0.700336 8704.000000 42313.000000 42551.000000 6682.000000 247.000000 60.000000 1715.000000 33609.000000 238.000000
770764 4.229742 0.887187 8671.000000 42519.000000 42832.000000 7115.000000 200.000000 67.000000 1289.000000 33848.000000 313.000000
771764 5.504486 1.153855 8625.000000 42669.000000 43073.000000 7414.000000 222.000000 93.000000 896.000000 34044.000000 404.000000
772764 7.677035 1.609472 8537.000000 42715.000000 43244.000000 7453.000000 299.000000 167.000000 618.000000 34178.000000 529.000000
773764 10.259227 2.152818 8355.000000 42636.000000 43385.000000 7355.000000 425.000000 185.000000 390.000000 34281.000000 749.000000
774764 14.259199 3.001540 8172.000000 42524.000000 43511.000000 7043.000000 607.000000 319.000000 203.000000 34352.000000 987.000000
775764 19.162395 4.033147 7782.000000 42177.000000 43564.000000 6476.000000 807.000000 370.000000 129.000000 34395.000000 1387.000000
776764 24.623445 5.175974 7319.000000 41743.000000 43586.000000 5746.000000 1059.000000 413.000000 101.000000 34424.000000 1843.000000
777764 30.438577 6.398936 6819.000000 41254.000000 43601.000000 4944.000000 1332.000000 443.000000 100.000000 34435.000000 2347.000000
778764 35.930169 7.551194 6335.000000 40779.000000 43609.000000 4125.000000 1610.000000 463.000000 137.000000 34444.000000 2830.000000
779764 40.912066 8.597762 5838.000000 40288.000000 43616.000000 3369.000000 1854.000000 422.000000 193.000000 34450.000000 3328.000000
780764 45.323741 9.529921 5411.000000 39868.000000 43631.000000 2689.000000 2040.000000 395.000000 287.000000 34457.000000 3763.000000
781764 48.801482 10.262344 5016.000000 39483.000000 43645.000000 2087.000000 2184.000000 317.000000 428.000000 34467.000000 4162.000000
782764 52.086739 10.949240 4679.000000 39158.000000 43656.000000 1543.000000 2242.000000 282.000000 612.000000 34479.000000 4498.000000
783764 53.718828 11.291947 4444.000000 38947.000000 43686.000000 1219.000000 2257.000000 194.000000 774.000000 34503.000000 4739.000000
784764 55.293478 11.633278 4299.000000 38827.000000 43728.000000 962.000000 2158.000000 186.000000 993.000000 34528.000000 4901.000000
785764 56.618126 11.897694 4144.000000 38732.000000 43790.000000 810.000000 1973.000000 152.000000 1209.000000 34588.000000 5058.000000
786764 56.551949 11.874530 4071.000000 38727.000000 43867.000000 866.000000 1754.000000 69.000000 1382.000000 34656.000000 5140.000000
787764 55.701137 11.700482 4118.000000 38847.000000 43964.000000 1147.000000 1456.000000 27.000000 1488.000000 34729.000000 5117.000000
788764 55.266862 11.589103 4162.000000 38975.000000 44050.000000 1406.000000 1169.000000 30.000000 1557.000000 34813.000000 5075.000000
789764 54.515086 11.446219 4231.000000 39149.000000 44198.000000 1784.000000 902.000000 10.000000 1535.000000 34918.000000 5049.000000
790764 53.502029 11.285782 4365.000000 39400.000000 44401.000000 2279.000000 636.000000 10.000000 1440.000000 35035.000000 5001.000000
791764 52.592044 11.150490 4498.000000 39627.000000 44581.000000 2724.000000 439.000000 17.000000 1318.000000 35129.000000 4954.000000
792764 51.924695 11.033882 4596.000000 39832.000000 44744.000000 3127.000000 284.000000 25.000000 1160.000000 35236.000000 4912.000000
793764 51.313448 10.922498 4662.000000 39996.000000 44889.000000 3487.000000 167.000000 10.000000 998.000000 35334.000000 4893.000000
794764 50.639493 10.821501 4790.000000 40176.000000 45003.000000 3809.000000 117.000000 43.000000 821.000000 35386.000000 4827.000000
795764 49.948304 10.711752 4904.000000 40332.000000 45100.000000 4114.000000 123.000000 63.000000 604.000000 35428.000000 4768.000000
796764 49.444617 10.558166 4938.000000 40417.000000 45112.000000 4304.000000 150.000000 68.000000 416.000000 35479.000000 4695.000000
797764 48.854003 10.362280 4986.000000 40479.000000 45048.000000 4430.000000 204.000000 99.000000 253.000000 35493.000000 4569.000000
798764 48.905187 10.247216 4971.000000 40463.000000 44900.000000 4376.000000 288.000000 164.000000 143.000000 35492.000000 4437.000000
799764 48.155468 9.834081 4863.000000 40355.000000 44600.000000 4251.000000 394.000000 141.000000 77.000000 35492.000000 4245.000000
800764 48.383757 9.518852 4700.000000 40193.000000 44186.000000 3920.000000 504.000000 213.000000 63.000000 35493.000000 3993.000000
801764 48.823957 9.206676 4458.000000 39950.000000 43740.000000 3487.000000 674.000000 237.000000 60.000000 35492.000000 3790.000000
802764 49.516815 8.885344 4198.000000 39688.000000 43251.000000 3008.000000 835.000000 280.000000 75.000000 35490.000000 3563.000000
803764 49.924791 8.529577 3908.000000 39399.000000 42804.000000 2573.000000 990.000000 246.000000 99.000000 35491.000000 3405.000000
804764 50.057921 8.154071 3666.000000 39156.000000 42396.000000 2174.000000 1143.000000 217.000000 132.000000 35490.000000 3240.000000
805764 51.199878 8.012074 3456.000000 38946.000000 42074.000000 1760.000000 1256.000000 243.000000 197.000000 35490.000000 3128.000000
806764 51.723038 7.763782 3252.000000 38742.000000 41758.000000 1372.000000 1366.000000 226.000000 288.000000 35490.000000 3016.000000
807764 52.595156 7.680832 3060.000000 38549.000000 41558.000000 1052.000000 1439.000000 183.000000 386.000000 35489.000000 3009.000000
808764 53.495798 7.681355 2938.000000 38426.000000 41438.000000 789.000000 1487.000000 171.000000 491.000000 35488.000000 3012.000000
809764 53.716331 7.620499 2861.000000 38344.000000 41349.000000 612.000000 1476.000000 146.000000 627.000000 35483.000000 3005.000000
810764 52.542662 7.447992 2857.000000 38337.000000 41340.000000 607.000000 1426.000000 76.000000 748.000000 35480.000000 3003.000000
811764 52.017559 7.441849 2878.000000 38356.000000 41401.000000 755.000000 1248.000000 36.000000 839.000000 35478.000000 3045.000000
812764 51.215856 7.413211 2951.000000 38427.000000 41480.000000 943.000000 1074.000000 22.000000 912.000000 35476.000000 3053.000000
813764 50.163506 7.376951 3059.000000 38532.000000 41589.000000 1197.000000 859.000000 11.000000 992.000000 35473.000000 3057.000000
814764 48.882860 7.337581 3213.000000 38691.000000 41744.000000 1526.000000 674.000000 10.000000 1003.000000 35478.000000 3053.000000
815764 47.562297 7.327658 3402.000000 38878.000000 41937.000000 1908.000000 483.000000 14.000000 997.000000 35476.000000 3059.000000
816764 46.374190 7.305546 3572.000000 39044.000000 42105.000000 2251.000000 313.000000 15.000000 993.000000 35472.000000 3061.000000
817764 45.294118 7.286492 3742.000000 39212.000000 42270.000000 2599.000000 147.000000 22.000000 974.000000 35470.000000 3058.000000
818764 44.126074 7.255937 3926.000000 39394.000000 42448.000000 2980.000000 81.000000 26.000000 839.000000 35468.000000 3054.000000
819764 43.294481 7.239128 4082.000000 39549.000000 42588.000000 3288.000000 83.000000 44.000000 667.000000 35467.000000 3039.000000
820764 42.523816 7.211426 4212.000000 39679.000000 42710.000000 3580.000000 102.000000 49.000000 481.000000 35467.000000 3031.000000
821764 41.874744 7.171399 4339.000000 39805.000000 42795.000000 3806.000000 158.000000 79.000000 296.000000 35466.000000 2990.000000
822764 41.873727 7.201065 4394.000000 39856.000000 42827.000000 3930.000000 216.000000 113.000000 135.000000 35462.000000 2971.000000
823764 41.931928 7.123461 4340.000000 39801.000000 42718.000000 3881.000000 283.000000 126.000000 50.000000 35461.000000 2917.000000
824764 42.909501 7.153432 4209.000000 39668.000000 42553.000000 3653.000000 356.000000 159.000000 41.000000 35459.000000 2885.000000
825764 44.204380 7.156701 4019.000000 39479.000000 42310.000000 3319.000000 461.000000 197.000000 42.000000 35460.000000 2831.000000
826764 45.639623 7.145746 3800.000000 39257.000000 42039.000000 2929.000000 604.000000 222.000000 45.000000 35457.000000 2782.000000
827764 46.527117 7.025021 3561.000000 39020.000000 41765.000000 2567.000000 737.000000 189.000000 68.000000 35459.000000 2745.000000
828764 48.093745 7.018473 3342.000000 38802.000000 41519.000000 2200.000000 851.000000 197.000000 94.000000 35460.000000 2717.000000
829764 50.316293 7.124011 3129.000000 38591.000000 41311.000000 1812.000000 945.000000 223.000000 149.000000 35462.000000 2720.000000
830764 52.298953 7.168930 2906.000000 38367.000000 41094.000000 1427.000000 1058.000000 219.000000 202.000000 35461.000000 2727.000000
831764 53.555025 7.126094 2714.000000 38177.000000 40906.000000 1071.000000 1177.000000 186.000000 280.000000 35463.000000 2729.000000
832764 55.486425 7.219074 2571.000000 38034.000000 40767.000000 750.000000 1275.000000 210.000000 336.000000 35463.000000 2733.000000
833764 56.704981 7.276124 2430.000000 37891.000000 40681.000000 479.000000 1354.000000 170.000000 427.000000 35461.000000 2790.000000
834764 55.960648 7.137234 2364.000000 37826.000000 40646.000000 416.000000 1341.000000 81.000000 526.000000 35462.000000 2820.000000
835764 55.203095 7.024020 2334.000000 37796.000000 40632.000000 484.000000 1211.000000 18.000000 621.000000 35462.000000 2836.000000
836764 54.038462 6.910629 2399.000000 37861.000000 40662.000000 647.000000 1063.000000 9.000000 680.000000 35462.000000 2801.000000
837764 52.991616 6.831581 2475.000000 37935.000000 40708.000000 802.000000 899.000000 8.000000 766.000000 35460.000000 2773.000000
838764 51.822771 6.793285 2583.000000 38039.000000 40805.000000 1023.000000 704.000000 6.000000 850.000000 35456.000000 2766.000000
839764 50.272727 6.751807 2741.000000 38193.000000 40952.000000 1344.000000 512.000000 6.000000 879.000000 35452.000000 2759.000000
840764 48.935415 6.712749 2883.000000 38333.000000 41086.000000 1633.000000 316.000000 5.000000 929.000000 35450.000000 2753.000000
841764 47.843478 6.676374 3012.000000 38467.000000 41205.000000 1898.000000 140.000000 13.000000 961.000000 35455.000000 2738.000000
842764 46.515976 6.620386 3159.000000 38617.000000 41342.000000 2216.000000 59.000000 12.000000 872.000000 35458.000000 2725.000000
843764 45.338421 6.587765 3321.000000 38779.000000 41486.000000 2532.000000 60.000000 26.000000 703.000000 35458.000000 2707.000000
844764 44.006488 6.518344 3487.000000 38943.000000 41621.000000 2860.000000 83.000000 35.000000 509.000000 35456.000000 2678.000000
845764 43.149706 6.509712 3641.000000 39095.000000 41753.000000 3163.000000 113.000000 60.000000 305.000000 35454.000000 2658.000000
846764 42.133417 6.405166 3726.000000 39180.000000 41810.000000 3383.000000 157.000000 48.000000 138.000000 35454.000000 2630.000000
847764 42.253297 6.368710 3744.000000 39202.000000 41751.000000 3384.000000 202.000000 110.000000 48.000000 35458.000000 2549.000000
848764 42.451759 6.289489 3636.000000 39094.000000 41625.000000 3255.000000 263.000000 87.000000 31.000000 35458.000000 2531.000000
849764 42.873871 6.185592 3545.000000 39002.000000 41435.000000 3042.000000 341.000000 130.000000 32.000000 35457.000000 2433.000000
850764 44.427110 6.217101 3383.000000 38839.000000 41225.000000 2730.000000 446.000000 177.000000 30.000000 35456.000000 2386.000000
851764 45.228216 6.114932 3201.000000 38656.000000 40998.000000 2437.000000 550.000000 165.000000 49.000000 35455.000000 2342.000000
852764 45.941375 5.996027 3022.000000 38477.000000 40777.000000 2167.000000 633.000000 145.000000 77.000000 35455.000000 2300.000000
853764 47.577956 5.982000 2856.000000 38312.000000 40555.000000 1828.000000 742.000000 183.000000 103.000000 35456.000000 2243.000000
854764 49.295199 5.980173 2680.000000 38135.000000 40350.000000 1493.000000 840.000000 198.000000 149.000000 35455.000000 2215.000000
855764 52.025451 6.106395 2479.000000 37935.000000 40171.000000 1098.000000 955.000000 217.000000 209.000000 35456.000000 2236.000000
856764 54.637363 6.214223 2279.000000 37734.000000 40005.000000 750.000000 1061.000000 215.000000 253.000000 35455.000000 2271.000000
857764 55.861757 6.201103 2144.000000 37597.000000 39880.000000 459.000000 1196.000000 190.000000 299.000000 35453.000000 2283.000000
858764 55.069124 6.006081 2041.000000 37494.000000 39793.000000 327.000000 1219.000000 91.000000 404.000000 35453.000000 2299.000000
859764 54.151206 5.872293 1999.000000 37450.000000 39763.000000 387.000000 1121.000000 22.000000 469.000000 35451.000000 2313.000000
860764 53.281142 5.815385 2038.000000 37486.000000 39791.000000 495.000000 1005.000000 9.000000 529.000000 35448.000000 2305.000000
861764 52.493737 5.785788 2093.000000 37541.000000 39839.000000 616.000000 869.000000 7.000000 601.000000 35448.000000 2298.000000
862764 51.598480 5.782287 2175.000000 37617.000000 39915.000000 779.000000 696.000000 10.000000 690.000000 35442.000000 2298.000000
863764 50.348432 5.775380 2287.000000 37727.000000 40032.000000 1020.000000 513.000000 7.000000 747.000000 35440.000000 2305.000000
864764 49.105241 5.743117 2391.000000 37832.000000 40135.000000 1244.000000 309.000000 2.000000 836.000000 35441.000000 2303.000000
865764 47.917534 5.717480 2507.000000 37950.000000 40245.000000 1477.000000 115.000000 6.000000 909.000000 35443.000000 2295.000000
866764 46.674802 5.686464 2631.000000 38073.000000 40359.000000 1729.000000 47.000000 9.000000 846.000000 35442.000000 2286.000000
867764 45.501184 5.692703 2788.000000 38228.000000 40508.000000 2032.000000 38.000000 26.000000 692.000000 35440.000000 2280.000000
868764 44.482825 5.703039 2929.000000 38363.000000 40645.000000 2321.000000 50.000000 36.000000 522.000000 35434.000000 2282.000000
869764 43.121150 5.663430 3086.000000 38517.000000 40788.000000 2669.000000 63.000000 39.000000 315.000000 35431.000000 2271.000000
870764 42.250956 5.670292 3240.000000 38664.000000 40915.000000 2965.000000 88.000000 69.000000 118.000000 35424.000000 2251.000000
871764 42.417062 5.688096 3241.000000 38665.000000 40910.000000 2997.000000 126.000000 82.000000 36.000000 35424.000000 2245.000000
872764 42.287727 5.588495 3177.000000 38599.000000 40816.000000 2928.000000 169.000000 64.000000 16.000000 35422.000000 2217.000000
873764 42.970522 5.585440 3102.000000 38523.000000 40713.000000 2759.000000 240.000000 84.000000 19.000000 35421.000000 2190.000000
874764 44.560995 5.654564 2993.000000 38414.000000 40569.000000 2520.000000 313.000000 139.000000 21.000000 35421.000000 2155.000000
875764 45.441682 5.568767 2825.000000 38246.000000 40368.000000 2276.000000 391.000000 126.000000 32.000000 35421.000000 2122.000000
876764 46.518921 5.534413 2701.000000 38121.000000 40203.000000 2023.000000 486.000000 143.000000 49.000000 35420.000000 2082.000000
877764 47.370708 5.447140 2558.000000 37977.000000 40021.000000 1781.000000 579.000000 136.000000 62.000000 35419.000000 2044.000000
878764 49.853637 5.554719 2413.000000 37830.000000 39858.000000 1464.000000 677.000000 186.000000 86.000000 35417.000000 2028.000000
879764 51.672950 5.529501 2235.000000 37651.000000 39660.000000 1109.000000 816.000000 184.000000 126.000000 35416.000000 2009.000000
880764 54.222222 5.564424 2073.000000 37488.000000 39465.000000 731.000000 963.000000 219.000000 160.000000 35415.000000 1977.000000
881764 56.805342 5.626924 1899.000000 37316.000000 39311.000000 363.000000 1093.000000 217.000000 226.000000 35417.000000 1995.000000
882764 54.986737 5.289885 1780.000000 37198.000000 39188.000000 227.000000 1173.000000 83.000000 297.000000 35418.000000 1990.000000
883764 54.635584 5.208307 1721.000000 37138.000000 39149.000000 240.000000 1092.000000 28.000000 361.000000 35417.000000 2011.000000
884764 53.732148 5.095965 1723.000000 37141.000000 39129.000000 298.000000 990.000000 6.000000 429.000000 35418.000000 1988.000000
885764 52.975714 5.068430 1764.000000 37181.000000 39164.000000 392.000000 874.000000 2.000000 496.000000 35417.000000 1983.000000
886764 51.755765 5.034027 1841.000000 37258.000000 39233.000000 556.000000 714.000000 0.000000 571.000000 35417.000000 1975.000000
887764 50.708580 5.007379 1918.000000 37339.000000 39302.000000 714.000000 524.000000 5.000000 675.000000 35421.000000 1963.000000
888764 49.445285 4.978800 2009.000000 37430.000000 39387.000000 898.000000 319.000000 4.000000 788.000000 35421.000000 1957.000000
889764 48.437884 4.986830 2107.000000 37526.000000 39484.000000 1088.000000 100.000000 11.000000 908.000000 35419.000000 1958.000000
890764 47.085632 4.958573 2211.000000 37630.000000 39588.000000 1313.000000 37.000000 5.000000 856.000000 35419.000000 1958.000000
891764 45.515956 4.920551 2355.000000 37773.000000 39711.000000 1593.000000 34.000000 16.000000 712.000000 35418.000000 1938.000000
892764 43.542601 4.871197 2533.000000 37940.000000 39867.000000 1957.000000 33.000000 15.000000 528.000000 35407.000000 1927.000000
893764 41.608846 4.795582 2718.000000 38122.000000 40016.000000 2323.000000 48.000000 25.000000 322.000000 35404.000000 1894.000000
894764 39.799541 4.743536 2921.000000 38313.000000 40181.000000 2712.000000 68.000000 38.000000 103.000000 35392.000000 1868.000000
895764 39.394572 4.695665 2947.000000 38343.000000 40186.000000 2787.000000 91.000000 44.000000 25.000000 35396.000000 1843.000000
896764 39.813441 4.681891 2900.000000 38295.000000 40112.000000 2705.000000 114.000000 61.000000 20.000000 35395.000000 1817.000000
897764 40.604099 4.701709 2840.000000 38233.000000 40028.000000 2578.000000 158.000000 87.000000 17.000000 35393.000000 1795.000000
898764 41.244189 4.667886 2741.000000 38135.000000 39911.000000 2413.000000 223.000000 87.000000 18.000000 35394.000000 1776.000000
899764 41.683872 4.570724 2643.000000 38037.000000 39753.000000 2218.000000 299.000000 101.000000 25.000000 35394.000000 1716.000000
900764 42.894301 4.578149 2532.000000 37926.000000 39623.000000 2015.000000 367.000000 117.000000 33.000000 35394.000000 1697.000000
901764 44.422748 4.608995 2404.000000 37795.000000 39488.000000 1791.000000 442.000000 127.000000 44.000000 35391.000000 1693.000000
902764 46.737751 4.680786 2282.000000 37674.000000 39331.000000 1492.000000 546.000000 184.000000 60.000000 35392.000000 1657.000000
903764 50.437318 4.858930 2085.000000 37477.000000 39165.000000 1111.000000 676.000000 215.000000 83.000000 35392.000000 1688.000000
904764 53.812155 4.993591 1879.000000 37269.000000 39010.000000 743.000000 818.000000 207.000000 111.000000 35390.000000 1741.000000
905764 56.655093 5.040546 1706.000000 37095.000000 38845.000000 338.000000 1002.000000 208.000000 158.000000 35389.000000 1750.000000
906764 55.405405 4.765102 1559.000000 36948.000000 38719.000000 166.000000 1106.000000 74.000000 213.000000 35389.000000 1771.000000
907764 54.834761 4.635402 1493.000000 36884.000000 38659.000000 165.000000 1037.000000 17.000000 274.000000 35391.000000 1775.000000
908764 53.950617 4.524746 1499.000000 36891.000000 38632.000000 204.000000 960.000000 7.000000 328.000000 35392.000000 1741.000000
909764 53.190184 4.486184 1527.000000 36919.000000 38652.000000 274.000000 852.000000 1.000000 400.000000 35392.000000 1733.000000
910764 52.175227 4.462648 1583.000000 36972.000000 38699.000000 387.000000 711.000000 0.000000 485.000000 35389.000000 1727.000000
911764 51.275208 4.460554 1647.000000 37037.000000 38762.000000 515.000000 528.000000 4.000000 600.000000 35390.000000 1725.000000
912764 50.435287 4.474999 1717.000000 37109.000000 38838.000000 658.000000 336.000000 9.000000 714.000000 35392.000000 1729.000000
913764 49.246517 4.451756 1790.000000 37179.000000 38906.000000 814.000000 109.000000 5.000000 862.000000 35389.000000 1727.000000
914764 47.759956 4.427524 1894.000000 37284.000000 39006.000000 1027.000000 31.000000 5.000000 831.000000 35390.000000 1722.000000
915764 46.125067 4.410938 2028.000000 37416.000000 39130.000000 1284.000000 25.000000 12.000000 707.000000 35388.000000 1714.000000
916764 44.141829 4.374284 2186.000000 37569.000000 39275.000000 1606.000000 28.000000 12.000000 540.000000 35383.000000 1706.000000
917764 42.061350 4.344520 2379.000000 37756.000000 39452.000000 1990.000000 35.000000 18.000000 336.000000 35377.000000 1696.000000
918764 40.173546 4.321829 2577.000000 37949.000000 39636.000000 2389.000000 43.000000 26.000000 119.000000 35372.000000 1687.000000
919764 39.357990 4.264865 2636.000000 38010.000000 39673.000000 2515.000000 64.000000 29.000000 28.000000 35374.000000 1663.000000
920764 39.534337 4.241950 2611.000000 37987.000000 39628.000000 2470.000000 87.000000 40.000000 14.000000 35376.000000 1641.000000
921764 40.076336 4.245963 2576.000000 37951.000000 39567.000000 2377.000000 126.000000 64.000000 9.000000 35375.000000 1616.000000
922764 40.579357 4.222070 2496.000000 37871.000000 39483.000000 2249.000000 180.000000 55.000000 12.000000 35375.000000 1612.000000
923764 41.593805 4.228249 2419.000000 37794.000000 39378.000000 2090.000000 227.000000 81.000000 21.000000 35375.000000 1584.000000
924764 42.277050 4.189375 2326.000000 37701.000000 39266.000000 1930.000000 287.000000 80.000000 29.000000 35375.000000 1565.000000
925764 43.320915 4.160172 2241.000000 37616.000000 39133.000000 1719.000000 380.000000 111.000000 31.000000 35375.000000 1517.000000
926764 45.237434 4.179388 2124.000000 37500.000000 38977.000000 1440.000000 487.000000 152.000000 45.000000 35376.000000 1477.000000
927764 47.702152 4.225280 1979.000000 37355.000000 38814.000000 1109.000000 632.000000 181.000000 57.000000 35376.000000 1459.000000
928764 50.554187 4.251463 1823.000000 37197.000000 38622.000000 722.000000 803.000000 217.000000 81.000000 35374.000000 1425.000000
929764 53.489127 4.285640 1644.000000 37017.000000 38454.000000 322.000000 996.000000 211.000000 115.000000 35373.000000 1437.000000
930764 51.849338 3.987578 1506.000000 36878.000000 38319.000000 142.000000 1105.000000 87.000000 172.000000 35372.000000 1441.000000
931764 50.924311 3.817992 1420.000000 36793.000000 38240.000000 125.000000 1069.000000 13.000000 213.000000 35373.000000 1447.000000
932764 50.421644 3.754677 1422.000000 36795.000000 38219.000000 141.000000 992.000000 11.000000 278.000000 35373.000000 1424.000000
933764 49.616992 3.726075 1448.000000 36820.000000 38244.000000 210.000000 876.000000 1.000000 361.000000 35372.000000 1424.000000
934764 48.967653 3.717540 1483.000000 36855.000000 38278.000000 285.000000 744.000000 0.000000 454.000000 35372.000000 1423.000000
935764 47.913863 3.713846 1550.000000 36921.000000 38343.000000 417.000000 557.000000 2.000000 574.000000 35371.000000 1422.000000
936764 47.201060 3.712001 1597.000000 36967.000000 38389.000000 512.000000 333.000000 3.000000 749.000000 35370.000000 1422.000000
937764 45.748464 3.678956 1679.000000 37048.000000 38462.000000 683.000000 111.000000 1.000000 884.000000 35369.000000 1414.000000
938764 44.267416 3.674030 1789.000000 37156.000000 38568.000000 898.000000 34.000000 5.000000 852.000000 35367.000000 1412.000000
939764 42.814191 3.680442 1914.000000 37279.000000 38691.000000 1147.000000 17.000000 12.000000 738.000000 35365.000000 1412.000000
940764 40.823328 3.674635 2081.000000 37444.000000 38861.000000 1496.000000 16.000000 11.000000 558.000000 35363.000000 1417.000000
941764 38.230519 3.617975 2294.000000 37653.000000 39055.000000 1931.000000 20.000000 11.000000 332.000000 35359.000000 1402.000000
942764 36.277034 3.591181 2491.000000 37842.000000 39235.000000 2325.000000 23.000000 16.000000 127.000000 35351.000000 1393.000000
943764 35.444641 3.560159 2568.000000 37917.000000 39296.000000 2481.000000 37.000000 20.000000 30.000000 35349.000000 1379.000000
944764 35.854342 3.584886 2560.000000 37909.000000 39276.000000 2448.000000 58.000000 41.000000 13.000000 35349.000000 1367.000000
945764 36.335564 3.598828 2529.000000 37878.000000 39235.000000 2381.000000 89.000000 55.000000 4.000000 35349.000000 1357.000000
946764 37.217848 3.621134 2462.000000 37811.000000 39159.000000 2253.000000 130.000000 70.000000 9.000000 35349.000000 1348.000000
947764 37.673797 3.604595 2387.000000 37736.000000 39089.000000 2150.000000 170.000000 56.000000 11.000000 35349.000000 1353.000000
948764 39.135194 3.666385 2320.000000 37669.000000 39003.000000 1984.000000 223.000000 96.000000 17.000000 35349.000000 1334.000000
949764 41.001125 3.747590 2221.000000 37570.000000 38905.000000 1764.000000 317.000000 123.000000 17.000000 35349.000000 1335.000000
950764 43.580786 3.859839 2084.000000 37433.000000 38784.000000 1494.000000 422.000000 146.000000 22.000000 35349.000000 1351.000000
951764 47.174373 4.037974 1936.000000 37285.000000 38658.000000 1139.000000 576.000000 188.000000 33.000000 35349.000000 1373.000000
952764 50.431724 4.098659 1766.000000 37115.000000 38476.000000 730.000000 762.000000 216.000000 58.000000 35349.000000 1361.000000
953764 53.587066 4.152096 1579.000000 36928.000000 38318.000000 319.000000 971.000000 201.000000 88.000000 35349.000000 1390.000000
954764 51.659605 3.831749 1452.000000 36801.000000 38181.000000 119.000000 1117.000000 83.000000 133.000000 35349.000000 1380.000000
955764 51.124003 3.700205 1367.000000 36715.000000 38106.000000 78.000000 1099.000000 19.000000 171.000000 35348.000000 1391.000000
956764 50.603291 3.634167 1362.000000 36710.000000 38083.000000 88.000000 1029.000000 11.000000 234.000000 35348.000000 1373.000000
957764 49.818182 3.596084 1382.000000 36729.000000 38097.000000 147.000000 934.000000 2.000000 299.000000 35347.000000 1368.000000
958764 49.261261 3.585856 1410.000000 36757.000000 38122.000000 206.000000 797.000000 2.000000 405.000000 35347.000000 1365.000000
959764 48.387097 3.576294 1456.000000 36803.000000 38168.000000 304.000000 591.000000 0.000000 561.000000 35347.000000 1365.000000
960764 47.675638 3.570026 1500.000000 36846.000000 38207.000000 389.000000 367.000000 3.000000 741.000000 35346.000000 1361.000000
961764 46.337308 3.552955 1576.000000 36919.000000 38278.000000 544.000000 130.000000 1.000000 901.000000 35343.000000 1359.000000
962764 44.990112 3.557374 1673.000000 37010.000000 38371.000000 733.000000 34.000000 4.000000 902.000000 35337.000000 1361.000000
963764 43.287845 3.543686 1795.000000 37135.000000 38491.000000 983.000000 13.000000 8.000000 791.000000 35340.000000 1356.000000
964764 40.479760 3.491259 1990.000000 37323.000000 38668.000000 1373.000000 12.000000 5.000000 600.000000 35333.000000 1345.000000
965764 37.774648 3.449429 2211.000000 37537.000000 38876.000000 1824.000000 12.000000 2.000000 373.000000 35326.000000 1339.000000
966764 35.523504 3.403972 2421.000000 37749.000000 39072.000000 2252.000000 17.000000 7.000000 145.000000 35328.000000 1323.000000
967764 34.878240 3.402386 2509.000000 37839.000000 39149.000000 2426.000000 24.000000 22.000000 37.000000 35330.000000 1310.000000
968764 35.443369 3.460694 2506.000000 37837.000000 39154.000000 2420.000000 40.000000 38.000000 8.000000 35331.000000 1317.000000
969764 35.856047 3.464498 2465.000000 37797.000000 39111.000000 2364.000000 56.000000 41.000000 4.000000 35332.000000 1314.000000
970764 36.317204 3.459490 2415.000000 37747.000000 39052.000000 2276.000000 91.000000 46.000000 2.000000 35332.000000 1305.000000
971764 36.954733 3.455884 2354.000000 37686.000000 38977.000000 2178.000000 112.000000 56.000000 8.000000 35332.000000 1291.000000
972764 37.912703 3.482753 2300.000000 37632.000000 38906.000000 2032.000000 176.000000 81.000000 11.000000 35332.000000 1274.000000
973764 39.372120 3.522833 2204.000000 37536.000000 38804.000000 1856.000000 237.000000 99.000000 12.000000 35332.000000 1268.000000
974764 41.829085 3.607728 2091.000000 37423.000000 38667.000000 1580.000000 341.000000 151.000000 19.000000 35332.000000 1244.000000
975764 46.497015 3.842659 1917.000000 37249.000000 38515.000000 1187.000000 492.000000 214.000000 24.000000 35332.000000 1266.000000
976764 50.727995 3.996976 1738.000000 37070.000000 38354.000000 742.000000 704.000000 249.000000 43.000000 35332.000000 1284.000000
977764 53.878407 4.037283 1556.000000 36888.000000 38194.000000 337.000000 927.000000 236.000000 56.000000 35332.000000 1306.000000
978764 52.621929 3.770462 1394.000000 36726.000000 38059.000000 109.000000 1094.000000 102.000000 89.000000 35332.000000 1333.000000
979764 52.702703 3.695126 1290.000000 36622.000000 37996.000000 60.000000 1076.000000 30.000000 124.000000 35332.000000 1374.000000
980764 52.112676 3.606523 1263.000000 36595.000000 37959.000000 58.000000 1016.000000 5.000000 184.000000 35332.000000 1364.000000
981764 51.461101 3.571617 1281.000000 36612.000000 37966.000000 101.000000 934.000000 2.000000 244.000000 35331.000000 1354.000000
982764 51.019637 3.557229 1297.000000 36628.000000 37979.000000 136.000000 807.000000 0.000000 354.000000 35331.000000 1351.000000
983764 50.204994 3.543618 1336.000000 36665.000000 38012.000000 212.000000 603.000000 0.000000 521.000000 35329.000000 1347.000000
984764 49.431193 3.539800 1379.000000 36707.000000 38053.000000 295.000000 356.000000 1.000000 727.000000 35328.000000 1346.000000
985764 48.274623 3.524102 1439.000000 36766.000000 38109.000000 417.000000 117.000000 0.000000 905.000000 35327.000000 1343.000000
986764 46.916608 3.506796 1517.000000 36846.000000 38183.000000 574.000000 27.000000 2.000000 914.000000 35329.000000 1337.000000
987764 44.884267 3.492834 1646.000000 36972.000000 38307.000000 835.000000 14.000000 3.000000 794.000000 35326.000000 1335.000000
988764 42.203283 3.474171 1835.000000 37151.000000 38484.000000 1208.000000 10.000000 4.000000 613.000000 35316.000000 1333.000000
989764 39.132999 3.427966 2065.000000 37385.000000 38711.000000 1687.000000 11.000000 1.000000 366.000000 35320.000000 1326.000000
990764 36.700803 3.406201 2296.000000 37612.000000 38929.000000 2138.000000 14.000000 9.000000 135.000000 35316.000000 1317.000000
991764 35.592763 3.378101 2392.000000 37705.000000 39016.000000 2339.000000 15.000000 7.000000 31.000000 35313.000000 1311.000000
992764 35.756757 3.391090 2398.000000 37712.000000 39014.000000 2344.000000 23.000000 21.000000 10.000000 35314.000000 1302.000000
993764 35.862445 3.371219 2379.000000 37692.000000 38977.000000 2305.000000 41.000000 29.000000 4.000000 35313.000000 1285.000000
994764 36.127248 3.354998 2350.000000 37662.000000 38927.000000 2243.000000 62.000000 41.000000 4.000000 35312.000000 1265.000000
995764 36.414723 3.334105 2306.000000 37618.000000 38871.000000 2161.000000 96.000000 43.000000 6.000000 35312.000000 1253.000000
996764 37.321531 3.367342 2266.000000 37578.000000 38814.000000 2040.000000 147.000000 71.000000 8.000000 35312.000000 1236.000000
997764 37.885463 3.331870 2191.000000 37503.000000 38717.000000 1877.000000 226.000000 76.000000 12.000000 35312.000000 1214.000000
998764 40.644965 3.461230 2103.000000 37415.000000 38599.000000 1613.000000 325.000000 152.000000 13.000000 35312.000000 1184.000000
999764 44.703255 3.644262 1949.000000 37259.000000 38444.000000 1247.000000 470.000000 216.000000 16.000000 35310.000000 1185.000000
1000764 48.749155 3.768161 1765.000000 37075.000000 38268.000000 782.000000 711.000000 249.000000 23.000000 35310.000000 1193.000000
1001764 51.798561 3.780520 1561.000000 36871.000000 38090.000000 345.000000 953.000000 221.000000 42.000000 35310.000000 1219.000000
1002764 50.245190 3.508864 1417.000000 36727.000000 37961.000000 112.000000 1140.000000 98.000000 67.000000 35310.000000 1234.000000
1003764 49.607227 3.336327 1308.000000 36618.000000 37856.000000 55.000000 1120.000000 25.000000 108.000000 35310.000000 1238.000000
1004764 48.738486 3.218981 1284.000000 36594.000000 37807.000000 49.000000 1060.000000 4.000000 171.000000 35310.000000 1213.000000
1005764 48.368909 3.177669 1284.000000 36596.000000 37795.000000 58.000000 984.000000 2.000000 240.000000 35312.000000 1199.000000
1006764 47.961631 3.173680 1304.000000 36613.000000 37811.000000 97.000000 861.000000 2.000000 344.000000 35309.000000 1198.000000
1007764 47.316496 3.168437 1335.000000 36643.000000 37842.000000 162.000000 646.000000 0.000000 527.000000 35308.000000 1199.000000
1008764 46.565774 3.167731 1378.000000 36683.000000 37882.000000 244.000000 396.000000 1.000000 737.000000 35305.000000 1199.000000
1009764 45.399470 3.159670 1443.000000 36749.000000 37947.000000 382.000000 134.000000 1.000000 926.000000 35306.000000 1198.000000
1010764 44.105766 3.158531 1525.000000 36826.000000 38024.000000 541.000000 32.000000 3.000000 949.000000 35301.000000 1198.000000
1011764 42.318534 3.149090 1641.000000 36941.000000 38138.000000 778.000000 13.000000 4.000000 846.000000 35300.000000 1197.000000
1012764 39.242175 3.107227 1846.000000 37141.000000 38330.000000 1189.000000 11.000000 2.000000 644.000000 35295.000000 1189.000000
1013764 36.200061 3.077601 2092.000000 37382.000000 38569.000000 1683.000000 15.000000 0.000000 394.000000 35290.000000 1187.000000
1014764 33.638182 3.033662 2323.000000 37622.000000 38798.000000 2157.000000 17.000000 1.000000 148.000000 35299.000000 1176.000000
1015764 32.516704 3.002879 2429.000000 37733.000000 38896.000000 2375.000000 20.000000 5.000000 29.000000 35304.000000 1163.000000
1016764 32.414369 2.992673 2439.000000 37743.000000 38895.000000 2394.000000 21.000000 12.000000 12.000000 35304.000000 1152.000000
1017764 32.755729 3.014248 2430.000000 37734.000000 38882.000000 2365.000000 37.000000 24.000000 4.000000 35304.000000 1148.000000
1018764 32.994350 3.006899 2403.000000 37707.000000 38844.000000 2313.000000 55.000000 31.000000 4.000000 35304.000000 1137.000000
1019764 33.999429 3.069034 2371.000000 37675.000000 38807.000000 2221.000000 86.000000 59.000000 5.000000 35304.000000 1132.000000
1020764 35.712222 3.188443 2314.000000 37618.000000 38765.000000 2083.000000 133.000000 89.000000 9.000000 35304.000000 1147.000000
1021764 36.782969 3.215634 2229.000000 37533.000000 38686.000000 1924.000000 201.000000 91.000000 13.000000 35304.000000 1153.000000
1022764 38.785475 3.294368 2139.000000 37443.000000 38581.000000 1688.000000 302.000000 133.000000 16.000000 35304.000000 1138.000000
1023764 42.966752 3.497086 2014.000000 37318.000000 38432.000000 1297.000000 470.000000 230.000000 17.000000 35304.000000 1114.000000
1024764 48.143147 3.726546 1801.000000 37105.000000 38266.000000 801.000000 715.000000 265.000000 20.000000 35304.000000 1161.000000
1025764 51.678571 3.797502 1594.000000 36898.000000 38104.000000 342.000000 973.000000 241.000000 38.000000 35304.000000 1206.000000
1026764 50.582926 3.543017 1428.000000 36731.000000 37962.000000 106.000000 1150.000000 114.000000 58.000000 35303.000000 1231.000000
1027764 49.648163 3.354375 1311.000000 36614.000000 37861.000000 67.000000 1129.000000 23.000000 92.000000 35303.000000 1247.000000
1028764 49.303621 3.276391 1286.000000 36589.000000 37816.000000 50.000000 1075.000000 12.000000 149.000000 35303.000000 1227.000000
1029764 48.960831 3.240312 1280.000000 36583.000000 37805.000000 56.000000 993.000000 3.000000 228.000000 35303.000000 1222.000000
1030764 48.474039 3.233311 1300.000000 36602.000000 37825.000000 100.000000 866.000000 0.000000 334.000000 35302.000000 1223.000000
1031764 47.954367 3.221033 1323.000000 36626.000000 37845.000000 148.000000 640.000000 0.000000 535.000000 35303.000000 1219.000000
1032764 47.454333 3.223592 1354.000000 36658.000000 37877.000000 212.000000 388.000000 2.000000 752.000000 35304.000000 1219.000000
1033764 46.402741 3.213730 1408.000000 36712.000000 37931.000000 325.000000 122.000000 0.000000 961.000000 35304.000000 1219.000000
1034764 45.035068 3.209597 1492.000000 36794.000000 38011.000000 490.000000 28.000000 3.000000 971.000000 35302.000000 1217.000000
1035764 43.033946 3.191461 1612.000000 36917.000000 38133.000000 747.000000 13.000000 1.000000 851.000000 35305.000000 1216.000000
1036764 40.390341 3.185494 1811.000000 37118.000000 38330.000000 1144.000000 11.000000 9.000000 647.000000 35307.000000 1212.000000
1037764 37.335375 3.160733 2051.000000 37353.000000 38567.000000 1631.000000 16.000000 5.000000 399.000000 35302.000000 1214.000000
1038764 34.556314 3.129911 2305.000000 37608.000000 38819.000000 2149.000000 17.000000 4.000000 135.000000 35303.000000 1211.000000
1039764 33.554267 3.121788 2409.000000 37708.000000 38920.000000 2359.000000 18.000000 3.000000 29.000000 35299.000000 1212.000000
1040764 33.443435 3.120826 2424.000000 37723.000000 38932.000000 2385.000000 21.000000 6.000000 12.000000 35299.000000 1209.000000
1041764 33.554633 3.117050 2421.000000 37721.000000 38915.000000 2362.000000 36.000000 19.000000 4.000000 35300.000000 1194.000000
1042764 34.021194 3.137376 2392.000000 37692.000000 38886.000000 2312.000000 47.000000 26.000000 7.000000 35300.000000 1194.000000
1043764 34.608891 3.165697 2360.000000 37660.000000 38854.000000 2246.000000 72.000000 36.000000 6.000000 35300.000000 1194.000000
1044764 35.386819 3.183810 2319.000000 37619.000000 38790.000000 2131.000000 113.000000 64.000000 11.000000 35300.000000 1171.000000
1045764 36.862170 3.247223 2254.000000 37554.000000 38710.000000 1976.000000 163.000000 101.000000 14.000000 35300.000000 1156.000000
1046764 39.045029 3.346370 2149.000000 37449.000000 38609.000000 1705.000000 297.000000 132.000000 15.000000 35300.000000 1160.000000
1047764 42.852635 3.529932 2023.000000 37325.000000 38471.000000 1326.000000 469.000000 212.000000 16.000000 35302.000000 1146.000000
1048764 47.931955 3.751958 1815.000000 37117.000000 38300.000000 840.000000 703.000000 254.000000 18.000000 35302.000000 1183.000000
1049764 52.043011 3.811624 1601.000000 36905.000000 38094.000000 331.000000 976.000000 263.000000 31.000000 35304.000000 1189.000000
1050764 50.433472 3.525041 1410.000000 36714.000000 37957.000000 96.000000 1177.000000 95.000000 42.000000 35304.000000 1243.000000
1051764 48.899371 3.286832 1311.000000 36615.000000 37848.000000 53.000000 1171.000000 11.000000 76.000000 35304.000000 1233.000000
1052764 48.253713 3.180315 1299.000000 36603.000000 37795.000000 42.000000 1128.000000 10.000000 119.000000 35304.000000 1192.000000
1053764 47.985496 3.151961 1292.000000 36596.000000 37786.000000 47.000000 1033.000000 1.000000 211.000000 35304.000000 1190.000000
1054764 47.676282 3.148148 1307.000000 36611.000000 37800.000000 79.000000 871.000000 1.000000 356.000000 35304.000000 1189.000000
1055764 47.450199 3.149627 1320.000000 36624.000000 37814.000000 107.000000 680.000000 1.000000 532.000000 35304.000000 1190.000000
1056764 46.797642 3.146798 1355.000000 36658.000000 37848.000000 178.000000 419.000000 1.000000 757.000000 35303.000000 1190.000000
1057764 45.942813 3.137948 1399.000000 36702.000000 37891.000000 268.000000 140.000000 0.000000 991.000000 35303.000000 1189.000000
1058764 44.274524 3.125247 1498.000000 36798.000000 37981.000000 461.000000 27.000000 4.000000 1006.000000 35300.000000 1183.000000
1059764 41.616872 3.104759 1663.000000 36953.000000 38135.000000 789.000000 7.000000 2.000000 865.000000 35290.000000 1182.000000
1060764 38.903567 3.074674 1852.000000 37137.000000 38313.000000 1167.000000 4.000000 2.000000 679.000000 35285.000000 1176.000000
1061764 36.313022 3.047055 2065.000000 37361.000000 38529.000000 1625.000000 5.000000 6.000000 429.000000 35296.000000 1168.000000
1062764 33.486107 3.014285 2322.000000 37613.000000 38782.000000 2158.000000 6.000000 0.000000 158.000000 35291.000000 1169.000000
1063764 32.473655 3.010438 2439.000000 37731.000000 38898.000000 2400.000000 6.000000 4.000000 29.000000 35292.000000 1167.000000
1064764 32.376484 3.014262 2458.000000 37750.000000 38915.000000 2435.000000 9.000000 8.000000 6.000000 35292.000000 1165.000000
1065764 32.493075 3.015269 2453.000000 37745.000000 38902.000000 2416.000000 18.000000 16.000000 3.000000 35292.000000 1157.000000
1066764 32.468619 2.994058 2439.000000 37731.000000 38877.000000 2387.000000 31.000000 18.000000 3.000000 35292.000000 1146.000000
1067764 33.239357 3.035609 2410.000000 37702.000000 38839.000000 2305.000000 59.000000 42.000000 4.000000 35292.000000 1137.000000
1068764 33.704021 3.046470 2371.000000 37663.000000 38799.000000 2226.000000 96.000000 46.000000 3.000000 35292.000000 1136.000000
1069764 36.115150 3.206734 2311.000000 37603.000000 38731.000000 2029.000000 165.000000 114.000000 3.000000 35292.000000 1128.000000
1070764 39.784625 3.442474 2174.000000 37466.000000 38635.000000 1709.000000 299.000000 161.000000 5.000000 35292.000000 1169.000000
1071764 43.837754 3.649540 2008.000000 37301.000000 38498.000000 1335.000000 459.000000 208.000000 6.000000 35293.000000 1197.000000
1072764 47.514911 3.743050 1824.000000 37117.000000 38311.000000 894.000000 679.000000 240.000000 11.000000 35293.000000 1194.000000
1073764 52.760085 3.911435 1595.000000 36888.000000 38119.000000 361.000000 951.000000 260.000000 23.000000 35293.000000 1231.000000
1074764 51.414561 3.592136 1404.000000 36697.000000 37944.000000 81.000000 1167.000000 116.000000 40.000000 35293.000000 1247.000000
1075764 50.528376 3.411012 1289.000000 36582.000000 37848.000000 33.000000 1160.000000 25.000000 71.000000 35293.000000 1266.000000
1076764 50.019865 3.329807 1260.000000 36553.000000 37810.000000 23.000000 1122.000000 2.000000 113.000000 35293.000000 1257.000000
1077764 49.860613 3.311819 1262.000000 36555.000000 37804.000000 28.000000 1030.000000 3.000000 201.000000 35293.000000 1249.000000
1078764 49.543470 3.300540 1271.000000 36564.000000 37812.000000 52.000000 885.000000 0.000000 334.000000 35293.000000 1248.000000
1079764 49.152542 3.296413 1292.000000 36584.000000 37829.000000 92.000000 684.000000 2.000000 514.000000 35292.000000 1245.000000
1080764 48.480125 3.286137 1322.000000 36612.000000 37856.000000 150.000000 424.000000 0.000000 748.000000 35290.000000 1244.000000
1081764 47.422680 3.276526 1377.000000 36664.000000 37906.000000 259.000000 144.000000 0.000000 974.000000 35287.000000 1242.000000
1082764 45.807167 3.264017 1467.000000 36750.000000 37990.000000 434.000000 35.000000 0.000000 998.000000 35283.000000 1240.000000
1083764 43.470609 3.239429 1606.000000 36889.000000 38124.000000 714.000000 13.000000 0.000000 879.000000 35283.000000 1235.000000
1084764 40.467567 3.207788 1808.000000 37084.000000 38313.000000 1119.000000 5.000000 0.000000 684.000000 35276.000000 1229.000000
1085764 37.282973 3.174768 2060.000000 37331.000000 38554.000000 1629.000000 4.000000 1.000000 426.000000 35271.000000 1223.000000
1086764 34.543392 3.139580 2312.000000 37581.000000 38795.000000 2138.000000 5.000000 4.000000 165.000000 35269.000000 1214.000000
1087764 33.415570 3.132468 2435.000000 37702.000000 38915.000000 2389.000000 3.000000 6.000000 37.000000 35267.000000 1213.000000
1088764 33.315158 3.138484 2453.000000 37721.000000 38936.000000 2425.000000 8.000000 7.000000 13.000000 35268.000000 1215.000000
1089764 33.351513 3.141133 2454.000000 37722.000000 38935.000000 2421.000000 19.000000 10.000000 4.000000 35268.000000 1213.000000
1090764 33.898305 3.185532 2443.000000 37711.000000 38926.000000 2381.000000 33.000000 25.000000 4.000000 35268.000000 1215.000000
1091764 34.354305 3.201172 2417.000000 37685.000000 38892.000000 2318.000000 57.000000 38.000000 4.000000 35268.000000 1207.000000
1092764 34.833659 3.207620 2383.000000 37651.000000 38845.000000 2233.000000 96.000000 52.000000 2.000000 35268.000000 1194.000000
1093764 36.436322 3.291205 2325.000000 37593.000000 38770.000000 2050.000000 174.000000 99.000000 2.000000 35268.000000 1177.000000
1094764 38.785185 3.387418 2223.000000 37491.000000 38643.000000 1772.000000 292.000000 157.000000 2.000000 35268.000000 1152.000000
1095764 42.608696 3.564747 2066.000000 37334.000000 38488.000000 1374.000000 472.000000 218.000000 2.000000 35268.000000 1154.000000
1096764 47.601840 3.782105 1869.000000 37137.000000 38312.000000 868.000000 717.000000 274.000000 10.000000 35268.000000 1175.000000
1097764 51.228070 3.830211 1629.000000 36897.000000 38118.000000 387.000000 977.000000 239.000000 26.000000 35268.000000 1221.000000
1098764 50.337331 3.540173 1454.000000 36722.000000 37936.000000 95.000000 1192.000000 129.000000 38.000000 35268.000000 1214.000000
