763750 0.094295 0.020000 8484.000000 40000.000000 40000.000000 2976.000000 1475.000000 8.000000 4025.000000 31516.000000 0.000000
764750 0.244869 0.051867 8566.000000 40478.000000 40488.000000 3981.000000 975.000000 11.000000 3599.000000 31912.000000 10.000000
765750 0.277713 0.058548 8622.000000 40972.000000 40992.000000 4984.000000 625.000000 4.000000 3009.000000 32350.000000 20.000000
766750 0.424848 0.089243 8686.000000 41437.000000 41460.000000 5904.000000 381.000000 14.000000 2387.000000 32751.000000 23.000000
767750 0.545641 0.114704 8766.000000 41816.000000 41847.000000 6652.000000 242.000000 17.000000 1855.000000 33050.000000 31.000000
768750 0.948831 0.199161 8800.000000 42124.000000 42177.000000 7245.000000 161.000000 31.000000 1363.000000 33324.000000 53.000000
769750 1.830021 0.384099 8812.000000 42342.000000 42437.000000 7648.000000 145.000000 68.000000 951.000000 33530.000000 95.000000
770750 3.233024 0.677879 8760.000000 42454.000000 42633.000000 7862.000000 165.000000 110.000000 623.000000 33694.000000 179.000000
771750 5.024004 1.052139 8668.000000 42481.000000 42770.000000 7872.000000 256.000000 161.000000 379.000000 33813.000000 289.000000
772750 7.990639 1.673084 8485.000000 42367.000000 42855.000000 7610.000000 415.000000 229.000000 231.000000 33882.000000 488.000000
773750 11.660738 2.443968 8240.000000 42166.000000 42922.000000 7196.000000 625.000000 293.000000 126.000000 33926.000000 756.000000
774750 16.653722 3.493541 7912.000000 41864.000000 42965.000000 6528.000000 914.000000 400.000000 70.000000 33952.000000 1101.000000
775750 23.048780 4.836683 7460.000000 41424.000000 42984.000000 5588.000000 1296.000000 519.000000 57.000000 33964.000000 1560.000000
776750 29.316467 6.146044 6888.000000 40863.000000 42987.000000 4597.000000 1703.000000 518.000000 70.000000 33975.000000 2124.000000
777750 35.252996 7.390091 6350.000000 40328.000000 42990.000000 3674.000000 2051.000000 515.000000 110.000000 33978.000000 2662.000000
778750 40.153112 8.417454 5861.000000 39842.000000 42994.000000 2832.000000 2381.000000 467.000000 181.000000 33981.000000 3152.000000
779750 44.107856 9.244186 5429.000000 39417.000000 43000.000000 2120.000000 2630.000000 392.000000 287.000000 33988.000000 3583.000000
780750 46.965494 9.842126 5087.000000 39083.000000 43009.000000 1521.000000 2820.000000 307.000000 439.000000 33996.000000 3926.000000
781750 49.450915 10.361659 4819.000000 38828.000000 43024.000000 1077.000000 2809.000000 262.000000 671.000000 34009.000000 4196.000000
782750 50.915345 10.660441 4601.000000 38635.000000 43047.000000 771.000000 2712.000000 177.000000 941.000000 34034.000000 4412.000000
783750 51.383968 10.769481 4505.000000 38567.000000 43094.000000 674.000000 2408.000000 114.000000 1309.000000 34062.000000 4527.000000
784750 51.620038 10.815319 4465.000000 38583.000000 43161.000000 670.000000 2103.000000 90.000000 1602.000000 34118.000000 4578.000000
785750 51.467020 10.787940 4460.000000 38646.000000 43252.000000 798.000000 1753.000000 60.000000 1849.000000 34186.000000 4606.000000
786750 50.886466 10.649428 4488.000000 38799.000000 43392.000000 1098.000000 1383.000000 28.000000 1979.000000 34311.000000 4593.000000
787750 50.214168 10.495627 4539.000000 38995.000000 43561.000000 1501.000000 1033.000000 6.000000 1999.000000 34456.000000 4566.000000
788750 49.334787 10.330182 4649.000000 39273.000000 43794.000000 2065.000000 728.000000 3.000000 1853.000000 34624.000000 4521.000000
789750 48.597021 10.226886 4768.000000 39533.000000 44031.000000 2609.000000 496.000000 5.000000 1658.000000 34765.000000 4498.000000
790750 47.970519 10.142505 4876.000000 39793.000000 44279.000000 3139.000000 325.000000 5.000000 1407.000000 34917.000000 4486.000000
791750 47.245339 10.076840 5020.000000 40035.000000 44508.000000 3665.000000 214.000000 12.000000 1129.000000 35015.000000 4473.000000
792750 45.975472 9.977634 5257.000000 40264.000000 44710.000000 4214.000000 140.000000 15.000000 888.000000 35007.000000 4446.000000
793750 44.937475 9.929805 5492.000000 40451.000000 44875.000000 4699.000000 95.000000 32.000000 666.000000 34959.000000 4424.000000
794750 43.379978 9.862947 5852.000000 40579.000000 44946.000000 5211.000000 100.000000 66.000000 475.000000 34727.000000 4367.000000
795750 41.586880 9.759950 6235.000000 40635.000000 44949.000000 5703.000000 146.000000 73.000000 313.000000 34400.000000 4314.000000
796750 39.544912 9.609382 6693.000000 40646.000000 44852.000000 6179.000000 210.000000 104.000000 200.000000 33953.000000 4206.000000
797750 37.049094 9.428386 7315.000000 40612.000000 44663.000000 6739.000000 302.000000 160.000000 114.000000 33297.000000 4051.000000
798750 35.113324 9.214617 7754.000000 40492.000000 44386.000000 7057.000000 446.000000 196.000000 55.000000 32738.000000 3894.000000
799750 33.296750 8.973834 8194.000000 40299.000000 43950.000000 7238.000000 615.000000 293.000000 48.000000 32105.000000 3651.000000
800750 31.266280 8.570573 8475.000000 39990.000000 43416.000000 7295.000000 838.000000 295.000000 47.000000 31515.000000 3426.000000
801750 30.062489 8.291797 8611.000000 39703.000000 42934.000000 7169.000000 1046.000000 329.000000 67.000000 31092.000000 3231.000000
802750 29.354258 8.055634 8562.000000 39393.000000 42492.000000 6877.000000 1261.000000 324.000000 100.000000 30831.000000 3099.000000
803750 28.983493 7.933035 8525.000000 39067.000000 42052.000000 6539.000000 1476.000000 351.000000 159.000000 30542.000000 2985.000000
804750 29.284584 7.976826 8377.000000 38770.000000 41771.000000 6096.000000 1738.000000 331.000000 212.000000 30393.000000 3001.000000
805750 30.579980 8.284408 8189.000000 38490.000000 41560.000000 5533.000000 1977.000000 373.000000 306.000000 30301.000000 3070.000000
806750 31.463087 8.489883 8033.000000 38272.000000 41414.000000 4941.000000 2266.000000 374.000000 452.000000 30239.000000 3142.000000
807750 32.076149 8.641169 7914.000000 38115.000000 41337.000000 4401.000000 2535.000000 350.000000 628.000000 30201.000000 3222.000000
808750 33.749103 9.099927 7831.000000 38017.000000 41330.000000 3740.000000 2844.000000 448.000000 799.000000 30186.000000 3313.000000
809750 34.103322 9.210940 7718.000000 37902.000000 41353.000000 3148.000000 3238.000000 358.000000 974.000000 30184.000000 3451.000000
810750 34.526035 9.364589 7699.000000 37886.000000 41422.000000 2691.000000 3541.000000 343.000000 1124.000000 30187.000000 3536.000000
811750 34.570072 9.459427 7763.000000 37956.000000 41567.000000 2381.000000 3783.000000 321.000000 1278.000000 30193.000000 3611.000000
812750 36.031828 9.974859 7588.000000 37791.000000 41765.000000 2357.000000 3624.000000 192.000000 1415.000000 30203.000000 3974.000000
813750 36.632151 10.277414 7608.000000 37821.000000 41995.000000 2552.000000 3335.000000 142.000000 1579.000000 30213.000000 4174.000000
814750 37.441667 10.641876 7664.000000 37884.000000 42220.000000 2730.000000 2946.000000 157.000000 1831.000000 30220.000000 4336.000000
815750 37.477522 10.798398 7757.000000 37983.000000 42460.000000 3038.000000 2524.000000 108.000000 2087.000000 30226.000000 4477.000000
816750 37.013922 10.823584 7925.000000 38167.000000 42740.000000 3539.000000 1964.000000 53.000000 2369.000000 30242.000000 4573.000000
817750 36.206627 10.764155 8207.000000 38452.000000 43041.000000 4153.000000 1397.000000 44.000000 2613.000000 30245.000000 4589.000000
818750 35.498593 10.757670 8557.000000 38793.000000 43383.000000 4846.000000 900.000000 77.000000 2734.000000 30236.000000 4590.000000
819750 34.555712 10.642189 8892.000000 39162.000000 43741.000000 5652.000000 624.000000 76.000000 2540.000000 30270.000000 4579.000000
820750 33.546837 10.459311 9218.000000 39545.000000 44066.000000 6443.000000 518.000000 88.000000 2169.000000 30327.000000 4521.000000
821750 33.017105 10.357344 9446.000000 39887.000000 44355.000000 7138.000000 471.000000 126.000000 1711.000000 30441.000000 4468.000000
822750 32.533637 10.247096 9654.000000 40205.000000 44598.000000 7774.000000 466.000000 177.000000 1237.000000 30551.000000 4393.000000
823750 32.335756 10.145316 9699.000000 40395.000000 44730.000000 8170.000000 545.000000 203.000000 781.000000 30696.000000 4335.000000
824750 32.150298 10.016115 9652.000000 40411.000000 44678.000000 8292.000000 648.000000 208.000000 504.000000 30759.000000 4267.000000
825750 32.361707 10.004944 9554.000000 40295.000000 44498.000000 8126.000000 802.000000 249.000000 377.000000 30741.000000 4203.000000
826750 32.401243 9.899871 9397.000000 40122.000000 44243.000000 7867.000000 965.000000 259.000000 306.000000 30725.000000 4121.000000
827750 33.093363 10.020436 9221.000000 39926.000000 44040.000000 7480.000000 1178.000000 299.000000 264.000000 30705.000000 4114.000000
828750 34.036397 10.203616 9027.000000 39702.000000 43808.000000 6986.000000 1436.000000 364.000000 241.000000 30675.000000 4106.000000
829750 35.503050 10.550469 8766.000000 39396.000000 43581.000000 6344.000000 1742.000000 413.000000 267.000000 30630.000000 4185.000000
830750 37.154675 10.973839 8547.000000 39118.000000 43385.000000 5566.000000 2145.000000 494.000000 342.000000 30571.000000 4267.000000
831750 38.509317 11.330619 8338.000000 38847.000000 43228.000000 4758.000000 2592.000000 517.000000 471.000000 30509.000000 4381.000000
832750 39.649206 11.684128 8167.000000 38597.000000 43144.000000 4099.000000 3014.000000 494.000000 560.000000 30430.000000 4547.000000
833750 40.799308 12.043660 8040.000000 38389.000000 43060.000000 3311.000000 3499.000000 515.000000 715.000000 30349.000000 4671.000000
834750 41.202795 12.200112 7948.000000 38227.000000 43016.000000 2706.000000 3925.000000 459.000000 858.000000 30279.000000 4789.000000
835750 39.870958 11.932625 8002.000000 38121.000000 42983.000000 2453.000000 4242.000000 267.000000 1040.000000 30119.000000 4862.000000
836750 38.888462 11.800518 8137.000000 37999.000000 42871.000000 2660.000000 4047.000000 187.000000 1243.000000 29862.000000 4872.000000
837750 37.642499 11.571889 8327.000000 37971.000000 42802.000000 2970.000000 3709.000000 122.000000 1526.000000 29644.000000 4831.000000
838750 36.797542 11.465994 8558.000000 38043.000000 42831.000000 3308.000000 3210.000000 123.000000 1917.000000 29485.000000 4788.000000
839750 35.812205 11.322909 8801.000000 38146.000000 42913.000000 3719.000000 2687.000000 92.000000 2303.000000 29345.000000 4767.000000
840750 34.861191 11.193649 9091.000000 38337.000000 43078.000000 4257.000000 2126.000000 81.000000 2627.000000 29246.000000 4741.000000
841750 34.066323 11.117264 9389.000000 38584.000000 43338.000000 4868.000000 1477.000000 64.000000 2980.000000 29195.000000 4754.000000
842750 33.112811 10.996933 9785.000000 38968.000000 43694.000000 5645.000000 914.000000 79.000000 3147.000000 29183.000000 4726.000000
843750 32.072060 10.856702 10252.000000 39431.000000 44111.000000 6604.000000 668.000000 109.000000 2871.000000 29179.000000 4680.000000
844750 31.195545 10.698960 10604.000000 39848.000000 44509.000000 7505.000000 602.000000 101.000000 2396.000000 29244.000000 4661.000000
845750 30.393539 10.563835 11005.000000 40292.000000 44889.000000 8399.000000 607.000000 145.000000 1854.000000 29287.000000 4597.000000
846750 29.898275 10.461158 11303.000000 40710.000000 45234.000000 9170.000000 646.000000 208.000000 1279.000000 29407.000000 4524.000000
847750 29.892661 10.522385 11528.000000 41026.000000 45522.000000 9692.000000 802.000000 294.000000 740.000000 29498.000000 4496.000000
848750 29.798766 10.500549 11554.000000 41053.000000 45550.000000 9747.000000 1042.000000 286.000000 479.000000 29499.000000 4497.000000
849750 29.934911 10.522726 11465.000000 40941.000000 45454.000000 9541.000000 1260.000000 270.000000 394.000000 29476.000000 4513.000000
850750 30.046711 10.517942 11400.000000 40814.000000 45256.000000 9197.000000 1516.000000 318.000000 369.000000 29414.000000 4442.000000
851750 30.351234 10.576731 11284.000000 40667.000000 45099.000000 8794.000000 1802.000000 338.000000 350.000000 29383.000000 4432.000000
852750 30.657075 10.635738 11166.000000 40474.000000 44877.000000 8295.000000 2140.000000 370.000000 361.000000 29308.000000 4403.000000
853750 31.594616 10.932951 11077.000000 40279.000000 44654.000000 7625.000000 2536.000000 507.000000 409.000000 29202.000000 4375.000000
854750 32.962866 11.353043 10874.000000 39989.000000 44411.000000 6692.000000 3015.000000 620.000000 547.000000 29115.000000 4422.000000
855750 33.653783 11.566750 10686.000000 39686.000000 44187.000000 5832.000000 3510.000000 610.000000 734.000000 29000.000000 4501.000000
856750 34.310207 11.738893 10481.000000 39415.000000 43982.000000 4925.000000 4018.000000 596.000000 942.000000 28934.000000 4567.000000
857750 35.503315 12.098044 10283.000000 39169.000000 43817.000000 3995.000000 4483.000000 653.000000 1152.000000 28886.000000 4648.000000
858750 35.886391 12.201094 10115.000000 38958.000000 43701.000000 3137.000000 4993.000000 589.000000 1396.000000 28843.000000 4743.000000
859750 34.440253 11.705854 10054.000000 38887.000000 43679.000000 2863.000000 5272.000000 321.000000 1598.000000 28833.000000 4792.000000
860750 33.604957 11.434988 10012.000000 38801.000000 43638.000000 3115.000000 4943.000000 153.000000 1801.000000 28789.000000 4837.000000
861750 33.217111 11.338979 10095.000000 38871.000000 43690.000000 3427.000000 4416.000000 135.000000 2117.000000 28776.000000 4819.000000
862750 32.821229 11.261981 10239.000000 39023.000000 43820.000000 3793.000000 3770.000000 138.000000 2538.000000 28784.000000 4797.000000
863750 32.357392 11.179305 10398.000000 39191.000000 43992.000000 4238.000000 3131.000000 117.000000 2912.000000 28793.000000 4801.000000
864750 32.047034 11.154577 10583.000000 39414.000000 44224.000000 4753.000000 2424.000000 123.000000 3283.000000 28831.000000 4810.000000
865750 31.460027 11.045192 10816.000000 39692.000000 44499.000000 5412.000000 1676.000000 108.000000 3620.000000 28876.000000 4807.000000
866750 31.020844 11.007151 11121.000000 40082.000000 44889.000000 6228.000000 981.000000 134.000000 3778.000000 28961.000000 4807.000000
867750 30.177660 10.824219 11467.000000 40552.000000 45352.000000 7257.000000 761.000000 109.000000 3340.000000 29085.000000 4800.000000
868750 29.316079 10.595795 11805.000000 41022.000000 45754.000000 8236.000000 732.000000 116.000000 2721.000000 29217.000000 4732.000000
869750 28.661436 10.442202 12134.000000 41488.000000 46178.000000 9207.000000 752.000000 132.000000 2043.000000 29354.000000 4690.000000
870750 28.411816 10.427670 12467.000000 41950.000000 46578.000000 10028.000000 809.000000 229.000000 1401.000000 29483.000000 4628.000000
871750 28.143644 10.446299 12809.000000 42341.000000 46964.000000 10818.000000 950.000000 283.000000 758.000000 29532.000000 4623.000000
872750 28.170140 10.497426 12870.000000 42357.000000 47002.000000 10889.000000 1189.000000 289.000000 503.000000 29487.000000 4645.000000
873750 28.351812 10.580081 12833.000000 42225.000000 46890.000000 10641.000000 1430.000000 296.000000 466.000000 29392.000000 4665.000000
874750 28.769478 10.743855 12782.000000 42069.000000 46743.000000 10268.000000 1694.000000 348.000000 472.000000 29287.000000 4674.000000
875750 29.447888 10.997278 12671.000000 41904.000000 46657.000000 9831.000000 1999.000000 378.000000 463.000000 29233.000000 4753.000000
876750 30.038001 11.219114 12569.000000 41702.000000 46501.000000 9314.000000 2378.000000 418.000000 459.000000 29133.000000 4799.000000
877750 31.513017 11.776253 12431.000000 41464.000000 46356.000000 8552.000000 2786.000000 567.000000 526.000000 29033.000000 4892.000000
878750 32.686385 12.193007 12217.000000 41141.000000 46133.000000 7646.000000 3294.000000 633.000000 644.000000 28924.000000 4992.000000
879750 33.452353 12.453151 12010.000000 40818.000000 45892.000000 6738.000000 3801.000000 641.000000 830.000000 28808.000000 5074.000000
880750 34.234128 12.701679 11792.000000 40523.000000 45679.000000 5847.000000 4240.000000 646.000000 1059.000000 28731.000000 5156.000000
881750 35.659099 13.188842 11542.000000 40209.000000 45493.000000 4803.000000 4717.000000 716.000000 1306.000000 28667.000000 5284.000000
882750 36.985237 13.639570 11268.000000 39905.000000 45368.000000 3766.000000 5257.000000 725.000000 1520.000000 28637.000000 5463.000000
883750 35.514019 13.076567 11111.000000 39752.000000 45333.000000 3403.000000 5607.000000 347.000000 1754.000000 28641.000000 5581.000000
884750 34.809937 12.829281 11070.000000 39691.000000 45326.000000 3603.000000 5293.000000 180.000000 1994.000000 28621.000000 5635.000000
885750 34.341330 12.699775 11174.000000 39801.000000 45426.000000 3974.000000 4768.000000 144.000000 2288.000000 28627.000000 5625.000000
886750 34.044061 12.648395 11337.000000 39977.000000 45571.000000 4354.000000 4124.000000 170.000000 2689.000000 28640.000000 5594.000000
887750 33.610104 12.565033 11497.000000 40141.000000 45746.000000 4768.000000 3481.000000 143.000000 3105.000000 28644.000000 5605.000000
888750 32.936691 12.397269 11744.000000 40426.000000 45994.000000 5361.000000 2836.000000 134.000000 3413.000000 28682.000000 5568.000000
889750 32.235791 12.215903 12023.000000 40742.000000 46243.000000 6019.000000 2094.000000 148.000000 3762.000000 28719.000000 5501.000000
890750 31.589864 12.085013 12375.000000 41165.000000 46628.000000 6881.000000 1340.000000 172.000000 3982.000000 28790.000000 5463.000000
891750 30.807412 11.870458 12703.000000 41629.000000 47058.000000 7833.000000 1103.000000 157.000000 3610.000000 28926.000000 5429.000000
892750 29.974483 11.625605 13046.000000 42117.000000 47490.000000 8861.000000 1085.000000 148.000000 2952.000000 29071.000000 5373.000000
893750 29.445721 11.497443 13371.000000 42577.000000 47915.000000 9772.000000 1116.000000 171.000000 2312.000000 29206.000000 5338.000000
894750 28.848981 11.363213 13760.000000 43065.000000 48349.000000 10771.000000 1140.000000 210.000000 1639.000000 29305.000000 5284.000000
895750 28.545586 11.328069 14107.000000 43514.000000 48755.000000 11604.000000 1237.000000 282.000000 984.000000 29407.000000 5241.000000
896750 28.669205 11.414346 14207.000000 43582.000000 48807.000000 11665.000000 1470.000000 346.000000 726.000000 29375.000000 5225.000000
897750 28.927193 11.542489 14171.000000 43443.000000 48707.000000 11378.000000 1720.000000 358.000000 715.000000 29272.000000 5264.000000
898750 29.156788 11.643272 14106.000000 43290.000000 48586.000000 11025.000000 1985.000000 361.000000 735.000000 29184.000000 5296.000000
899750 29.684592 11.845417 14011.000000 43137.000000 48466.000000 10600.000000 2266.000000 412.000000 733.000000 29126.000000 5329.000000
900750 30.424638 12.143788 13944.000000 42978.000000 48321.000000 10024.000000 2693.000000 525.000000 702.000000 29034.000000 5343.000000
901750 31.197873 12.434813 13795.000000 42742.000000 48131.000000 9274.000000 3174.000000 596.000000 751.000000 28947.000000 5389.000000
902750 31.976652 12.701297 13594.000000 42454.000000 47877.000000 8453.000000 3654.000000 658.000000 829.000000 28860.000000 5423.000000
903750 32.594082 12.921502 13377.000000 42141.000000 47657.000000 7614.000000 4134.000000 642.000000 987.000000 28764.000000 5516.000000
904750 33.203375 13.111608 13195.000000 41887.000000 47416.000000 6706.000000 4614.000000 688.000000 1187.000000 28692.000000 5529.000000
905750 34.110284 13.402302 12968.000000 41605.000000 47171.000000 5649.000000 5095.000000 756.000000 1468.000000 28637.000000 5566.000000
906750 34.558023 13.515124 12767.000000 41372.000000 46977.000000 4666.000000 5655.000000 744.000000 1702.000000 28605.000000 5605.000000
907750 33.253157 12.972085 12652.000000 41252.000000 46893.000000 4221.000000 6010.000000 442.000000 1979.000000 28600.000000 5641.000000
908750 32.403457 12.633285 12551.000000 41161.000000 46892.000000 4388.000000 5689.000000 193.000000 2281.000000 28610.000000 5731.000000
909750 32.003041 12.538291 12716.000000 41307.000000 47008.000000 4758.000000 5181.000000 193.000000 2584.000000 28591.000000 5701.000000
910750 31.638479 12.454678 12906.000000 41503.000000 47163.000000 5143.000000 4629.000000 214.000000 2920.000000 28597.000000 5660.000000
911750 31.385696 12.445138 13097.000000 41697.000000 47392.000000 5587.000000 4016.000000 203.000000 3291.000000 28600.000000 5695.000000
912750 30.898581 12.336613 13327.000000 41960.000000 47663.000000 6182.000000 3318.000000 177.000000 3650.000000 28633.000000 5703.000000
913750 30.565472 12.300389 13604.000000 42306.000000 48031.000000 6929.000000 2545.000000 183.000000 3947.000000 28702.000000 5725.000000
914750 29.997450 12.148567 13916.000000 42720.000000 48409.000000 7726.000000 1798.000000 192.000000 4200.000000 28804.000000 5689.000000
915750 29.243909 11.924613 14251.000000 43161.000000 48815.000000 8649.000000 1520.000000 167.000000 3915.000000 28910.000000 5654.000000
916750 28.409371 11.690447 14679.000000 43675.000000 49271.000000 9725.000000 1471.000000 164.000000 3319.000000 28996.000000 5596.000000
917750 27.898867 11.576493 15099.000000 44209.000000 49756.000000 10782.000000 1446.000000 213.000000 2658.000000 29110.000000 5547.000000
918750 27.559617 11.525829 15465.000000 44691.000000 50235.000000 11767.000000 1458.000000 246.000000 1994.000000 29226.000000 5544.000000
919750 27.392120 11.522601 15801.000000 45164.000000 50683.000000 12586.000000 1580.000000 321.000000 1314.000000 29363.000000 5519.000000
920750 27.600037 11.642731 15906.000000 45294.000000 50830.000000 12754.000000 1781.000000 382.000000 989.000000 29388.000000 5536.000000
921750 28.031047 11.815136 15840.000000 45193.000000 50740.000000 12420.000000 2030.000000 448.000000 942.000000 29353.000000 5547.000000
922750 28.405362 11.970134 15697.000000 44989.000000 50626.000000 12015.000000 2301.000000 423.000000 958.000000 29292.000000 5637.000000
923750 29.177233 12.291774 15605.000000 44857.000000 50546.000000 11532.000000 2604.000000 524.000000 945.000000 29252.000000 5689.000000
924750 29.851590 12.566442 15452.000000 44647.000000 50420.000000 10842.000000 3102.000000 563.000000 945.000000 29195.000000 5773.000000
925750 30.393133 12.761340 15253.000000 44388.000000 50222.000000 10086.000000 3629.000000 575.000000 963.000000 29135.000000 5834.000000
926750 31.100821 13.027916 15085.000000 44145.000000 50008.000000 9304.000000 4075.000000 652.000000 1054.000000 29060.000000 5863.000000
927750 31.924612 13.333066 14893.000000 43895.000000 49801.000000 8383.000000 4586.000000 734.000000 1190.000000 29002.000000 5906.000000
928750 32.516974 13.521144 14664.000000 43633.000000 49589.000000 7430.000000 5086.000000 749.000000 1399.000000 28969.000000 5956.000000
929750 33.224038 13.745698 14409.000000 43365.000000 49390.000000 6389.000000 5593.000000 764.000000 1663.000000 28956.000000 6025.000000
930750 33.808866 13.915641 14147.000000 43107.000000 49218.000000 5388.000000 6074.000000 738.000000 1947.000000 28960.000000 6111.000000
931750 32.790939 13.485751 14083.000000 43027.000000 49163.000000 4915.000000 6422.000000 494.000000 2252.000000 28944.000000 6136.000000
932750 31.891597 13.097709 13977.000000 42939.000000 49146.000000 5070.000000 6073.000000 230.000000 2604.000000 28962.000000 6207.000000
933750 31.547092 13.005112 14142.000000 43116.000000 49296.000000 5404.000000 5596.000000 231.000000 2911.000000 28974.000000 6180.000000
934750 31.086161 12.871407 14342.000000 43331.000000 49474.000000 5821.000000 5091.000000 225.000000 3205.000000 28989.000000 6143.000000
935750 30.751741 12.789972 14533.000000 43564.000000 49703.000000 6311.000000 4399.000000 218.000000 3605.000000 29031.000000 6139.000000
936750 30.195816 12.621826 14793.000000 43875.000000 49969.000000 6992.000000 3666.000000 213.000000 3922.000000 29082.000000 6094.000000
937750 29.454545 12.391965 15159.000000 44315.000000 50331.000000 7861.000000 2940.000000 221.000000 4137.000000 29156.000000 6016.000000
938750 29.236438 12.360969 15431.000000 44700.000000 50708.000000 8604.000000 2183.000000 260.000000 4384.000000 29269.000000 6008.000000
939750 28.610179 12.178559 15743.000000 45090.000000 51098.000000 9497.000000 1876.000000 215.000000 4155.000000 29347.000000 6008.000000
940750 28.048282 11.985883 16068.000000 45600.000000 51569.000000 10524.000000 1794.000000 212.000000 3538.000000 29532.000000 5969.000000
941750 27.301573 11.739724 16466.000000 46127.000000 52037.000000 11638.000000 1707.000000 199.000000 2922.000000 29661.000000 5910.000000
942750 27.059756 11.703870 16846.000000 46641.000000 52504.000000 12596.000000 1714.000000 282.000000 2254.000000 29795.000000 5863.000000
943750 26.995785 11.728500 17113.000000 47067.000000 52965.000000 13329.000000 1875.000000 314.000000 1595.000000 29954.000000 5898.000000
944750 27.339124 11.913371 17254.000000 47215.000000 53100.000000 13477.000000 2083.000000 441.000000 1253.000000 29961.000000 5885.000000
945750 27.675101 12.077641 17215.000000 47122.000000 53065.000000 13208.000000 2364.000000 466.000000 1177.000000 29907.000000 5943.000000
946750 27.506249 12.049012 17289.000000 47054.000000 52967.000000 12986.000000 2691.000000 469.000000 1143.000000 29765.000000 5913.000000
947750 28.046939 12.296663 17234.000000 46923.000000 52868.000000 12456.000000 3088.000000 556.000000 1134.000000 29689.000000 5945.000000
948750 28.688347 12.566150 17082.000000 46710.000000 52721.000000 11744.000000 3590.000000 614.000000 1134.000000 29628.000000 6011.000000
949750 29.123554 12.747374 16912.000000 46462.000000 52552.000000 10997.000000 4191.000000 609.000000 1115.000000 29550.000000 6090.000000
950750 29.876317 13.052527 16733.000000 46225.000000 52373.000000 10234.000000 4599.000000 688.000000 1212.000000 29492.000000 6148.000000
951750 30.261886 13.201833 16552.000000 45961.000000 52167.000000 9363.000000 5133.000000 681.000000 1375.000000 29409.000000 6206.000000
952750 31.201910 13.569753 16355.000000 45739.000000 51998.000000 8403.000000 5511.000000 797.000000 1644.000000 29384.000000 6259.000000
953750 31.597918 13.702939 16157.000000 45505.000000 51821.000000 7410.000000 6037.000000 785.000000 1925.000000 29348.000000 6316.000000
954750 31.738194 13.696242 15925.000000 45269.000000 51620.000000 6403.000000 6511.000000 719.000000 2292.000000 29344.000000 6351.000000
955750 30.929877 13.318346 15853.000000 45233.000000 51598.000000 6026.000000 6687.000000 507.000000 2633.000000 29380.000000 6365.000000
956750 30.696146 13.205610 15752.000000 45166.000000 51622.000000 6058.000000 6336.000000 361.000000 2997.000000 29414.000000 6456.000000
957750 30.541607 13.149818 15840.000000 45339.000000 51803.000000 6260.000000 5989.000000 348.000000 3243.000000 29499.000000 6464.000000
958750 30.192462 13.029685 15968.000000 45534.000000 52012.000000 6597.000000 5503.000000 299.000000 3569.000000 29566.000000 6478.000000
959750 29.710017 12.862666 16172.000000 45802.000000 52252.000000 7119.000000 4924.000000 271.000000 3858.000000 29630.000000 6450.000000
960750 29.148964 12.661479 16420.000000 46150.000000 52561.000000 7793.000000 4212.000000 244.000000 4171.000000 29730.000000 6411.000000
961750 28.671692 12.500708 16721.000000 46580.000000 52941.000000 8642.000000 3429.000000 257.000000 4393.000000 29859.000000 6361.000000
962750 28.346693 12.402010 16987.000000 46980.000000 53322.000000 9399.000000 2746.000000 271.000000 4571.000000 29993.000000 6342.000000
963750 27.584890 12.107155 17295.000000 47414.000000 53679.000000 10320.000000 2488.000000 234.000000 4253.000000 30119.000000 6265.000000
964750 27.389150 12.060422 17577.000000 47847.000000 54086.000000 11178.000000 2310.000000 284.000000 3805.000000 30270.000000 6239.000000
965750 26.638478 11.771387 17912.000000 48379.000000 54590.000000 12278.000000 2148.000000 215.000000 3271.000000 30467.000000 6211.000000
966750 26.657379 11.808480 18216.000000 48906.000000 55096.000000 13169.000000 2095.000000 316.000000 2636.000000 30690.000000 6190.000000
967750 26.709992 11.853561 18435.000000 49292.000000 55477.000000 13834.000000 2161.000000 391.000000 2049.000000 30857.000000 6185.000000
968750 27.058111 12.048518 18518.000000 49388.000000 55650.000000 13941.000000 2390.000000 443.000000 1744.000000 30870.000000 6262.000000
969750 27.167863 12.104005 18512.000000 49369.000000 55651.000000 13808.000000 2645.000000 454.000000 1605.000000 30857.000000 6282.000000
970750 27.534070 12.273544 18497.000000 49335.000000 55640.000000 13532.000000 2964.000000 524.000000 1477.000000 30838.000000 6305.000000
971750 27.930617 12.453461 18448.000000 49257.000000 55599.000000 13115.000000 3367.000000 582.000000 1384.000000 30809.000000 6342.000000
972750 28.451900 12.691115 18358.000000 49082.000000 55464.000000 12483.000000 3863.000000 657.000000 1355.000000 30724.000000 6382.000000
973750 28.882480 12.859701 18164.000000 48836.000000 55289.000000 11758.000000 4384.000000 657.000000 1365.000000 30672.000000 6453.000000
974750 29.524702 13.137561 18039.000000 48639.000000 55132.000000 11018.000000 4851.000000 750.000000 1420.000000 30600.000000 6493.000000
975750 29.813639 13.241046 17861.000000 48419.000000 54973.000000 10226.000000 5361.000000 725.000000 1549.000000 30558.000000 6554.000000
976750 30.131563 13.337471 17694.000000 48225.000000 54778.000000 9332.000000 5801.000000 753.000000 1808.000000 30531.000000 6553.000000
977750 30.651579 13.535032 17516.000000 48026.000000 54636.000000 8420.000000 6247.000000 785.000000 2064.000000 30510.000000 6610.000000
978750 30.683764 13.483600 17294.000000 47834.000000 54481.000000 7553.000000 6618.000000 699.000000 2424.000000 30540.000000 6647.000000
979750 30.096477 13.177469 17176.000000 47785.000000 54449.000000 7052.000000 6837.000000 511.000000 2776.000000 30609.000000 6664.000000
980750 30.026449 13.132574 17095.000000 47736.000000 54460.000000 6989.000000 6526.000000 428.000000 3152.000000 30641.000000 6724.000000
981750 29.837698 13.066017 17184.000000 47870.000000 54592.000000 7147.000000 6200.000000 411.000000 3426.000000 30686.000000 6722.000000
982750 29.469785 12.926722 17313.000000 48063.000000 54778.000000 7407.000000 5814.000000 366.000000 3726.000000 30750.000000 6715.000000
983750 29.351295 12.871269 17387.000000 48276.000000 55014.000000 7762.000000 5276.000000 343.000000 4006.000000 30889.000000 6738.000000
984750 28.955371 12.735653 17591.000000 48582.000000 55325.000000 8375.000000 4667.000000 303.000000 4246.000000 30991.000000 6743.000000
985750 28.655209 12.636040 17826.000000 48954.000000 55682.000000 9094.000000 3996.000000 308.000000 4428.000000 31128.000000 6728.000000
986750 28.368966 12.563746 18116.000000 49361.000000 56082.000000 9843.000000 3360.000000 325.000000 4588.000000 31245.000000 6721.000000
987750 27.711851 12.320739 18422.000000 49792.000000 56482.000000 10782.000000 2987.000000 269.000000 4384.000000 31370.000000 6690.000000
988750 27.330709 12.200351 18755.000000 50255.000000 56900.000000 11699.000000 2815.000000 297.000000 3944.000000 31500.000000 6645.000000
989750 26.726552 11.972408 19073.000000 50764.000000 57407.000000 12709.000000 2646.000000 230.000000 3488.000000 31691.000000 6643.000000
990750 26.541287 11.924386 19399.000000 51271.000000 57873.000000 13603.000000 2511.000000 299.000000 2986.000000 31872.000000 6602.000000
991750 26.553694 11.964448 19676.000000 51697.000000 58281.000000 14344.000000 2494.000000 389.000000 2449.000000 32021.000000 6584.000000
992750 26.872581 12.115302 19746.000000 51847.000000 58455.000000 14477.000000 2676.000000 474.000000 2119.000000 32101.000000 6608.000000
993750 27.136631 12.241618 19760.000000 51864.000000 58489.000000 14333.000000 2925.000000 535.000000 1967.000000 32104.000000 6625.000000
994750 27.282370 12.312584 19749.000000 51844.000000 58493.000000 14182.000000 3180.000000 553.000000 1834.000000 32095.000000 6649.000000
995750 27.579011 12.436058 19699.000000 51793.000000 58451.000000 13804.000000 3593.000000 611.000000 1691.000000 32094.000000 6658.000000
996750 28.087665 12.645391 19603.000000 51698.000000 58377.000000 13275.000000 4014.000000 703.000000 1611.000000 32095.000000 6679.000000
997750 28.462657 12.778055 19358.000000 51439.000000 58217.000000 12566.000000 4526.000000 661.000000 1605.000000 32081.000000 6778.000000
998750 28.975591 12.988938 19254.000000 51273.000000 58034.000000 11833.000000 5040.000000 777.000000 1604.000000 32019.000000 6761.000000
999750 29.100100 13.027780 19099.000000 51069.000000 57884.000000 11128.000000 5540.000000 726.000000 1705.000000 31970.000000 6815.000000
1000750 29.550031 13.213624 18961.000000 50888.000000 57751.000000 10256.000000 5958.000000 768.000000 1979.000000 31927.000000 6863.000000
1001750 29.810309 13.302919 18819.000000 50742.000000 57649.000000 9463.000000 6343.000000 762.000000 2251.000000 31923.000000 6907.000000
1002750 29.907748 13.294295 18660.000000 50629.000000 57551.000000 8614.000000 6791.000000 729.000000 2526.000000 31969.000000 6922.000000
1003750 29.332915 13.010900 18573.000000 50580.000000 57521.000000 8051.000000 7055.000000 543.000000 2924.000000 32007.000000 6941.000000
1004750 29.329247 12.974777 18449.000000 50527.000000 57527.000000 7914.000000 6830.000000 464.000000 3241.000000 32078.000000 7000.000000
1005750 29.434866 13.002221 18450.000000 50631.000000 57644.000000 7911.000000 6553.000000 482.000000 3504.000000 32181.000000 7013.000000
1006750 29.325283 12.941624 18452.000000 50743.000000 57798.000000 8047.000000 6175.000000 425.000000 3805.000000 32291.000000 7055.000000
1007750 29.003621 12.832041 18609.000000 50976.000000 58050.000000 8434.000000 5692.000000 375.000000 4108.000000 32367.000000 7074.000000
1008750 28.687033 12.705136 18754.000000 51242.000000 58315.000000 8982.000000 5042.000000 336.000000 4394.000000 32488.000000 7073.000000
1009750 28.470489 12.636782 18977.000000 51606.000000 58670.000000 9615.000000 4401.000000 350.000000 4611.000000 32629.000000 7064.000000
1010750 28.317775 12.586797 19165.000000 51966.000000 59046.000000 10237.000000 3765.000000 352.000000 4811.000000 32801.000000 7080.000000
1011750 27.769164 12.356960 19414.000000 52395.000000 59424.000000 11042.000000 3440.000000 314.000000 4618.000000 32981.000000 7029.000000
1012750 27.494756 12.263993 19698.000000 52852.000000 59850.000000 11909.000000 3218.000000 342.000000 4229.000000 33154.000000 6998.000000
1013750 26.915666 12.042840 20030.000000 53360.000000 60318.000000 12911.000000 3036.000000 306.000000 3777.000000 33330.000000 6958.000000
1014750 26.823814 12.033748 20289.000000 53815.000000 60804.000000 13802.000000 2872.000000 328.000000 3287.000000 33526.000000 6989.000000
1015750 26.725799 12.004833 20549.000000 54282.000000 61242.000000 14579.000000 2867.000000 392.000000 2711.000000 33733.000000 6960.000000
1016750 26.983380 12.126932 20640.000000 54473.000000 61450.000000 14776.000000 3021.000000 475.000000 2368.000000 33833.000000 6977.000000
1017750 27.110437 12.190247 20679.000000 54548.000000 61541.000000 14788.000000 3162.000000 509.000000 2220.000000 33869.000000 6993.000000
1018750 27.205377 12.232297 20729.000000 54600.000000 61542.000000 14602.000000 3451.000000 586.000000 2090.000000 33871.000000 6942.000000
1019750 27.690526 12.434391 20636.000000 54541.000000 61539.000000 14249.000000 3757.000000 654.000000 1976.000000 33905.000000 6998.000000
1020750 27.797336 12.461764 20525.000000 54432.000000 61460.000000 13810.000000 4185.000000 631.000000 1899.000000 33907.000000 7028.000000
1021750 28.148121 12.593970 20402.000000 54288.000000 61323.000000 13149.000000 4693.000000 688.000000 1872.000000 33886.000000 7035.000000
1022750 28.467474 12.717679 20336.000000 54203.000000 61214.000000 12595.000000 5164.000000 774.000000 1803.000000 33867.000000 7011.000000
1023750 28.657550 12.766097 20158.000000 54022.000000 61068.000000 11821.000000 5671.000000 750.000000 1916.000000 33864.000000 7046.000000
1024750 29.187592 12.965879 20020.000000 53900.000000 60960.000000 10943.000000 6148.000000 844.000000 2085.000000 33880.000000 7060.000000
1025750 29.215316 12.948908 19893.000000 53784.000000 60870.000000 10235.000000 6554.000000 796.000000 2308.000000 33891.000000 7086.000000
1026750 29.543253 13.054143 19699.000000 53604.000000 60747.000000 9325.000000 6914.000000 787.000000 2673.000000 33905.000000 7143.000000
1027750 28.983885 12.783810 19630.000000 53602.000000 60780.000000 8794.000000 7244.000000 592.000000 3000.000000 33972.000000 7178.000000
1028750 29.042263 12.785208 19543.000000 53571.000000 60789.000000 8624.000000 7042.000000 554.000000 3323.000000 34028.000000 7218.000000
1029750 29.069246 12.785216 19538.000000 53639.000000 60875.000000 8559.000000 6845.000000 547.000000 3587.000000 34101.000000 7236.000000
1030750 28.636786 12.610148 19631.000000 53800.000000 61054.000000 8801.000000 6507.000000 445.000000 3878.000000 34169.000000 7254.000000
1031750 28.288062 12.476741 19797.000000 54041.000000 61266.000000 9172.000000 6027.000000 419.000000 4179.000000 34244.000000 7225.000000
1032750 27.866981 12.302865 19955.000000 54307.000000 61506.000000 9706.000000 5366.000000 368.000000 4515.000000 34352.000000 7199.000000
1033750 27.927632 12.358678 20163.000000 54630.000000 61827.000000 10238.000000 4801.000000 444.000000 4680.000000 34467.000000 7197.000000
1034750 27.430480 12.158857 20350.000000 54948.000000 62144.000000 10920.000000 4170.000000 360.000000 4900.000000 34598.000000 7196.000000
1035750 27.047084 12.006077 20611.000000 55387.000000 62535.000000 11733.000000 3808.000000 360.000000 4710.000000 34776.000000 7148.000000
1036750 26.855263 11.927567 20844.000000 55838.000000 62955.000000 12547.000000 3508.000000 392.000000 4397.000000 34994.000000 7117.000000
1037750 26.402417 11.720057 21034.000000 56274.000000 63370.000000 13446.000000 3275.000000 331.000000 3982.000000 35240.000000 7096.000000
1038750 26.080519 11.595430 21311.000000 56746.000000 63801.000000 14289.000000 3117.000000 343.000000 3562.000000 35435.000000 7055.000000
1039750 26.266233 11.678105 21510.000000 57198.000000 64257.000000 14973.000000 3064.000000 445.000000 3028.000000 35688.000000 7059.000000
1040750 26.545530 11.819408 21586.000000 57379.000000 64521.000000 15239.000000 3197.000000 484.000000 2666.000000 35793.000000 7142.000000
1041750 27.041136 12.020793 21543.000000 57447.000000 64638.000000 15137.000000 3330.000000 579.000000 2497.000000 35904.000000 7191.000000
1042750 27.282831 12.130899 21558.000000 57519.000000 64752.000000 14980.000000 3674.000000 622.000000 2282.000000 35961.000000 7233.000000
1043750 27.591241 12.256999 21482.000000 57475.000000 64763.000000 14723.000000 4005.000000 650.000000 2104.000000 35993.000000 7288.000000
1044750 28.182072 12.494592 21334.000000 57358.000000 64716.000000 14196.000000 4395.000000 728.000000 2015.000000 36024.000000 7358.000000
1045750 28.446863 12.608991 21201.000000 57214.000000 64684.000000 13632.000000 4890.000000 686.000000 1993.000000 36013.000000 7470.000000
1046750 28.731330 12.713399 21130.000000 57150.000000 64609.000000 13069.000000 5389.000000 755.000000 1917.000000 36020.000000 7459.000000
1047750 29.035088 12.826474 21012.000000 57027.000000 64515.000000 12377.000000 5851.000000 787.000000 1997.000000 36015.000000 7488.000000
1048750 29.336483 12.927231 20831.000000 56835.000000 64368.000000 11568.000000 6296.000000 788.000000 2179.000000 36004.000000 7533.000000
1049750 29.549479 12.979558 20683.000000 56727.000000 64278.000000 10807.000000 6602.000000 792.000000 2482.000000 36044.000000 7551.000000
1050750 29.852339 13.067518 20534.000000 56634.000000 64205.000000 9957.000000 6942.000000 819.000000 2816.000000 36100.000000 7571.000000
1051750 29.245418 12.776332 20455.000000 56602.000000 64189.000000 9390.000000 7308.000000 614.000000 3143.000000 36147.000000 7587.000000
1052750 29.364315 12.811050 20334.000000 56535.000000 64218.000000 9201.000000 7067.000000 544.000000 3522.000000 36201.000000 7683.000000
1053750 29.530921 12.858165 20270.000000 56565.000000 64286.000000 9074.000000 6878.000000 545.000000 3773.000000 36295.000000 7721.000000
1054750 29.462534 12.812718 20280.000000 56716.000000 64475.000000 9213.000000 6533.000000 502.000000 4032.000000 36436.000000 7759.000000
1055750 29.067453 12.639078 20374.000000 56948.000000 64712.000000 9607.000000 6113.000000 415.000000 4239.000000 36574.000000 7764.000000
1056750 28.920787 12.567574 20485.000000 57199.000000 64929.000000 9952.000000 5595.000000 430.000000 4508.000000 36714.000000 7730.000000
1057750 28.655918 12.474905 20703.000000 57548.000000 65251.000000 10537.000000 5073.000000 437.000000 4656.000000 36845.000000 7703.000000
1058750 28.465901 12.400866 20866.000000 57870.000000 65568.000000 11091.000000 4400.000000 433.000000 4942.000000 37004.000000 7698.000000
1059750 27.765221 12.107657 21089.000000 58280.000000 65950.000000 11956.000000 4082.000000 315.000000 4736.000000 37191.000000 7670.000000
1060750 27.323555 11.933797 21418.000000 58784.000000 66341.000000 12798.000000 3827.000000 360.000000 4433.000000 37366.000000 7557.000000
1061750 26.844579 11.724169 21654.000000 59252.000000 66751.000000 13648.000000 3594.000000 327.000000 4085.000000 37598.000000 7499.000000
1062750 26.722345 11.674734 21883.000000 59693.000000 67145.000000 14421.000000 3382.000000 387.000000 3693.000000 37810.000000 7452.000000
1063750 26.598552 11.629833 22119.000000 60163.000000 67602.000000 15219.000000 3334.000000 423.000000 3143.000000 38044.000000 7439.000000
1064750 26.747525 11.680954 22166.000000 60344.000000 67777.000000 15425.000000 3394.000000 484.000000 2863.000000 38178.000000 7433.000000
1065750 27.159118 11.845207 22137.000000 60414.000000 67884.000000 15360.000000 3500.000000 571.000000 2706.000000 38277.000000 7470.000000
1066750 27.406657 11.937597 22123.000000 60473.000000 67945.000000 15183.000000 3778.000000 639.000000 2523.000000 38350.000000 7472.000000
1067750 27.475055 11.950685 22038.000000 60444.000000 67971.000000 14960.000000 4131.000000 596.000000 2351.000000 38406.000000 7527.000000
1068750 27.991460 12.158144 21996.000000 60425.000000 67938.000000 14539.000000 4462.000000 747.000000 2248.000000 38429.000000 7513.000000
1069750 28.072322 12.171043 21875.000000 60317.000000 67866.000000 14062.000000 4986.000000 711.000000 2116.000000 38442.000000 7549.000000
1070750 28.395314 12.296122 21808.000000 60254.000000 67810.000000 13482.000000 5462.000000 782.000000 2082.000000 38446.000000 7556.000000
1071750 28.624053 12.386350 21710.000000 60144.000000 67752.000000 12838.000000 5968.000000 784.000000 2120.000000 38434.000000 7608.000000
1072750 28.770873 12.432169 21619.000000 60026.000000 67631.000000 12065.000000 6435.000000 803.000000 2316.000000 38407.000000 7605.000000
1073750 28.978989 12.488349 21463.000000 59926.000000 67591.000000 11370.000000 6773.000000 776.000000 2544.000000 38463.000000 7665.000000
1074750 29.299297 12.595708 21368.000000 59863.000000 67523.000000 10459.000000 7175.000000 845.000000 2889.000000 38495.000000 7660.000000
1075750 28.495960 12.221235 21285.000000 59853.000000 67530.000000 9987.000000 7548.000000 576.000000 3174.000000 38568.000000 7677.000000
1076750 28.435642 12.180930 21244.000000 59852.000000 67540.000000 9874.000000 7296.000000 539.000000 3535.000000 38608.000000 7688.000000
1077750 28.531406 12.202302 21207.000000 59897.000000 67602.000000 9778.000000 7031.000000 544.000000 3854.000000 38690.000000 7705.000000
1078750 28.405207 12.146221 21235.000000 60005.000000 67733.000000 9946.000000 6651.000000 499.000000 4139.000000 38770.000000 7728.000000
1079750 28.398625 12.159736 21360.000000 60222.000000 67962.000000 10254.000000 6176.000000 524.000000 4406.000000 38862.000000 7740.000000
1080750 28.361071 12.139957 21421.000000 60440.000000 68221.000000 10561.000000 5693.000000 501.000000 4666.000000 39019.000000 7781.000000
1081750 28.197526 12.076188 21533.000000 60705.000000 68515.000000 11084.000000 5167.000000 464.000000 4818.000000 39172.000000 7810.000000
1082750 27.750694 11.904727 21764.000000 61081.000000 68855.000000 11757.000000 4548.000000 423.000000 5036.000000 39317.000000 7774.000000
1083750 27.365909 11.758845 22003.000000 61497.000000 69250.000000 12516.000000 4227.000000 390.000000 4870.000000 39494.000000 7753.000000
1084750 27.171953 11.680446 22221.000000 61943.000000 69672.000000 13290.000000 3999.000000 409.000000 4523.000000 39722.000000 7729.000000
1085750 26.843922 11.532099 22411.000000 62411.000000 70126.000000 14069.000000 3827.000000 372.000000 4143.000000 40000.000000 7715.000000
1086750 26.885062 11.532408 22567.000000 62839.000000 70523.000000 14753.000000 3692.000000 449.000000 3673.000000 40272.000000 7684.000000
1087750 26.962715 11.570911 22734.000000 63263.000000 70997.000000 15504.000000 3577.000000 481.000000 3172.000000 40529.000000 7734.000000
1088750 27.167517 11.667252 22837.000000 63474.000000 71225.000000 15760.000000 3602.000000 559.000000 2916.000000 40637.000000 7751.000000
1089750 27.446230 11.758436 22775.000000 63530.000000 71302.000000 15680.000000 3715.000000 612.000000 2768.000000 40755.000000 7772.000000
1090750 27.985477 11.984536 22682.000000 63501.000000 71392.000000 15396.000000 3965.000000 665.000000 2656.000000 40819.000000 7891.000000
1091750 28.021096 11.984085 22595.000000 63446.000000 71378.000000 15116.000000 4252.000000 622.000000 2605.000000 40851.000000 7932.000000
1092750 28.345399 12.122273 22606.000000 63460.000000 71381.000000 14779.000000 4660.000000 732.000000 2435.000000 40854.000000 7921.000000
1093750 28.734876 12.255486 22454.000000 63353.000000 71315.000000 14222.000000 5116.000000 778.000000 2338.000000 40899.000000 7962.000000
1094750 29.122472 12.399719 22334.000000 63276.000000 71300.000000 13657.000000 5625.000000 817.000000 2235.000000 40942.000000 8024.000000
1095750 29.362067 12.483163 22220.000000 63191.000000 71272.000000 13019.000000 6127.000000 816.000000 2258.000000 40971.000000 8081.000000
1096750 29.413906 12.480166 22081.000000 63081.000000 71217.000000 12484.000000 6459.000000 752.000000 2386.000000 41000.000000 8136.000000
1097750 29.681063 12.559572 21937.000000 62970.000000 71133.000000 11777.000000 6774.000000 771.000000 2615.000000 41033.000000 8163.000000
1098750 30.145024 12.719625 21807.000000 62899.000000 71087.000000 10904.000000 7080.000000 854.000000 2969.000000 41092.000000 8188.000000
1099750 29.775281 12.529903 21672.000000 62830.000000 71062.000000 10276.000000 7406.000000 672.000000 3318.000000 41158.000000 8232.000000
765045 0.281591 0.060000 8523.000000 40000.000000 40000.000000 3635.000000 1451.000000 24.000000 3413.000000 31477.000000 0.000000
766045 0.360465 0.076691 8589.000000 40411.000000 40422.000000 4459.000000 995.000000 20.000000 3115.000000 31822.000000 11.000000
767045 0.706019 0.149499 8612.000000 40775.000000 40803.000000 5168.000000 701.000000 33.000000 2710.000000 32163.000000 28.000000
768045 1.112130 0.235414 8656.000000 41138.000000 41204.000000 5909.000000 475.000000 31.000000 2241.000000 32482.000000 66.000000
769045 1.902700 0.401887 8676.000000 41453.000000 41554.000000 6511.000000 353.000000 66.000000 1746.000000 32777.000000 101.000000
770045 2.843171 0.597700 8619.000000 41653.000000 41827.000000 6911.000000 306.000000 76.000000 1326.000000 33034.000000 174.000000
771045 4.495018 0.943463 8563.000000 41810.000000 42079.000000 7206.000000 318.000000 128.000000 911.000000 33247.000000 269.000000
772045 6.677928 1.402853 8465.000000 41856.000000 42271.000000 7286.000000 371.000000 178.000000 630.000000 33391.000000 415.000000
773045 8.665842 1.818396 8295.000000 41798.000000 42400.000000 7213.000000 484.000000 169.000000 429.000000 33503.000000 602.000000
774045 11.583315 2.430874 8111.000000 41688.000000 42495.000000 6964.000000 636.000000 226.000000 285.000000 33577.000000 807.000000
775045 15.469923 3.245288 7850.000000 41477.000000 42554.000000 6490.000000 855.000000 304.000000 201.000000 33627.000000 1077.000000
776045 20.712445 4.342210 7490.000000 41145.000000 42582.000000 5748.000000 1157.000000 412.000000 173.000000 33655.000000 1437.000000
777045 26.299283 5.510573 7029.000000 40710.000000 42609.000000 4987.000000 1432.000000 449.000000 161.000000 33681.000000 1899.000000
778045 31.061878 6.511235 6571.000000 40268.000000 42634.000000 4234.000000 1752.000000 410.000000 175.000000 33697.000000 2366.000000
779045 36.118568 7.571104 6145.000000 39854.000000 42649.000000 3468.000000 1997.000000 434.000000 246.000000 33709.000000 2795.000000
780045 40.304183 8.447799 5715.000000 39435.000000 42662.000000 2765.000000 2233.000000 377.000000 340.000000 33720.000000 3227.000000
781045 43.957028 9.205099 5342.000000 39078.000000 42672.000000 2153.000000 2396.000000 334.000000 459.000000 33736.000000 3594.000000
782045 46.896320 9.820132 5034.000000 38791.000000 42698.000000 1655.000000 2479.000000 286.000000 614.000000 33757.000000 3907.000000
783045 49.082569 10.267993 4779.000000 38566.000000 42725.000000 1256.000000 2475.000000 228.000000 820.000000 33787.000000 4159.000000
784045 50.039102 10.469846 4632.000000 38461.000000 42780.000000 1057.000000 2349.000000 160.000000 1066.000000 33829.000000 4319.000000
785045 50.805549 10.603372 4520.000000 38408.000000 42826.000000 937.000000 2141.000000 123.000000 1319.000000 33888.000000 4418.000000
786045 51.056692 10.642116 4453.000000 38415.000000 42905.000000 974.000000 1894.000000 76.000000 1509.000000 33962.000000 4490.000000
787045 50.775410 10.579784 4450.000000 38503.000000 43016.000000 1175.000000 1570.000000 38.000000 1667.000000 34053.000000 4513.000000
788045 50.450050 10.518999 4491.000000 38652.000000 43160.000000 1455.000000 1283.000000 32.000000 1721.000000 34161.000000 4508.000000
789045 49.845509 10.416715 4579.000000 38880.000000 43363.000000 1864.000000 1019.000000 34.000000 1662.000000 34301.000000 4483.000000
790045 49.087930 10.314437 4683.000000 39098.000000 43570.000000 2324.000000 766.000000 22.000000 1571.000000 34415.000000 4472.000000
791045 48.003444 10.191257 4846.000000 39318.000000 43763.000000 2852.000000 532.000000 15.000000 1447.000000 34472.000000 4445.000000
792045 46.815926 10.086003 5061.000000 39544.000000 43952.000000 3417.000000 376.000000 25.000000 1243.000000 34483.000000 4408.000000
793045 45.452669 9.978470 5307.000000 39745.000000 44125.000000 3964.000000 248.000000 23.000000 1072.000000 34438.000000 4380.000000
794045 43.962568 9.873669 5612.000000 39923.000000 44249.000000 4516.000000 190.000000 43.000000 863.000000 34311.000000 4326.000000
795045 42.434339 9.768754 5936.000000 40057.000000 44325.000000 5020.000000 190.000000 62.000000 664.000000 34121.000000 4268.000000
796045 40.138770 9.519623 6353.000000 40193.000000 44361.000000 5639.000000 195.000000 55.000000 464.000000 33840.000000 4168.000000
797045 38.453018 9.402365 6766.000000 40240.000000 44308.000000 6097.000000 221.000000 98.000000 350.000000 33474.000000 4068.000000
798045 36.510486 9.252098 7237.000000 40249.000000 44217.000000 6603.000000 290.000000 123.000000 221.000000 33012.000000 3968.000000
799045 34.595063 9.076241 7725.000000 40185.000000 44005.000000 7026.000000 380.000000 174.000000 145.000000 32460.000000 3820.000000
800045 33.444245 8.967789 8033.000000 40024.000000 43712.000000 7159.000000 527.000000 232.000000 115.000000 31991.000000 3688.000000
801045 31.765203 8.689725 8353.000000 39794.000000 43281.000000 7266.000000 715.000000 274.000000 98.000000 31441.000000 3487.000000
802045 30.901361 8.473825 8410.000000 39535.000000 42885.000000 7115.000000 924.000000 284.000000 87.000000 31125.000000 3350.000000
803045 30.750751 8.433933 8402.000000 39242.000000 42495.000000 6803.000000 1143.000000 331.000000 125.000000 30840.000000 3253.000000
804045 30.123393 8.292162 8429.000000 38940.000000 42100.000000 6526.000000 1421.000000 331.000000 151.000000 30511.000000 3160.000000
805045 30.380411 8.321357 8334.000000 38647.000000 41748.000000 6081.000000 1669.000000 373.000000 211.000000 30313.000000 3101.000000
806045 31.390412 8.549129 8140.000000 38347.000000 41513.000000 5538.000000 1944.000000 383.000000 275.000000 30207.000000 3166.000000
807045 32.301240 8.761103 7971.000000 38083.000000 41319.000000 4952.000000 2260.000000 384.000000 375.000000 30112.000000 3236.000000
808045 33.022087 8.926534 7831.000000 37896.000000 41203.000000 4411.000000 2559.000000 371.000000 490.000000 30065.000000 3307.000000
809045 34.483069 9.304303 7672.000000 37721.000000 41153.000000 3772.000000 2836.000000 397.000000 667.000000 30049.000000 3432.000000
810045 35.407087 9.545455 7560.000000 37609.000000 41140.000000 3195.000000 3131.000000 396.000000 838.000000 30049.000000 3531.000000
811045 35.350090 9.562430 7505.000000 37547.000000 41182.000000 2788.000000 3348.000000 303.000000 1066.000000 30042.000000 3635.000000
812045 35.803349 9.740732 7526.000000 37568.000000 41270.000000 2449.000000 3475.000000 318.000000 1284.000000 30042.000000 3702.000000
813045 35.191055 9.652258 7596.000000 37648.000000 41410.000000 2325.000000 3572.000000 235.000000 1464.000000 30052.000000 3762.000000
814045 35.892098 9.949507 7540.000000 37601.000000 41590.000000 2413.000000 3325.000000 149.000000 1653.000000 30061.000000 3989.000000
815045 36.986885 10.387964 7586.000000 37652.000000 41808.000000 2544.000000 2991.000000 187.000000 1864.000000 30066.000000 4156.000000
816045 36.910122 10.522188 7673.000000 37752.000000 42073.000000 2937.000000 2581.000000 106.000000 2049.000000 30079.000000 4321.000000
817045 36.553015 10.598589 7885.000000 37979.000000 42383.000000 3477.000000 2104.000000 88.000000 2216.000000 30094.000000 4404.000000
818045 36.039761 10.620547 8110.000000 38207.000000 42672.000000 4008.000000 1626.000000 67.000000 2409.000000 30097.000000 4465.000000
819045 35.295945 10.571867 8407.000000 38515.000000 42982.000000 4656.000000 1194.000000 77.000000 2480.000000 30108.000000 4467.000000
820045 34.367886 10.455721 8704.000000 38842.000000 43316.000000 5387.000000 773.000000 55.000000 2489.000000 30138.000000 4474.000000
821045 33.464860 10.298767 9000.000000 39214.000000 43646.000000 6131.000000 600.000000 63.000000 2206.000000 30214.000000 4432.000000
822045 32.513181 10.107449 9299.000000 39571.000000 43928.000000 6846.000000 547.000000 83.000000 1823.000000 30272.000000 4357.000000
823045 31.935156 9.951522 9501.000000 39889.000000 44144.000000 7441.000000 509.000000 138.000000 1413.000000 30388.000000 4255.000000
824045 31.635993 9.828693 9559.000000 40060.000000 44248.000000 7845.000000 532.000000 161.000000 1021.000000 30501.000000 4188.000000
825045 31.361811 9.699639 9609.000000 40194.000000 44280.000000 8134.000000 609.000000 209.000000 657.000000 30585.000000 4086.000000
826045 31.540108 9.678661 9529.000000 40137.000000 44159.000000 8078.000000 730.000000 252.000000 469.000000 30608.000000 4022.000000
827045 32.305962 9.797589 9336.000000 39971.000000 43970.000000 7756.000000 898.000000 309.000000 373.000000 30635.000000 3999.000000
828045 33.452689 10.032673 9107.000000 39748.000000 43767.000000 7297.000000 1134.000000 372.000000 304.000000 30641.000000 4019.000000
829045 34.299629 10.190161 8866.000000 39472.000000 43542.000000 6822.000000 1387.000000 367.000000 290.000000 30606.000000 4070.000000
830045 35.506449 10.429420 8610.000000 39185.000000 43291.000000 6246.000000 1654.000000 409.000000 301.000000 30575.000000 4106.000000
831045 36.932633 10.768266 8376.000000 38889.000000 43071.000000 5593.000000 1997.000000 456.000000 330.000000 30513.000000 4182.000000
832045 38.071555 11.066290 8169.000000 38590.000000 42887.000000 4941.000000 2389.000000 449.000000 390.000000 30421.000000 4297.000000
833045 39.381210 11.407511 7979.000000 38335.000000 42735.000000 4244.000000 2750.000000 475.000000 510.000000 30356.000000 4400.000000
834045 40.315152 11.705497 7835.000000 38081.000000 42621.000000 3601.000000 3144.000000 449.000000 641.000000 30246.000000 4540.000000
835045 40.497537 11.777694 7732.000000 37923.000000 42572.000000 3102.000000 3470.000000 365.000000 795.000000 30191.000000 4649.000000
836045 41.134866 12.023116 7718.000000 37844.000000 42568.000000 2620.000000 3694.000000 394.000000 1010.000000 30126.000000 4724.000000
837045 39.827393 11.713003 7765.000000 37802.000000 42551.000000 2422.000000 3855.000000 235.000000 1253.000000 30037.000000 4749.000000
838045 38.598706 11.504903 7913.000000 37760.000000 42521.000000 2673.000000 3626.000000 131.000000 1483.000000 29847.000000 4761.000000
839045 37.578824 11.353907 8142.000000 37811.000000 42514.000000 3029.000000 3240.000000 124.000000 1749.000000 29669.000000 4703.000000
840045 36.436597 11.197501 8425.000000 37914.000000 42572.000000 3472.000000 2823.000000 109.000000 2021.000000 29489.000000 4658.000000
841045 35.348768 11.037548 8699.000000 38097.000000 42745.000000 4003.000000 2334.000000 70.000000 2292.000000 29398.000000 4648.000000
842045 34.522499 10.943572 9018.000000 38370.000000 42975.000000 4579.000000 1797.000000 98.000000 2544.000000 29352.000000 4605.000000
843045 33.680581 10.842315 9336.000000 38655.000000 43238.000000 5222.000000 1335.000000 105.000000 2674.000000 29319.000000 4583.000000
844045 33.061397 10.794489 9611.000000 38942.000000 43550.000000 5895.000000 862.000000 93.000000 2761.000000 29331.000000 4608.000000
845045 32.516138 10.780229 9945.000000 39306.000000 43923.000000 6633.000000 688.000000 118.000000 2506.000000 29361.000000 4617.000000
846045 31.908602 10.717107 10266.000000 39689.000000 44303.000000 7415.000000 663.000000 134.000000 2054.000000 29423.000000 4614.000000
847045 31.172778 10.566629 10549.000000 40064.000000 44650.000000 8227.000000 662.000000 132.000000 1528.000000 29515.000000 4586.000000
848045 30.534301 10.399359 10768.000000 40374.000000 44897.000000 8827.000000 707.000000 146.000000 1088.000000 29606.000000 4523.000000
849045 30.823606 10.542543 10969.000000 40633.000000 45084.000000 9189.000000 829.000000 302.000000 649.000000 29664.000000 4451.000000
850045 31.066141 10.655047 10964.000000 40593.000000 45096.000000 9200.000000 1004.000000 302.000000 458.000000 29629.000000 4503.000000
851045 31.474130 10.763410 10877.000000 40442.000000 44930.000000 8879.000000 1235.000000 348.000000 415.000000 29565.000000 4488.000000
852045 31.682390 10.809361 10745.000000 40220.000000 44739.000000 8504.000000 1519.000000 317.000000 405.000000 29475.000000 4519.000000
853045 32.365173 11.009566 10644.000000 40029.000000 44534.000000 8031.000000 1794.000000 398.000000 421.000000 29385.000000 4505.000000
854045 32.810309 11.100319 10494.000000 39786.000000 44269.000000 7503.000000 2123.000000 431.000000 437.000000 29292.000000 4483.000000
855045 33.169085 11.161333 10342.000000 39554.000000 44027.000000 6929.000000 2502.000000 441.000000 470.000000 29212.000000 4473.000000
856045 34.240022 11.444366 10160.000000 39305.000000 43777.000000 6180.000000 2915.000000 538.000000 527.000000 29145.000000 4472.000000
857045 35.188374 11.721385 9963.000000 39031.000000 43587.000000 5406.000000 3317.000000 553.000000 687.000000 29068.000000 4556.000000
858045 35.881045 11.897795 9804.000000 38815.000000 43403.000000 4656.000000 3694.000000 576.000000 878.000000 29011.000000 4588.000000
859045 36.195333 11.972270 9618.000000 38579.000000 43275.000000 3969.000000 4061.000000 485.000000 1103.000000 28961.000000 4696.000000
860045 36.949818 12.203139 9495.000000 38429.000000 43202.000000 3289.000000 4356.000000 499.000000 1351.000000 28934.000000 4773.000000
861045 36.387214 12.021213 9399.000000 38315.000000 43182.000000 2921.000000 4515.000000 324.000000 1639.000000 28916.000000 4867.000000
862045 36.024584 11.934842 9335.000000 38235.000000 43218.000000 3122.000000 4193.000000 175.000000 1845.000000 28900.000000 4983.000000
863045 35.854303 11.907840 9382.000000 38312.000000 43316.000000 3375.000000 3787.000000 154.000000 2066.000000 28930.000000 5004.000000
864045 35.599062 11.884652 9487.000000 38432.000000 43451.000000 3668.000000 3314.000000 145.000000 2360.000000 28945.000000 5019.000000
865045 35.099878 11.828277 9677.000000 38634.000000 43675.000000 4145.000000 2735.000000 125.000000 2672.000000 28957.000000 5041.000000
866045 34.477452 11.730025 9918.000000 38902.000000 43930.000000 4729.000000 2180.000000 125.000000 2884.000000 28984.000000 5028.000000
867045 33.822465 11.625277 10153.000000 39170.000000 44214.000000 5371.000000 1646.000000 96.000000 3040.000000 29017.000000 5044.000000
868045 33.372056 11.609528 10478.000000 39524.000000 44541.000000 6074.000000 1065.000000 154.000000 3185.000000 29046.000000 5017.000000
869045 32.747685 11.500423 10748.000000 39876.000000 44894.000000 6847.000000 878.000000 145.000000 2878.000000 29128.000000 5018.000000
870045 31.671427 11.258746 11127.000000 40328.000000 45307.000000 7847.000000 834.000000 122.000000 2324.000000 29201.000000 4979.000000
871045 30.801122 11.066085 11473.000000 40724.000000 45653.000000 8738.000000 803.000000 123.000000 1809.000000 29251.000000 4929.000000
872045 30.144893 10.904978 11757.000000 41103.000000 45979.000000 9507.000000 808.000000 138.000000 1304.000000 29346.000000 4876.000000
873045 30.323154 11.052279 12050.000000 41456.000000 46271.000000 10041.000000 914.000000 299.000000 796.000000 29406.000000 4815.000000
874045 30.357459 11.106308 12069.000000 41406.000000 46262.000000 10118.000000 1059.000000 282.000000 610.000000 29337.000000 4856.000000
875045 30.446101 11.157607 12088.000000 41307.000000 46121.000000 9959.000000 1234.000000 332.000000 563.000000 29219.000000 4814.000000
876045 31.126970 11.386182 11975.000000 41128.000000 45968.000000 9529.000000 1511.000000 394.000000 541.000000 29153.000000 4840.000000
877045 31.751629 11.600183 11859.000000 40927.000000 45801.000000 9080.000000 1820.000000 439.000000 520.000000 29068.000000 4874.000000
878045 32.283228 11.787389 11736.000000 40713.000000 45642.000000 8578.000000 2206.000000 451.000000 501.000000 28977.000000 4929.000000
879045 33.061545 12.042680 11589.000000 40487.000000 45455.000000 7901.000000 2678.000000 506.000000 504.000000 28898.000000 4968.000000
880045 33.924544 12.301368 11388.000000 40228.000000 45247.000000 7160.000000 3115.000000 547.000000 566.000000 28840.000000 5019.000000
881045 35.239092 12.715685 11164.000000 39946.000000 45031.000000 6214.000000 3580.000000 641.000000 729.000000 28782.000000 5085.000000
882045 35.930225 12.908118 10900.000000 39631.000000 44840.000000 5360.000000 4064.000000 579.000000 897.000000 28731.000000 5209.000000
883045 36.712827 13.116773 10665.000000 39374.000000 44668.000000 4513.000000 4491.000000 565.000000 1096.000000 28709.000000 5294.000000
884045 37.135830 13.220933 10517.000000 39202.000000 44543.000000 3715.000000 4870.000000 548.000000 1384.000000 28685.000000 5341.000000
885045 36.266380 12.878788 10387.000000 39074.000000 44484.000000 3312.000000 5081.000000 319.000000 1675.000000 28687.000000 5410.000000
886045 36.046585 12.803795 10339.000000 39019.000000 44479.000000 3400.000000 4779.000000 235.000000 1925.000000 28680.000000 5460.000000
887045 35.464347 12.630515 10389.000000 39063.000000 44535.000000 3638.000000 4354.000000 153.000000 2244.000000 28674.000000 5472.000000
888045 35.241547 12.630188 10536.000000 39182.000000 44647.000000 3938.000000 3823.000000 174.000000 2601.000000 28646.000000 5465.000000
889045 34.648043 12.552105 10783.000000 39392.000000 44861.000000 4426.000000 3244.000000 162.000000 2951.000000 28609.000000 5469.000000
890045 33.996723 12.419373 11024.000000 39658.000000 45115.000000 4992.000000 2683.000000 146.000000 3203.000000 28634.000000 5457.000000
891045 33.275563 12.260806 11296.000000 39976.000000 45413.000000 5689.000000 2055.000000 131.000000 3421.000000 28680.000000 5437.000000
892045 32.363487 12.037078 11627.000000 40356.000000 45742.000000 6522.000000 1432.000000 120.000000 3553.000000 28729.000000 5386.000000
893045 31.464445 11.793537 11970.000000 40797.000000 46110.000000 7417.000000 1137.000000 125.000000 3291.000000 28827.000000 5313.000000
894045 30.484072 11.555403 12386.000000 41285.000000 46541.000000 8470.000000 1071.000000 122.000000 2723.000000 28899.000000 5256.000000
895045 29.565605 11.296955 12755.000000 41755.000000 46933.000000 9446.000000 1021.000000 124.000000 2164.000000 29000.000000 5178.000000
896045 29.074673 11.206132 13108.000000 42213.000000 47358.000000 10347.000000 1014.000000 162.000000 1585.000000 29105.000000 5145.000000
897045 29.144559 11.288192 13363.000000 42580.000000 47687.000000 10939.000000 1071.000000 276.000000 1077.000000 29217.000000 5107.000000
898045 28.909110 11.243508 13495.000000 42675.000000 47752.000000 11185.000000 1206.000000 292.000000 812.000000 29180.000000 5077.000000
899045 29.138145 11.340942 13476.000000 42591.000000 47668.000000 10991.000000 1405.000000 329.000000 751.000000 29115.000000 5077.000000
900045 29.998378 11.675362 13412.000000 42447.000000 47536.000000 10551.000000 1689.000000 461.000000 711.000000 29035.000000 5089.000000
901045 30.120417 11.720630 13314.000000 42256.000000 47378.000000 10116.000000 2083.000000 431.000000 684.000000 28942.000000 5122.000000
902045 31.089918 12.077908 13178.000000 42063.000000 47235.000000 9555.000000 2462.000000 533.000000 628.000000 28885.000000 5172.000000
903045 31.823927 12.316036 12972.000000 41795.000000 47020.000000 8820.000000 2985.000000 566.000000 601.000000 28823.000000 5225.000000
904045 32.493075 12.529374 12798.000000 41558.000000 46810.000000 8057.000000 3476.000000 613.000000 652.000000 28760.000000 5252.000000
905045 33.344543 12.779807 12542.000000 41251.000000 46550.000000 7079.000000 3995.000000 650.000000 818.000000 28709.000000 5299.000000
906045 34.140135 13.029590 12309.000000 40959.000000 46333.000000 6161.000000 4492.000000 663.000000 993.000000 28650.000000 5374.000000
907045 34.915371 13.239088 12019.000000 40652.000000 46121.000000 5219.000000 4938.000000 637.000000 1225.000000 28633.000000 5469.000000
908045 35.597217 13.454474 11796.000000 40414.000000 46007.000000 4338.000000 5300.000000 597.000000 1561.000000 28618.000000 5593.000000
909045 35.084579 13.229564 11700.000000 40314.000000 45935.000000 3847.000000 5552.000000 456.000000 1845.000000 28614.000000 5621.000000
910045 34.569330 13.024148 11553.000000 40150.000000 45884.000000 3924.000000 5241.000000 242.000000 2146.000000 28597.000000 5734.000000
911045 34.072964 12.873163 11654.000000 40228.000000 45925.000000 4128.000000 4774.000000 215.000000 2537.000000 28574.000000 5697.000000
912045 33.933779 12.881518 11772.000000 40351.000000 46066.000000 4418.000000 4228.000000 219.000000 2907.000000 28579.000000 5715.000000
913045 33.465212 12.793587 11974.000000 40562.000000 46281.000000 4894.000000 3637.000000 202.000000 3241.000000 28588.000000 5719.000000
914045 32.719791 12.641530 12276.000000 40838.000000 46545.000000 5543.000000 3015.000000 177.000000 3541.000000 28562.000000 5707.000000
915045 32.105869 12.502667 12554.000000 41167.000000 46862.000000 6272.000000 2369.000000 164.000000 3749.000000 28613.000000 5695.000000
916045 31.153888 12.255949 12939.000000 41616.000000 47275.000000 7231.000000 1720.000000 135.000000 3853.000000 28677.000000 5659.000000
917045 30.369941 12.074673 13378.000000 42130.000000 47728.000000 8256.000000 1429.000000 165.000000 3528.000000 28752.000000 5598.000000
918045 29.457606 11.770079 13683.000000 42608.000000 48173.000000 9302.000000 1316.000000 105.000000 2960.000000 28925.000000 5565.000000
919045 28.748787 11.577713 14094.000000 43123.000000 48602.000000 10341.000000 1218.000000 148.000000 2387.000000 29029.000000 5479.000000
920045 28.444758 11.515399 14411.000000 43592.000000 49030.000000 11198.000000 1207.000000 208.000000 1798.000000 29181.000000 5438.000000
921045 28.258282 11.532545 14725.000000 43969.000000 49408.000000 11922.000000 1253.000000 259.000000 1291.000000 29244.000000 5439.000000
922045 28.589066 11.690462 14804.000000 44074.000000 49519.000000 12076.000000 1372.000000 344.000000 1012.000000 29270.000000 5445.000000
923045 28.706765 11.758286 14791.000000 44004.000000 49480.000000 11898.000000 1629.000000 342.000000 922.000000 29213.000000 5476.000000
924045 29.365197 12.020740 14736.000000 43898.000000 49373.000000 11455.000000 1972.000000 460.000000 849.000000 29162.000000 5475.000000
925045 29.842152 12.214547 14648.000000 43722.000000 49220.000000 10937.000000 2374.000000 514.000000 823.000000 29074.000000 5498.000000
926045 30.581726 12.500509 14528.000000 43545.000000 49078.000000 10337.000000 2847.000000 602.000000 742.000000 29017.000000 5533.000000
927045 31.447612 12.835931 14342.000000 43279.000000 48894.000000 9529.000000 3423.000000 661.000000 729.000000 28937.000000 5615.000000
928045 32.092976 13.074111 14146.000000 42997.000000 48684.000000 8665.000000 4015.000000 678.000000 788.000000 28851.000000 5687.000000
929045 32.655551 13.260125 13904.000000 42678.000000 48446.000000 7797.000000 4539.000000 656.000000 912.000000 28774.000000 5768.000000
930045 32.927956 13.310240 13726.000000 42449.000000 48211.000000 6933.000000 5029.000000 655.000000 1109.000000 28723.000000 5762.000000
931045 33.136217 13.319433 13493.000000 42175.000000 47960.000000 6027.000000 5455.000000 603.000000 1408.000000 28682.000000 5785.000000
932045 34.082240 13.642448 13303.000000 41978.000000 47814.000000 5057.000000 5797.000000 687.000000 1762.000000 28675.000000 5836.000000
933045 33.142557 13.223833 13140.000000 41827.000000 47732.000000 4576.000000 5998.000000 407.000000 2159.000000 28687.000000 5905.000000
934045 32.776783 13.055701 13042.000000 41721.000000 47665.000000 4551.000000 5665.000000 279.000000 2547.000000 28679.000000 5944.000000
935045 32.357109 12.915322 13134.000000 41815.000000 47734.000000 4782.000000 5181.000000 246.000000 2925.000000 28681.000000 5919.000000
936045 32.137261 12.851414 13246.000000 41978.000000 47878.000000 5096.000000 4616.000000 253.000000 3281.000000 28732.000000 5900.000000
937045 31.750634 12.747381 13418.000000 42209.000000 48104.000000 5564.000000 4058.000000 237.000000 3559.000000 28791.000000 5895.000000
938045 31.143764 12.574417 13653.000000 42497.000000 48376.000000 6230.000000 3411.000000 204.000000 3808.000000 28844.000000 5879.000000
939045 30.531464 12.414910 13962.000000 42902.000000 48772.000000 7081.000000 2759.000000 185.000000 3937.000000 28940.000000 5870.000000
940045 29.907053 12.239875 14275.000000 43315.000000 49159.000000 7968.000000 2065.000000 173.000000 4069.000000 29040.000000 5844.000000
941045 29.256384 12.073099 14687.000000 43837.000000 49631.000000 9004.000000 1765.000000 198.000000 3720.000000 29150.000000 5794.000000
942045 28.469187 11.835773 15056.000000 44314.000000 50077.000000 10036.000000 1624.000000 164.000000 3232.000000 29258.000000 5763.000000
943045 27.960246 11.682123 15389.000000 44832.000000 50573.000000 11077.000000 1502.000000 167.000000 2643.000000 29443.000000 5741.000000
944045 27.542195 11.554605 15698.000000 45293.000000 50984.000000 11952.000000 1465.000000 200.000000 2081.000000 29595.000000 5691.000000
945045 27.431583 11.553513 15982.000000 45711.000000 51361.000000 12718.000000 1460.000000 284.000000 1520.000000 29729.000000 5650.000000
946045 27.647843 11.685764 16126.000000 45853.000000 51490.000000 12839.000000 1641.000000 380.000000 1266.000000 29727.000000 5637.000000
947045 27.882763 11.804342 16138.000000 45834.000000 51498.000000 12691.000000 1902.000000 415.000000 1130.000000 29696.000000 5664.000000
948045 28.431867 12.050465 16086.000000 45725.000000 51442.000000 12290.000000 2264.000000 482.000000 1050.000000 29639.000000 5717.000000
949045 29.169738 12.338244 15941.000000 45549.000000 51312.000000 11697.000000 2661.000000 568.000000 1015.000000 29608.000000 5763.000000
950045 29.640441 12.515897 15853.000000 45382.000000 51111.000000 11024.000000 3223.000000 668.000000 938.000000 29529.000000 5729.000000
951045 30.168639 12.718489 15661.000000 45113.000000 50918.000000 10246.000000 3822.000000 671.000000 922.000000 29452.000000 5805.000000
952045 30.824742 12.972568 15501.000000 44868.000000 50707.000000 9369.000000 4465.000000 739.000000 928.000000 29367.000000 5839.000000
953045 31.508015 13.203995 15199.000000 44514.000000 50462.000000 8445.000000 4976.000000 715.000000 1063.000000 29315.000000 5948.000000
954045 31.947223 13.344077 14972.000000 44240.000000 50262.000000 7570.000000 5428.000000 685.000000 1289.000000 29268.000000 6022.000000
955045 32.604945 13.581109 14752.000000 43983.000000 50099.000000 6630.000000 5858.000000 688.000000 1576.000000 29231.000000 6116.000000
956045 32.916888 13.658380 14554.000000 43785.000000 49962.000000 5808.000000 6129.000000 647.000000 1970.000000 29231.000000 6177.000000
957045 32.313965 13.353526 14414.000000 43665.000000 49852.000000 5225.000000 6283.000000 470.000000 2436.000000 29251.000000 6187.000000
958045 32.227235 13.322504 14308.000000 43558.000000 49863.000000 5192.000000 5902.000000 338.000000 2876.000000 29250.000000 6305.000000
959045 32.136810 13.293976 14343.000000 43642.000000 49970.000000 5402.000000 5423.000000 315.000000 3203.000000 29299.000000 6328.000000
960045 31.636434 13.114591 14433.000000 43785.000000 50135.000000 5744.000000 4882.000000 225.000000 3582.000000 29352.000000 6350.000000
961045 31.452266 13.096892 14672.000000 44077.000000 50386.000000 6258.000000 4253.000000 290.000000 3871.000000 29405.000000 6309.000000
962045 30.777924 12.887706 14943.000000 44422.000000 50715.000000 6999.000000 3649.000000 243.000000 4052.000000 29479.000000 6293.000000
963045 30.351749 12.782779 15258.000000 44837.000000 51100.000000 7861.000000 2978.000000 269.000000 4150.000000 29579.000000 6263.000000
964045 29.630650 12.528164 15538.000000 45254.000000 51484.000000 8757.000000 2391.000000 220.000000 4170.000000 29716.000000 6230.000000
965045 28.844503 12.290836 15958.000000 45762.000000 51933.000000 9800.000000 2054.000000 212.000000 3892.000000 29804.000000 6171.000000
966045 28.112306 12.024591 16293.000000 46266.000000 52376.000000 10850.000000 1927.000000 188.000000 3328.000000 29973.000000 6110.000000
967045 27.586055 11.861231 16641.000000 46759.000000 52836.000000 11840.000000 1831.000000 190.000000 2780.000000 30118.000000 6077.000000
968045 27.181676 11.717885 16916.000000 47221.000000 53269.000000 12727.000000 1774.000000 194.000000 2221.000000 30305.000000 6048.000000
969045 27.365476 11.847476 17219.000000 47646.000000 53657.000000 13400.000000 1784.000000 346.000000 1689.000000 30427.000000 6011.000000
970045 27.619578 11.985951 17307.000000 47767.000000 53813.000000 13517.000000 1961.000000 404.000000 1425.000000 30460.000000 6046.000000
971045 27.822253 12.082396 17288.000000 47718.000000 53789.000000 13321.000000 2200.000000 428.000000 1339.000000 30430.000000 6071.000000
972045 28.507757 12.384570 17249.000000 47627.000000 53712.000000 12890.000000 2509.000000 567.000000 1283.000000 30378.000000 6085.000000
973045 29.177036 12.687987 17173.000000 47461.000000 53594.000000 12287.000000 3006.000000 667.000000 1213.000000 30288.000000 6133.000000
974045 29.810298 12.959569 17005.000000 47232.000000 53474.000000 11557.000000 3602.000000 688.000000 1158.000000 30227.000000 6242.000000
975045 30.374216 13.179037 16808.000000 46967.000000 53274.000000 10795.000000 4178.000000 714.000000 1121.000000 30159.000000 6307.000000
976045 30.963452 13.426676 16651.000000 46706.000000 53066.000000 9989.000000 4785.000000 765.000000 1112.000000 30055.000000 6360.000000
977045 31.394433 13.571347 16381.000000 46387.000000 52854.000000 9125.000000 5315.000000 706.000000 1235.000000 30006.000000 6467.000000
978045 31.677456 13.666071 16222.000000 46149.000000 52634.000000 8272.000000 5748.000000 708.000000 1494.000000 29927.000000 6485.000000
979045 31.822009 13.687662 16034.000000 45927.000000 52456.000000 7456.000000 6168.000000 651.000000 1759.000000 29893.000000 6529.000000
980045 32.054538 13.748686 15916.000000 45798.000000 52325.000000 6657.000000 6411.000000 667.000000 2181.000000 29882.000000 6527.000000
981045 31.494901 13.470957 15807.000000 45719.000000 52268.000000 6132.000000 6506.000000 492.000000 2677.000000 29912.000000 6549.000000
982045 31.404515 13.414961 15696.000000 45638.000000 52270.000000 6059.000000 6148.000000 380.000000 3109.000000 29942.000000 6632.000000
983045 30.976416 13.243073 15766.000000 45745.000000 52367.000000 6346.000000 5640.000000 313.000000 3467.000000 29979.000000 6622.000000
984045 30.904244 13.241062 15892.000000 45913.000000 52526.000000 6585.000000 5141.000000 342.000000 3824.000000 30021.000000 6613.000000
985045 30.366423 13.055745 16087.000000 46193.000000 52812.000000 7190.000000 4576.000000 276.000000 4045.000000 30106.000000 6619.000000
986045 29.957254 12.924837 16347.000000 46559.000000 53138.000000 7898.000000 3986.000000 289.000000 4174.000000 30212.000000 6579.000000
987045 29.513290 12.787437 16650.000000 46964.000000 53490.000000 8685.000000 3347.000000 314.000000 4304.000000 30314.000000 6526.000000
988045 28.862378 12.560727 16953.000000 47413.000000 53930.000000 9622.000000 2773.000000 257.000000 4301.000000 30460.000000 6517.000000
989045 28.433927 12.441608 17287.000000 47869.000000 54374.000000 10573.000000 2449.000000 260.000000 4005.000000 30582.000000 6505.000000
990045 27.841168 12.241175 17632.000000 48346.000000 54815.000000 11547.000000 2304.000000 241.000000 3540.000000 30714.000000 6469.000000
991045 27.330517 12.053903 17939.000000 48841.000000 55285.000000 12512.000000 2223.000000 220.000000 2984.000000 30902.000000 6444.000000
992045 27.114246 11.997919 18227.000000 49304.000000 55743.000000 13392.000000 2132.000000 249.000000 2454.000000 31077.000000 6439.000000
993045 27.139423 12.061751 18544.000000 49745.000000 56161.000000 14096.000000 2146.000000 358.000000 1944.000000 31201.000000 6416.000000
994045 27.564870 12.257687 18629.000000 49911.000000 56332.000000 14147.000000 2332.000000 484.000000 1666.000000 31282.000000 6421.000000
995045 27.525092 12.269645 18634.000000 49852.000000 56326.000000 14009.000000 2568.000000 437.000000 1620.000000 31218.000000 6474.000000
996045 28.295884 12.634962 18635.000000 49802.000000 56312.000000 13579.000000 2916.000000 605.000000 1535.000000 31167.000000 6510.000000
997045 28.944744 12.910631 18469.000000 49598.000000 56194.000000 12908.000000 3449.000000 659.000000 1453.000000 31129.000000 6596.000000
998045 29.277171 13.058217 18358.000000 49408.000000 56049.000000 12289.000000 3973.000000 678.000000 1418.000000 31050.000000 6641.000000
999045 29.769611 13.257176 18209.000000 49187.000000 55849.000000 11500.000000 4600.000000 742.000000 1367.000000 30978.000000 6662.000000
1000045 29.973753 13.333932 18061.000000 48966.000000 55670.000000 10820.000000 5180.000000 719.000000 1342.000000 30905.000000 6704.000000
1001045 30.291302 13.418882 17847.000000 48709.000000 55407.000000 9983.000000 5657.000000 737.000000 1470.000000 30862.000000 6698.000000
1002045 30.536417 13.481315 17639.000000 48487.000000 55232.000000 9137.000000 6067.000000 701.000000 1734.000000 30848.000000 6745.000000
1003045 31.044444 13.656084 17416.000000 48272.000000 55089.000000 8294.000000 6403.000000 706.000000 2013.000000 30856.000000 6817.000000
1004045 31.478564 13.803636 17219.000000 48101.000000 55000.000000 7452.000000 6609.000000 693.000000 2465.000000 30882.000000 6899.000000
1005045 31.063883 13.588895 17090.000000 48010.000000 54964.000000 6934.000000 6668.000000 515.000000 2973.000000 30920.000000 6954.000000
1006045 30.763149 13.446219 17050.000000 48000.000000 54982.000000 6897.000000 6391.000000 411.000000 3351.000000 30950.000000 6982.000000
1007045 30.469915 13.344343 17154.000000 48124.000000 55102.000000 7172.000000 5898.000000 375.000000 3709.000000 30970.000000 6978.000000
1008045 30.252794 13.267982 17258.000000 48300.000000 55291.000000 7471.000000 5461.000000 345.000000 3981.000000 31042.000000 6991.000000
1009045 29.859466 13.143083 17511.000000 48644.000000 55611.000000 8089.000000 4917.000000 342.000000 4163.000000 31133.000000 6967.000000
1010045 29.592127 13.016492 17670.000000 48985.000000 55906.000000 8660.000000 4426.000000 356.000000 4228.000000 31315.000000 6921.000000
1011045 29.318402 12.933149 17913.000000 49363.000000 56274.000000 9304.000000 3882.000000 367.000000 4360.000000 31450.000000 6911.000000
1012045 28.421262 12.595730 18239.000000 49794.000000 56670.000000 10272.000000 3340.000000 262.000000 4365.000000 31555.000000 6876.000000
1013045 27.721209 12.317621 18565.000000 50251.000000 57024.000000 11190.000000 2981.000000 251.000000 4143.000000 31686.000000 6773.000000
1014045 27.251453 12.157647 18925.000000 50756.000000 57470.000000 12135.000000 2794.000000 273.000000 3723.000000 31831.000000 6714.000000
1015045 26.738567 11.950794 19179.000000 51189.000000 57879.000000 13024.000000 2682.000000 227.000000 3246.000000 32010.000000 6690.000000
1016045 26.567941 11.907661 19460.000000 51634.000000 58307.000000 13894.000000 2539.000000 270.000000 2757.000000 32174.000000 6673.000000
1017045 26.798227 12.046654 19739.000000 52068.000000 58730.000000 14503.000000 2526.000000 413.000000 2297.000000 32329.000000 6662.000000
1018045 27.300857 12.281238 19779.000000 52189.000000 58911.000000 14538.000000 2637.000000 513.000000 2091.000000 32410.000000 6722.000000
1019045 27.504148 12.372131 19759.000000 52190.000000 58947.000000 14377.000000 2836.000000 536.000000 2010.000000 32431.000000 6757.000000
1020045 28.239503 12.727211 19699.000000 52065.000000 58921.000000 13899.000000 3220.000000 643.000000 1937.000000 32366.000000 6856.000000
1021045 28.583292 12.869890 19589.000000 51933.000000 58835.000000 13415.000000 3706.000000 670.000000 1798.000000 32344.000000 6902.000000
1022045 28.784777 12.933442 19464.000000 51798.000000 58716.000000 12875.000000 4211.000000 676.000000 1702.000000 32334.000000 6918.000000
1023045 29.631885 13.286451 19292.000000 51609.000000 58586.000000 12099.000000 4827.000000 807.000000 1559.000000 32317.000000 6977.000000
1024045 29.634445 13.259423 19126.000000 51423.000000 58449.000000 11511.000000 5405.000000 724.000000 1486.000000 32297.000000 7026.000000
1025045 29.859534 13.315600 18973.000000 51258.000000 58270.000000 10730.000000 5863.000000 747.000000 1633.000000 32285.000000 7012.000000
1026045 30.013548 13.346874 18794.000000 51055.000000 58096.000000 9895.000000 6247.000000 713.000000 1939.000000 32261.000000 7041.000000
1027045 30.021035 13.297790 18670.000000 50955.000000 57957.000000 9140.000000 6586.000000 705.000000 2239.000000 32285.000000 7002.000000
1028045 30.348532 13.391112 18489.000000 50789.000000 57807.000000 8266.000000 6804.000000 723.000000 2696.000000 32300.000000 7018.000000
1029045 29.690267 13.061620 18406.000000 50754.000000 57757.000000 7755.000000 6977.000000 541.000000 3133.000000 32348.000000 7003.000000
1030045 29.575524 12.990539 18320.000000 50743.000000 57819.000000 7749.000000 6672.000000 435.000000 3464.000000 32423.000000 7076.000000
1031045 29.385809 12.876996 18333.000000 50875.000000 57925.000000 7893.000000 6186.000000 409.000000 3845.000000 32542.000000 7050.000000
1032045 29.272884 12.840407 18446.000000 51077.000000 58129.000000 8168.000000 5756.000000 412.000000 4110.000000 32631.000000 7052.000000
1033045 29.190178 12.834069 18624.000000 51373.000000 58446.000000 8634.000000 5258.000000 428.000000 4304.000000 32749.000000 7073.000000
1034045 28.868485 12.726407 18844.000000 51722.000000 58799.000000 9188.000000 4789.000000 406.000000 4461.000000 32878.000000 7077.000000
1035045 28.613535 12.642492 19061.000000 52063.000000 59126.000000 9826.000000 4260.000000 412.000000 4563.000000 33002.000000 7063.000000
1036045 27.904332 12.364381 19324.000000 52483.000000 59542.000000 10736.000000 3726.000000 303.000000 4559.000000 33159.000000 7059.000000
1037045 27.343750 12.141023 19612.000000 52950.000000 59962.000000 11661.000000 3384.000000 268.000000 4299.000000 33338.000000 7012.000000
1038045 27.087986 12.049469 19882.000000 53415.000000 60401.000000 12553.000000 3182.000000 292.000000 3855.000000 33533.000000 6986.000000
1039045 26.693006 11.886284 20103.000000 53839.000000 60818.000000 13427.000000 2967.000000 250.000000 3459.000000 33736.000000 6979.000000
1040045 26.461854 11.791228 20349.000000 54287.000000 61215.000000 14234.000000 2809.000000 290.000000 3016.000000 33938.000000 6928.000000
1041045 26.731196 11.925905 20587.000000 54703.000000 61597.000000 14770.000000 2735.000000 452.000000 2630.000000 34116.000000 6894.000000
1042045 26.901710 11.992748 20606.000000 54844.000000 61779.000000 14853.000000 2880.000000 474.000000 2399.000000 34238.000000 6935.000000
1043045 27.261179 12.149200 20584.000000 54855.000000 61823.000000 14665.000000 3068.000000 543.000000 2308.000000 34271.000000 6968.000000
1044045 27.770118 12.384111 20579.000000 54822.000000 61805.000000 14335.000000 3384.000000 671.000000 2189.000000 34243.000000 6983.000000
1045045 28.163636 12.544745 20464.000000 54703.000000 61739.000000 13837.000000 3901.000000 709.000000 2017.000000 34239.000000 7036.000000
1046045 28.434016 12.656298 20361.000000 54576.000000 61661.000000 13400.000000 4396.000000 719.000000 1846.000000 34215.000000 7085.000000
1047045 28.817031 12.799558 20240.000000 54451.000000 61549.000000 12759.000000 5011.000000 780.000000 1690.000000 34211.000000 7098.000000
1048045 29.153501 12.917772 20038.000000 54247.000000 61427.000000 12087.000000 5576.000000 755.000000 1620.000000 34209.000000 7180.000000
1049045 29.479897 13.029656 19828.000000 54055.000000 61337.000000 11350.000000 6017.000000 710.000000 1751.000000 34227.000000 7282.000000
1050045 29.500056 13.006323 19707.000000 53925.000000 61201.000000 10581.000000 6403.000000 684.000000 2039.000000 34218.000000 7276.000000
1051045 29.759869 13.100537 19599.000000 53809.000000 61112.000000 9829.000000 6672.000000 703.000000 2395.000000 34210.000000 7303.000000
1052045 30.007452 13.191169 19503.000000 53719.000000 61056.000000 9099.000000 6873.000000 717.000000 2814.000000 34216.000000 7337.000000
1053045 29.468455 12.924100 19421.000000 53691.000000 61041.000000 8597.000000 7018.000000 539.000000 3267.000000 34270.000000 7350.000000
1054045 29.448725 12.888969 19345.000000 53698.000000 61091.000000 8583.000000 6673.000000 481.000000 3608.000000 34353.000000 7393.000000
1055045 29.323533 12.834583 19418.000000 53850.000000 61233.000000 8677.000000 6338.000000 476.000000 3927.000000 34432.000000 7383.000000
1056045 29.296309 12.822766 19503.000000 54063.000000 61461.000000 8929.000000 5936.000000 483.000000 4155.000000 34560.000000 7398.000000
1057045 29.247550 12.815735 19644.000000 54320.000000 61721.000000 9203.000000 5534.000000 509.000000 4398.000000 34676.000000 7401.000000
1058045 29.051369 12.730586 19725.000000 54565.000000 62016.000000 9667.000000 5100.000000 444.000000 4514.000000 34840.000000 7451.000000
1059045 28.487883 12.504211 19930.000000 54902.000000 62331.000000 10367.000000 4614.000000 365.000000 4584.000000 34972.000000 7429.000000
1060045 28.247460 12.416862 20157.000000 55294.000000 62697.000000 11111.000000 4067.000000 382.000000 4597.000000 35137.000000 7403.000000
1061045 27.624250 12.183023 20439.000000 55708.000000 63096.000000 12037.000000 3727.000000 299.000000 4376.000000 35269.000000 7388.000000
1062045 27.362226 12.075941 20686.000000 56174.000000 63523.000000 12919.000000 3498.000000 322.000000 3947.000000 35488.000000 7349.000000
1063045 26.899922 11.879702 20934.000000 56637.000000 63941.000000 13775.000000 3288.000000 292.000000 3579.000000 35703.000000 7304.000000
1064045 26.855657 11.877942 21183.000000 57079.000000 64363.000000 14527.000000 3098.000000 361.000000 3197.000000 35896.000000 7284.000000
1065045 27.142408 11.998640 21263.000000 57361.000000 64699.000000 14967.000000 2977.000000 425.000000 2894.000000 36098.000000 7338.000000
1066045 27.663447 12.187187 21187.000000 57470.000000 64855.000000 14923.000000 3053.000000 519.000000 2692.000000 36283.000000 7385.000000
1067045 27.955674 12.322224 21195.000000 57488.000000 64899.000000 14748.000000 3287.000000 586.000000 2574.000000 36293.000000 7411.000000
1068045 28.291778 12.444931 21117.000000 57479.000000 64918.000000 14496.000000 3586.000000 640.000000 2395.000000 36362.000000 7439.000000
1069045 28.574938 12.556088 21079.000000 57435.000000 64853.000000 14138.000000 4030.000000 725.000000 2186.000000 36356.000000 7418.000000
1070045 28.788730 12.642508 20998.000000 57353.000000 64821.000000 13758.000000 4506.000000 727.000000 2007.000000 36355.000000 7468.000000
1071045 29.029078 12.734545 20924.000000 57271.000000 64753.000000 13241.000000 5092.000000 764.000000 1827.000000 36347.000000 7482.000000
1072045 29.215749 12.783840 20761.000000 57097.000000 64605.000000 12537.000000 5632.000000 751.000000 1841.000000 36336.000000 7508.000000
1073045 29.403207 12.851848 20674.000000 56971.000000 64481.000000 11877.000000 6116.000000 777.000000 1904.000000 36297.000000 7510.000000
1074045 29.443594 12.849752 20536.000000 56812.000000 64367.000000 11160.000000 6457.000000 716.000000 2203.000000 36276.000000 7555.000000
1075045 29.778255 12.952908 20410.000000 56729.000000 64279.000000 10384.000000 6800.000000 776.000000 2450.000000 36319.000000 7550.000000
1076045 29.583782 12.839479 20290.000000 56636.000000 64216.000000 9724.000000 7035.000000 665.000000 2866.000000 36346.000000 7580.000000
1077045 29.101577 12.592477 20223.000000 56646.000000 64205.000000 9327.000000 7096.000000 526.000000 3274.000000 36423.000000 7559.000000
1078045 29.246474 12.625350 20115.000000 56612.000000 64220.000000 9201.000000 6755.000000 500.000000 3659.000000 36497.000000 7608.000000
1079045 29.267150 12.614390 20103.000000 56725.000000 64363.000000 9288.000000 6410.000000 481.000000 3924.000000 36622.000000 7638.000000
1080045 29.763791 12.811333 20074.000000 56823.000000 64521.000000 9234.000000 6005.000000 568.000000 4267.000000 36749.000000 7698.000000
1081045 29.675453 12.779133 20143.000000 57012.000000 64754.000000 9455.000000 5661.000000 533.000000 4494.000000 36869.000000 7742.000000
1082045 29.321483 12.639434 20311.000000 57289.000000 64995.000000 9928.000000 5251.000000 509.000000 4623.000000 36978.000000 7706.000000
1083045 28.869343 12.465544 20456.000000 57560.000000 65300.000000 10580.000000 4738.000000 400.000000 4738.000000 37104.000000 7740.000000
1084045 28.592520 12.384853 20738.000000 57967.000000 65677.000000 11338.000000 4279.000000 424.000000 4697.000000 37229.000000 7710.000000
1085045 28.084200 12.179429 20947.000000 58355.000000 66054.000000 12194.000000 4022.000000 346.000000 4385.000000 37408.000000 7699.000000
1086045 27.630302 11.992539 21217.000000 58844.000000 66483.000000 13088.000000 3837.000000 334.000000 3958.000000 37627.000000 7639.000000
1087045 27.266484 11.863141 21486.000000 59296.000000 66930.000000 13964.000000 3624.000000 306.000000 3592.000000 37810.000000 7634.000000
1088045 27.131360 11.815725 21716.000000 59726.000000 67334.000000 14761.000000 3342.000000 348.000000 3265.000000 38010.000000 7608.000000
1089045 27.281978 11.885973 21874.000000 60061.000000 67668.000000 15287.000000 3154.000000 436.000000 2997.000000 38187.000000 7607.000000
1090045 27.738588 12.067159 21871.000000 60164.000000 67779.000000 15244.000000 3191.000000 564.000000 2872.000000 38293.000000 7615.000000
1091045 27.802827 12.089273 21813.000000 60153.000000 67837.000000 15143.000000 3405.000000 517.000000 2748.000000 38340.000000 7684.000000
1092045 28.362970 12.316897 21746.000000 60136.000000 67858.000000 14894.000000 3574.000000 636.000000 2642.000000 38390.000000 7722.000000
1093045 28.822013 12.508098 21693.000000 60135.000000 67916.000000 14565.000000 3994.000000 714.000000 2420.000000 38442.000000 7781.000000
1094045 28.929191 12.521539 21600.000000 60110.000000 67899.000000 14209.000000 4523.000000 713.000000 2155.000000 38510.000000 7789.000000
1095045 29.451681 12.731615 21504.000000 60017.000000 67839.000000 13615.000000 5089.000000 815.000000 1985.000000 38513.000000 7822.000000
1096045 29.535027 12.734923 21349.000000 59878.000000 67735.000000 12924.000000 5706.000000 769.000000 1950.000000 38529.000000 7857.000000
1097045 29.560202 12.724639 21272.000000 59809.000000 67664.000000 12307.000000 6248.000000 755.000000 1962.000000 38537.000000 7855.000000
1098045 29.777916 12.780475 21146.000000 59712.000000 67564.000000 11554.000000 6626.000000 783.000000 2183.000000 38566.000000 7852.000000
1099045 30.016607 12.854286 20997.000000 59588.000000 67495.000000 10773.000000 7012.000000 769.000000 2443.000000 38591.000000 7907.000000
1100045 29.843132 12.750026 20874.000000 59503.000000 67443.000000 10102.000000 7295.000000 659.000000 2818.000000 38629.000000 7940.000000
1101045 29.449175 12.559656 20822.000000 59517.000000 67470.000000 9777.000000 7259.000000 521.000000 3265.000000 38695.000000 7953.000000
