763055 1.227927 0.262500 8551.000000 40000.000000 40000.000000 1890.000000 3327.000000 105.000000 3229.000000 31449.000000 0.000000
764055 1.316709 0.280648 8522.000000 40204.000000 40264.000000 2367.000000 2707.000000 53.000000 3395.000000 31682.000000 60.000000
765055 1.640860 0.349599 8555.000000 40519.000000 40618.000000 3056.000000 2095.000000 43.000000 3361.000000 31964.000000 99.000000
766055 2.131805 0.453681 8582.000000 40855.000000 40998.000000 3767.000000 1622.000000 43.000000 3150.000000 32273.000000 143.000000
767055 2.241281 0.474060 8568.000000 41168.000000 41345.000000 4441.000000 1193.000000 19.000000 2915.000000 32600.000000 177.000000
768055 2.505101 0.529417 8617.000000 41539.000000 41744.000000 5194.000000 846.000000 16.000000 2561.000000 32922.000000 205.000000
769055 2.901005 0.610640 8639.000000 41867.000000 42087.000000 5824.000000 542.000000 37.000000 2236.000000 33228.000000 220.000000
770055 3.763862 0.792098 8649.000000 42141.000000 42419.000000 6374.000000 329.000000 58.000000 1888.000000 33492.000000 278.000000
771055 4.653752 0.979244 8640.000000 42344.000000 42686.000000 6778.000000 253.000000 76.000000 1533.000000 33704.000000 342.000000
772055 5.916306 1.241701 8572.000000 42488.000000 42925.000000 7089.000000 247.000000 96.000000 1140.000000 33916.000000 437.000000
773055 7.983240 1.678374 8508.000000 42576.000000 43137.000000 7226.000000 310.000000 163.000000 809.000000 34068.000000 561.000000
774055 10.552930 2.216425 8336.000000 42552.000000 43313.000000 7180.000000 449.000000 199.000000 508.000000 34216.000000 761.000000
775055 14.273176 2.994384 8108.000000 42441.000000 43448.000000 6946.000000 597.000000 294.000000 271.000000 34333.000000 1007.000000
776055 18.861093 3.950271 7777.000000 42179.000000 43516.000000 6399.000000 839.000000 382.000000 157.000000 34402.000000 1337.000000
777055 23.701833 4.958317 7377.000000 41811.000000 43543.000000 5693.000000 1131.000000 427.000000 126.000000 34434.000000 1732.000000
778055 27.540048 5.761638 6947.000000 41397.000000 43564.000000 5052.000000 1418.000000 343.000000 134.000000 34450.000000 2167.000000
779055 32.580327 6.817660 6588.000000 41047.000000 43578.000000 4277.000000 1715.000000 440.000000 156.000000 34459.000000 2531.000000
780055 36.268919 7.587473 6189.000000 40656.000000 43585.000000 3601.000000 2010.000000 378.000000 200.000000 34467.000000 2929.000000
781055 40.096459 8.390101 5838.000000 40314.000000 43599.000000 2899.000000 2260.000000 373.000000 306.000000 34476.000000 3285.000000
782055 43.124795 9.024211 5493.000000 39982.000000 43616.000000 2354.000000 2404.000000 302.000000 433.000000 34489.000000 3634.000000
783055 45.549108 9.532321 5247.000000 39755.000000 43641.000000 1882.000000 2508.000000 274.000000 583.000000 34508.000000 3886.000000
784055 47.681540 9.984199 5029.000000 39554.000000 43669.000000 1447.000000 2495.000000 245.000000 842.000000 34525.000000 4115.000000
785055 49.568259 10.377574 4856.000000 39407.000000 43700.000000 1058.000000 2426.000000 242.000000 1130.000000 34551.000000 4293.000000
786055 50.059946 10.492770 4750.000000 39348.000000 43773.000000 906.000000 2358.000000 168.000000 1318.000000 34598.000000 4425.000000
787055 49.912892 10.452390 4691.000000 39363.000000 43856.000000 942.000000 2132.000000 91.000000 1526.000000 34672.000000 4493.000000
788055 49.428540 10.334547 4675.000000 39428.000000 43940.000000 1165.000000 1816.000000 29.000000 1665.000000 34753.000000 4512.000000
789055 48.418202 10.136775 4781.000000 39638.000000 44087.000000 1580.000000 1447.000000 20.000000 1734.000000 34857.000000 4449.000000
790055 47.354299 9.964766 4924.000000 39883.000000 44276.000000 2068.000000 1153.000000 19.000000 1684.000000 34959.000000 4393.000000
791055 46.441509 9.809172 5034.000000 40086.000000 44438.000000 2500.000000 882.000000 7.000000 1645.000000 35052.000000 4352.000000
792055 45.945660 9.735227 5133.000000 40316.000000 44642.000000 2952.000000 620.000000 20.000000 1541.000000 35183.000000 4326.000000
793055 45.220396 9.632025 5247.000000 40536.000000 44840.000000 3398.000000 391.000000 15.000000 1443.000000 35289.000000 4304.000000
794055 44.557435 9.535865 5383.000000 40776.000000 45030.000000 3867.000000 212.000000 40.000000 1264.000000 35393.000000 4254.000000
795055 43.646069 9.408745 5524.000000 40974.000000 45192.000000 4287.000000 144.000000 34.000000 1059.000000 35450.000000 4218.000000
796055 42.933333 9.246333 5616.000000 41138.000000 45272.000000 4615.000000 128.000000 52.000000 821.000000 35522.000000 4134.000000
797055 42.375651 9.149448 5737.000000 41293.000000 45347.000000 4904.000000 154.000000 95.000000 584.000000 35556.000000 4054.000000
798055 41.362705 8.902071 5804.000000 41393.000000 45349.000000 5140.000000 223.000000 81.000000 360.000000 35589.000000 3956.000000
799055 40.861105 8.722934 5855.000000 41453.000000 45260.000000 5238.000000 287.000000 141.000000 189.000000 35598.000000 3807.000000
800055 41.314952 8.652778 5778.000000 41374.000000 45026.000000 5011.000000 414.000000 244.000000 109.000000 35596.000000 3652.000000
801055 41.736448 8.479205 5546.000000 41144.000000 44674.000000 4605.000000 604.000000 258.000000 79.000000 35598.000000 3530.000000
802055 41.527666 8.151376 5303.000000 40897.000000 44287.000000 4236.000000 773.000000 220.000000 74.000000 35594.000000 3390.000000
803055 42.288796 8.031589 5090.000000 40684.000000 43939.000000 3767.000000 974.000000 274.000000 75.000000 35594.000000 3255.000000
804055 42.957218 7.878134 4820.000000 40415.000000 43589.000000 3278.000000 1189.000000 260.000000 93.000000 35595.000000 3174.000000
805055 44.361785 7.858051 4568.000000 40161.000000 43255.000000 2764.000000 1353.000000 305.000000 146.000000 35593.000000 3094.000000
806055 45.635944 7.826067 4300.000000 39892.000000 42959.000000 2243.000000 1551.000000 295.000000 211.000000 35592.000000 3067.000000
807055 46.073225 7.713002 4085.000000 39675.000000 42746.000000 1840.000000 1741.000000 226.000000 278.000000 35590.000000 3071.000000
808055 47.681929 7.805818 3911.000000 39502.000000 42558.000000 1389.000000 1820.000000 266.000000 436.000000 35591.000000 3056.000000
809055 48.779418 7.863421 3757.000000 39353.000000 42437.000000 1006.000000 1885.000000 253.000000 613.000000 35596.000000 3084.000000
810055 48.932096 7.837494 3658.000000 39255.000000 42386.000000 759.000000 1975.000000 191.000000 733.000000 35597.000000 3131.000000
811055 48.004730 7.666706 3633.000000 39232.000000 42365.000000 662.000000 1958.000000 115.000000 898.000000 35599.000000 3133.000000
812055 47.781872 7.648391 3591.000000 39194.000000 42388.000000 744.000000 1744.000000 48.000000 1055.000000 35603.000000 3194.000000
813055 46.870030 7.625006 3703.000000 39304.000000 42518.000000 1029.000000 1512.000000 28.000000 1134.000000 35601.000000 3214.000000
814055 45.684922 7.599532 3876.000000 39473.000000 42700.000000 1406.000000 1235.000000 18.000000 1217.000000 35597.000000 3227.000000
815055 44.669143 7.574414 4032.000000 39631.000000 42868.000000 1741.000000 1008.000000 10.000000 1273.000000 35599.000000 3237.000000
816055 43.544507 7.562850 4246.000000 39843.000000 43079.000000 2168.000000 711.000000 22.000000 1345.000000 35597.000000 3236.000000
817055 42.248567 7.492030 4443.000000 40053.000000 43286.000000 2612.000000 453.000000 10.000000 1368.000000 35610.000000 3233.000000
818055 41.221955 7.475518 4662.000000 40275.000000 43502.000000 3052.000000 195.000000 25.000000 1390.000000 35613.000000 3227.000000
819055 39.673179 7.380740 4924.000000 40534.000000 43749.000000 3605.000000 118.000000 14.000000 1187.000000 35610.000000 3215.000000
820055 38.747295 7.336505 5129.000000 40742.000000 43931.000000 4008.000000 109.000000 34.000000 978.000000 35613.000000 3189.000000
821055 37.627357 7.276969 5382.000000 40996.000000 44153.000000 4494.000000 142.000000 56.000000 690.000000 35614.000000 3157.000000
822055 37.042578 7.264726 5561.000000 41181.000000 44310.000000 4862.000000 171.000000 90.000000 438.000000 35620.000000 3129.000000
823055 36.525992 7.229051 5690.000000 41317.000000 44418.000000 5153.000000 234.000000 110.000000 193.000000 35627.000000 3101.000000
824055 36.961503 7.273301 5668.000000 41294.000000 44354.000000 5069.000000 347.000000 166.000000 86.000000 35626.000000 3060.000000
825055 37.942763 7.326961 5518.000000 41144.000000 44152.000000 4733.000000 497.000000 227.000000 61.000000 35626.000000 3008.000000
826055 38.433648 7.242911 5283.000000 40914.000000 43905.000000 4376.000000 660.000000 189.000000 58.000000 35631.000000 2991.000000
827055 39.564406 7.280264 5085.000000 40716.000000 43666.000000 3962.000000 834.000000 229.000000 60.000000 35631.000000 2950.000000
828055 40.665553 7.290275 4859.000000 40490.000000 43414.000000 3535.000000 997.000000 241.000000 86.000000 35631.000000 2924.000000
829055 41.987776 7.321764 4614.000000 40247.000000 43159.000000 3067.000000 1181.000000 248.000000 118.000000 35633.000000 2912.000000
830055 43.878955 7.435204 4386.000000 40020.000000 42904.000000 2517.000000 1401.000000 306.000000 162.000000 35634.000000 2884.000000
831055 44.611458 7.369753 4154.000000 39790.000000 42688.000000 2050.000000 1620.000000 248.000000 236.000000 35636.000000 2898.000000
832055 46.881376 7.569590 3949.000000 39586.000000 42499.000000 1503.000000 1783.000000 304.000000 359.000000 35637.000000 2913.000000
833055 47.922561 7.598224 3768.000000 39405.000000 42352.000000 1069.000000 1934.000000 271.000000 494.000000 35637.000000 2947.000000
834055 49.144846 7.685571 3620.000000 39261.000000 42248.000000 654.000000 2076.000000 260.000000 630.000000 35641.000000 2987.000000
835055 47.459954 7.372911 3552.000000 39192.000000 42195.000000 506.000000 2166.000000 108.000000 772.000000 35640.000000 3003.000000
836055 46.673803 7.235657 3523.000000 39164.000000 42180.000000 596.000000 1984.000000 36.000000 907.000000 35641.000000 3016.000000
837055 45.538695 7.106323 3608.000000 39248.000000 42230.000000 820.000000 1760.000000 19.000000 1009.000000 35640.000000 2982.000000
838055 44.247392 7.010957 3751.000000 39389.000000 42348.000000 1134.000000 1457.000000 10.000000 1150.000000 35638.000000 2959.000000
839055 43.221574 6.977127 3909.000000 39545.000000 42496.000000 1457.000000 1179.000000 14.000000 1259.000000 35636.000000 2951.000000
840055 42.091764 6.925169 4075.000000 39713.000000 42656.000000 1813.000000 846.000000 11.000000 1405.000000 35638.000000 2943.000000
841055 40.743309 6.856636 4280.000000 39918.000000 42849.000000 2239.000000 529.000000 7.000000 1505.000000 35638.000000 2931.000000
842055 39.451392 6.812641 4516.000000 40146.000000 43067.000000 2710.000000 209.000000 13.000000 1584.000000 35630.000000 2921.000000
843055 37.894737 6.730370 4796.000000 40427.000000 43326.000000 3283.000000 90.000000 17.000000 1406.000000 35631.000000 2899.000000
844055 36.895161 6.719758 5047.000000 40684.000000 43573.000000 3792.000000 83.000000 39.000000 1133.000000 35637.000000 2889.000000
845055 35.808500 6.689329 5299.000000 40942.000000 43831.000000 4333.000000 93.000000 43.000000 830.000000 35643.000000 2889.000000
846055 34.688057 6.623854 5556.000000 41209.000000 44068.000000 4849.000000 127.000000 60.000000 520.000000 35653.000000 2859.000000
847055 33.915473 6.582456 5768.000000 41433.000000 44254.000000 5277.000000 187.000000 92.000000 212.000000 35665.000000 2821.000000
848055 34.034842 6.581357 5781.000000 41459.000000 44231.000000 5293.000000 277.000000 139.000000 72.000000 35678.000000 2772.000000
849055 34.907231 6.657744 5643.000000 41319.000000 44084.000000 5033.000000 387.000000 170.000000 53.000000 35676.000000 2765.000000
850055 35.575286 6.663174 5475.000000 41151.000000 43898.000000 4723.000000 535.000000 178.000000 39.000000 35676.000000 2747.000000
851055 36.319340 6.655067 5310.000000 40987.000000 43681.000000 4373.000000 684.000000 213.000000 40.000000 35677.000000 2694.000000
852055 37.585275 6.721142 5107.000000 40783.000000 43445.000000 3942.000000 849.000000 258.000000 58.000000 35676.000000 2662.000000
853055 38.982377 6.806246 4856.000000 40534.000000 43225.000000 3463.000000 1059.000000 251.000000 83.000000 35678.000000 2691.000000
854055 41.375085 7.063828 4619.000000 40296.000000 43022.000000 2909.000000 1268.000000 313.000000 129.000000 35677.000000 2726.000000
855055 43.106359 7.161556 4361.000000 40037.000000 42784.000000 2343.000000 1506.000000 317.000000 195.000000 35676.000000 2747.000000
856055 45.119306 7.325835 4127.000000 39801.000000 42589.000000 1758.000000 1748.000000 332.000000 289.000000 35674.000000 2788.000000
857055 46.868507 7.445830 3916.000000 39591.000000 42413.000000 1173.000000 2014.000000 336.000000 393.000000 35675.000000 2822.000000
858055 48.369483 7.544715 3729.000000 39404.000000 42268.000000 641.000000 2235.000000 325.000000 528.000000 35675.000000 2864.000000
859055 47.181054 7.314762 3606.000000 39277.000000 42216.000000 437.000000 2373.000000 149.000000 647.000000 35671.000000 2939.000000
860055 46.136119 7.119657 3532.000000 39202.000000 42179.000000 518.000000 2192.000000 26.000000 796.000000 35670.000000 2977.000000
861055 45.276972 7.027808 3607.000000 39272.000000 42218.000000 689.000000 1964.000000 21.000000 933.000000 35665.000000 2946.000000
862055 44.427711 6.973006 3701.000000 39367.000000 42306.000000 909.000000 1686.000000 11.000000 1095.000000 35666.000000 2939.000000
863055 43.248821 6.911172 3854.000000 39523.000000 42453.000000 1236.000000 1325.000000 4.000000 1289.000000 35669.000000 2930.000000
864055 42.183444 6.865553 4016.000000 39686.000000 42604.000000 1565.000000 977.000000 7.000000 1467.000000 35670.000000 2918.000000
865055 40.918639 6.826146 4234.000000 39899.000000 42806.000000 1992.000000 574.000000 15.000000 1653.000000 35665.000000 2907.000000
866055 39.595493 6.778991 4457.000000 40120.000000 43030.000000 2457.000000 211.000000 7.000000 1782.000000 35663.000000 2910.000000
867055 38.274365 6.724592 4705.000000 40376.000000 43274.000000 2973.000000 79.000000 12.000000 1641.000000 35671.000000 2898.000000
868055 36.758943 6.671408 5037.000000 40715.000000 43589.000000 3635.000000 75.000000 34.000000 1293.000000 35678.000000 2874.000000
869055 35.409274 6.598568 5316.000000 41001.000000 43858.000000 4229.000000 83.000000 37.000000 967.000000 35685.000000 2857.000000
870055 34.403292 6.620509 5648.000000 41339.000000 44196.000000 4897.000000 107.000000 69.000000 575.000000 35691.000000 2857.000000
871055 33.520449 6.583566 5875.000000 41590.000000 44444.000000 5428.000000 155.000000 72.000000 220.000000 35715.000000 2854.000000
872055 33.745846 6.624081 5912.000000 41644.000000 44459.000000 5498.000000 223.000000 130.000000 61.000000 35732.000000 2815.000000
873055 34.097788 6.608009 5795.000000 41530.000000 44325.000000 5325.000000 291.000000 134.000000 45.000000 35735.000000 2795.000000
874055 34.747571 6.636938 5659.000000 41398.000000 44177.000000 5042.000000 431.000000 153.000000 33.000000 35739.000000 2779.000000
875055 35.413889 6.642268 5519.000000 41259.000000 43991.000000 4705.000000 584.000000 190.000000 40.000000 35740.000000 2732.000000
876055 36.902842 6.790109 5328.000000 41068.000000 43799.000000 4257.000000 775.000000 243.000000 53.000000 35740.000000 2731.000000
877055 37.847890 6.778298 5111.000000 40850.000000 43536.000000 3804.000000 968.000000 265.000000 74.000000 35739.000000 2686.000000
878055 39.308798 6.879040 4892.000000 40631.000000 43320.000000 3283.000000 1213.000000 291.000000 105.000000 35739.000000 2689.000000
879055 42.098074 7.157122 4642.000000 40383.000000 43062.000000 2595.000000 1483.000000 403.000000 161.000000 35741.000000 2679.000000
880055 43.447595 7.191221 4351.000000 40092.000000 42830.000000 1994.000000 1798.000000 342.000000 217.000000 35741.000000 2738.000000
881055 46.070186 7.451449 4127.000000 39867.000000 42636.000000 1241.000000 2170.000000 408.000000 308.000000 35740.000000 2769.000000
882055 47.359024 7.496997 3909.000000 39645.000000 42457.000000 612.000000 2489.000000 371.000000 437.000000 35736.000000 2812.000000
883055 45.561951 7.105568 3747.000000 39478.000000 42333.000000 360.000000 2656.000000 153.000000 578.000000 35731.000000 2855.000000
884055 44.505747 6.872559 3644.000000 39374.000000 42255.000000 423.000000 2456.000000 23.000000 742.000000 35730.000000 2881.000000
885055 43.762437 6.764462 3686.000000 39418.000000 42265.000000 533.000000 2217.000000 12.000000 924.000000 35732.000000 2847.000000
886055 42.980333 6.709492 3779.000000 39512.000000 42343.000000 729.000000 1928.000000 10.000000 1112.000000 35733.000000 2831.000000
887055 41.989607 6.658504 3909.000000 39646.000000 42472.000000 1014.000000 1540.000000 2.000000 1353.000000 35737.000000 2826.000000
888055 40.918308 6.624768 4084.000000 39823.000000 42643.000000 1370.000000 1127.000000 5.000000 1582.000000 35739.000000 2820.000000
889055 39.628483 6.573449 4297.000000 40030.000000 42839.000000 1795.000000 645.000000 7.000000 1850.000000 35733.000000 2809.000000
890055 38.169187 6.505235 4546.000000 40278.000000 43073.000000 2301.000000 212.000000 7.000000 2026.000000 35732.000000 2795.000000
891055 36.979098 6.489342 4817.000000 40558.000000 43348.000000 2855.000000 73.000000 23.000000 1866.000000 35741.000000 2790.000000
892055 35.262229 6.403388 5150.000000 40898.000000 43680.000000 3557.000000 67.000000 15.000000 1511.000000 35748.000000 2782.000000
893055 33.660606 6.308353 5507.000000 41278.000000 44021.000000 4299.000000 72.000000 34.000000 1102.000000 35771.000000 2743.000000
894055 31.991600 6.180408 5883.000000 41678.000000 44366.000000 5083.000000 94.000000 54.000000 652.000000 35795.000000 2688.000000
895055 31.024335 6.135835 6168.000000 42005.000000 44672.000000 5734.000000 136.000000 74.000000 224.000000 35837.000000 2667.000000
896055 30.560253 6.062707 6232.000000 42077.000000 44716.000000 5911.000000 186.000000 72.000000 63.000000 35845.000000 2639.000000
897055 31.326124 6.165703 6171.000000 42020.000000 44634.000000 5742.000000 253.000000 138.000000 38.000000 35849.000000 2614.000000
898055 31.879543 6.206757 6041.000000 41890.000000 44516.000000 5512.000000 360.000000 137.000000 32.000000 35849.000000 2626.000000
899055 33.305921 6.390316 5875.000000 41727.000000 44364.000000 5147.000000 498.000000 198.000000 32.000000 35852.000000 2637.000000
900055 34.637073 6.533448 5688.000000 41541.000000 44188.000000 4738.000000 667.000000 240.000000 43.000000 35853.000000 2647.000000
901055 35.924603 6.631945 5475.000000 41327.000000 43969.000000 4239.000000 899.000000 274.000000 63.000000 35852.000000 2642.000000
902055 37.938873 6.862991 5245.000000 41098.000000 43771.000000 3638.000000 1179.000000 331.000000 97.000000 35853.000000 2673.000000
903055 39.984330 7.037139 4978.000000 40832.000000 43512.000000 2972.000000 1486.000000 382.000000 138.000000 35854.000000 2680.000000
904055 42.236611 7.236462 4698.000000 40552.000000 43267.000000 2192.000000 1903.000000 416.000000 187.000000 35854.000000 2715.000000
905055 45.105673 7.536474 4416.000000 40268.000000 43044.000000 1376.000000 2312.000000 468.000000 260.000000 35852.000000 2776.000000
906055 46.551478 7.606515 4135.000000 39990.000000 42858.000000 635.000000 2740.000000 392.000000 368.000000 35855.000000 2868.000000
907055 44.501167 7.143024 3965.000000 39822.000000 42713.000000 344.000000 2961.000000 160.000000 500.000000 35857.000000 2891.000000
908055 43.538826 6.896066 3843.000000 39699.000000 42604.000000 364.000000 2782.000000 33.000000 664.000000 35856.000000 2905.000000
909055 42.819031 6.782009 3874.000000 39725.000000 42598.000000 466.000000 2511.000000 16.000000 881.000000 35851.000000 2873.000000
910055 42.389068 6.762775 3937.000000 39791.000000 42660.000000 610.000000 2162.000000 16.000000 1149.000000 35854.000000 2869.000000
911055 41.529344 6.716854 4046.000000 39901.000000 42773.000000 862.000000 1749.000000 1.000000 1434.000000 35855.000000 2872.000000
912055 40.553907 6.684835 4213.000000 40069.000000 42933.000000 1198.000000 1280.000000 6.000000 1729.000000 35856.000000 2864.000000
913055 39.430223 6.642708 4405.000000 40269.000000 43130.000000 1611.000000 735.000000 4.000000 2055.000000 35864.000000 2861.000000
914055 38.137857 6.584410 4638.000000 40512.000000 43360.000000 2104.000000 221.000000 7.000000 2306.000000 35874.000000 2848.000000
915055 36.583483 6.514270 4948.000000 40832.000000 43658.000000 2744.000000 65.000000 18.000000 2121.000000 35884.000000 2826.000000
916055 34.698143 6.410286 5330.000000 41220.000000 44023.000000 3547.000000 54.000000 19.000000 1710.000000 35890.000000 2803.000000
917055 32.816173 6.285740 5734.000000 41644.000000 44418.000000 4407.000000 62.000000 18.000000 1247.000000 35910.000000 2774.000000
918055 31.316886 6.199545 6139.000000 42104.000000 44842.000000 5298.000000 75.000000 42.000000 724.000000 35965.000000 2738.000000
919055 30.184984 6.136625 6475.000000 42489.000000 45204.000000 6061.000000 113.000000 59.000000 242.000000 36014.000000 2715.000000
920055 29.981620 6.122359 6546.000000 42590.000000 45293.000000 6257.000000 162.000000 70.000000 57.000000 36044.000000 2703.000000
921055 30.215827 6.130302 6506.000000 42550.000000 45218.000000 6143.000000 230.000000 104.000000 29.000000 36044.000000 2668.000000
922055 30.766685 6.182665 6411.000000 42456.000000 45110.000000 5922.000000 329.000000 135.000000 25.000000 36045.000000 2654.000000
923055 31.503928 6.244022 6282.000000 42327.000000 44955.000000 5615.000000 462.000000 179.000000 26.000000 36045.000000 2628.000000
924055 32.588006 6.348568 6102.000000 42147.000000 44766.000000 5206.000000 634.000000 223.000000 39.000000 36045.000000 2619.000000
925055 33.822321 6.466958 5916.000000 41960.000000 44565.000000 4714.000000 871.000000 277.000000 54.000000 36044.000000 2605.000000
926055 36.097385 6.754471 5667.000000 41711.000000 44341.000000 4060.000000 1157.000000 365.000000 85.000000 36044.000000 2630.000000
927055 39.087178 7.129571 5370.000000 41413.000000 44084.000000 3268.000000 1508.000000 472.000000 122.000000 36043.000000 2671.000000
928055 41.354930 7.340894 5006.000000 41050.000000 43823.000000 2420.000000 1980.000000 444.000000 162.000000 36044.000000 2773.000000
929055 44.552348 7.688070 4697.000000 40741.000000 43561.000000 1472.000000 2461.000000 529.000000 235.000000 36044.000000 2820.000000
930055 45.705269 7.687514 4372.000000 40414.000000 43330.000000 649.000000 2974.000000 415.000000 334.000000 36042.000000 2916.000000
931055 44.067321 7.277865 4162.000000 40204.000000 43172.000000 313.000000 3202.000000 174.000000 473.000000 36042.000000 2968.000000
932055 43.386845 7.088807 4020.000000 40063.000000 43082.000000 322.000000 3013.000000 35.000000 650.000000 36043.000000 3019.000000
933055 42.649158 6.940928 4030.000000 40073.000000 43049.000000 401.000000 2734.000000 12.000000 883.000000 36043.000000 2976.000000
934055 42.193914 6.915350 4094.000000 40136.000000 43107.000000 547.000000 2379.000000 10.000000 1158.000000 36042.000000 2971.000000
935055 41.386056 6.856481 4198.000000 40241.000000 43200.000000 770.000000 1927.000000 3.000000 1498.000000 36043.000000 2959.000000
936055 40.344403 6.808118 4369.000000 40412.000000 43360.000000 1116.000000 1381.000000 4.000000 1868.000000 36043.000000 2948.000000
937055 39.330934 6.774875 4557.000000 40612.000000 43558.000000 1526.000000 751.000000 5.000000 2275.000000 36055.000000 2946.000000
938055 38.007475 6.729957 4823.000000 40883.000000 43819.000000 2075.000000 226.000000 13.000000 2509.000000 36060.000000 2936.000000
939055 36.453936 6.653824 5130.000000 41201.000000 44125.000000 2735.000000 52.000000 12.000000 2331.000000 36071.000000 2924.000000
940055 34.555160 6.543715 5538.000000 41624.000000 44516.000000 3592.000000 30.000000 21.000000 1895.000000 36086.000000 2892.000000
941055 32.623953 6.411141 5976.000000 42095.000000 44953.000000 4538.000000 45.000000 24.000000 1369.000000 36119.000000 2858.000000
942055 30.863534 6.311299 6471.000000 42646.000000 45474.000000 5621.000000 66.000000 42.000000 742.000000 36175.000000 2828.000000
943055 29.499323 6.182643 6817.000000 43048.000000 45838.000000 6422.000000 101.000000 44.000000 250.000000 36231.000000 2790.000000
944055 29.260749 6.175472 6931.000000 43188.000000 45956.000000 6668.000000 147.000000 70.000000 46.000000 36257.000000 2768.000000
945055 29.436153 6.186555 6891.000000 43149.000000 45906.000000 6573.000000 216.000000 83.000000 19.000000 36258.000000 2757.000000
946055 29.991620 6.250546 6806.000000 43064.000000 45804.000000 6367.000000 300.000000 123.000000 16.000000 36258.000000 2740.000000
947055 31.217493 6.438125 6683.000000 42943.000000 45681.000000 6030.000000 430.000000 203.000000 20.000000 36260.000000 2738.000000
948055 32.336105 6.577329 6489.000000 42750.000000 45520.000000 5626.000000 612.000000 224.000000 27.000000 36261.000000 2770.000000
949055 34.035049 6.811514 6296.000000 42558.000000 45335.000000 5088.000000 853.000000 311.000000 44.000000 36262.000000 2777.000000
950055 35.508724 6.950852 6035.000000 42297.000000 45088.000000 4406.000000 1213.000000 343.000000 73.000000 36262.000000 2791.000000
951055 38.143846 7.259289 5745.000000 42006.000000 44784.000000 3569.000000 1591.000000 473.000000 112.000000 36261.000000 2778.000000
952055 40.413625 7.468189 5396.000000 41658.000000 44482.000000 2625.000000 2113.000000 498.000000 160.000000 36262.000000 2824.000000
953055 44.142893 7.914809 5031.000000 41292.000000 44183.000000 1521.000000 2681.000000 606.000000 223.000000 36261.000000 2891.000000
954055 45.817045 8.002549 4636.000000 40898.000000 43936.000000 648.000000 3188.000000 478.000000 322.000000 36262.000000 3038.000000
955055 43.450865 7.413253 4399.000000 40659.000000 43719.000000 268.000000 3505.000000 181.000000 445.000000 36260.000000 3060.000000
956055 42.658487 7.177099 4239.000000 40501.000000 43597.000000 267.000000 3295.000000 33.000000 644.000000 36262.000000 3096.000000
957055 42.063600 7.070429 4257.000000 40520.000000 43590.000000 360.000000 2995.000000 12.000000 890.000000 36263.000000 3070.000000
958055 41.518644 7.016981 4316.000000 40578.000000 43637.000000 503.000000 2593.000000 3.000000 1217.000000 36262.000000 3059.000000
959055 40.814140 6.969884 4422.000000 40685.000000 43731.000000 724.000000 2101.000000 2.000000 1595.000000 36263.000000 3046.000000
960055 39.921156 6.924374 4572.000000 40836.000000 43874.000000 1033.000000 1479.000000 0.000000 2060.000000 36264.000000 3038.000000
961055 38.749680 6.874107 4793.000000 41064.000000 44093.000000 1492.000000 804.000000 2.000000 2495.000000 36271.000000 3029.000000
962055 37.260477 6.793031 5085.000000 41365.000000 44369.000000 2091.000000 231.000000 10.000000 2753.000000 36280.000000 3004.000000
963055 35.622471 6.695150 5416.000000 41718.000000 44704.000000 2816.000000 45.000000 7.000000 2548.000000 36302.000000 2986.000000
964055 33.780252 6.587052 5841.000000 42174.000000 45134.000000 3739.000000 35.000000 13.000000 2054.000000 36333.000000 2960.000000
965055 31.690978 6.426099 6343.000000 42730.000000 45642.000000 4835.000000 47.000000 21.000000 1440.000000 36387.000000 2912.000000
966055 29.936175 6.299008 6835.000000 43287.000000 46166.000000 5950.000000 67.000000 29.000000 789.000000 36452.000000 2879.000000
967055 28.808671 6.219675 7201.000000 43723.000000 46578.000000 6809.000000 97.000000 42.000000 253.000000 36522.000000 2855.000000
968055 28.763758 6.264983 7317.000000 43861.000000 46720.000000 7075.000000 132.000000 68.000000 42.000000 36544.000000 2859.000000
969055 28.988942 6.290305 7275.000000 43822.000000 46675.000000 6970.000000 207.000000 83.000000 15.000000 36547.000000 2853.000000
970055 29.569197 6.377956 7200.000000 43747.000000 46598.000000 6775.000000 291.000000 121.000000 13.000000 36547.000000 2851.000000
971055 30.179363 6.444880 7090.000000 43637.000000 46471.000000 6486.000000 423.000000 161.000000 20.000000 36547.000000 2834.000000
972055 31.651282 6.665659 6936.000000 43483.000000 46297.000000 6030.000000 603.000000 272.000000 31.000000 36547.000000 2814.000000
973055 32.980618 6.829819 6696.000000 43243.000000 46092.000000 5475.000000 873.000000 299.000000 49.000000 36547.000000 2849.000000
974055 34.929002 7.083024 6442.000000 42988.000000 45842.000000 4730.000000 1248.000000 393.000000 71.000000 36546.000000 2854.000000
975055 37.755102 7.471138 6118.000000 42664.000000 45562.000000 3812.000000 1702.000000 506.000000 98.000000 36546.000000 2898.000000
976055 41.034760 7.902527 5711.000000 42258.000000 45264.000000 2736.000000 2254.000000 571.000000 150.000000 36547.000000 3006.000000
977055 44.290160 8.240167 5281.000000 41829.000000 44902.000000 1589.000000 2851.000000 627.000000 214.000000 36548.000000 3073.000000
978055 45.248756 8.158963 4889.000000 41438.000000 44589.000000 690.000000 3400.000000 487.000000 312.000000 36549.000000 3151.000000
979055 44.058711 7.777928 4615.000000 41162.000000 44382.000000 245.000000 3700.000000 232.000000 438.000000 36547.000000 3220.000000
980055 43.071112 7.477164 4400.000000 40950.000000 44228.000000 225.000000 3492.000000 29.000000 654.000000 36550.000000 3278.000000
981055 42.424638 7.352708 4418.000000 40970.000000 44215.000000 326.000000 3153.000000 6.000000 933.000000 36552.000000 3245.000000
982055 41.868602 7.298561 4489.000000 41041.000000 44269.000000 478.000000 2710.000000 3.000000 1298.000000 36552.000000 3228.000000
983055 41.139645 7.256502 4608.000000 41155.000000 44374.000000 718.000000 2159.000000 1.000000 1730.000000 36547.000000 3219.000000
984055 40.394274 7.227102 4749.000000 41298.000000 44513.000000 1010.000000 1499.000000 2.000000 2238.000000 36549.000000 3215.000000
985055 39.236791 7.171439 4972.000000 41529.000000 44733.000000 1477.000000 800.000000 4.000000 2691.000000 36557.000000 3204.000000
986055 37.790629 7.108447 5275.000000 41847.000000 45045.000000 2139.000000 246.000000 4.000000 2886.000000 36572.000000 3198.000000
987055 36.056274 6.998150 5644.000000 42242.000000 45412.000000 2933.000000 40.000000 8.000000 2663.000000 36598.000000 3170.000000
988055 34.017722 6.859135 6127.000000 42768.000000 45895.000000 3976.000000 23.000000 21.000000 2107.000000 36641.000000 3127.000000
989055 32.117163 6.730272 6626.000000 43328.000000 46432.000000 5116.000000 37.000000 21.000000 1452.000000 36702.000000 3104.000000
990055 30.412169 6.598812 7123.000000 43896.000000 46963.000000 6251.000000 54.000000 32.000000 786.000000 36773.000000 3067.000000
991055 29.015741 6.458694 7517.000000 44349.000000 47378.000000 7129.000000 94.000000 31.000000 263.000000 36832.000000 3029.000000
992055 28.779343 6.450459 7635.000000 44501.000000 47516.000000 7406.000000 136.000000 50.000000 43.000000 36866.000000 3015.000000
993055 29.023449 6.490197 7618.000000 44486.000000 47487.000000 7319.000000 211.000000 81.000000 7.000000 36868.000000 3001.000000
994055 29.660936 6.589025 7540.000000 44408.000000 47397.000000 7077.000000 322.000000 134.000000 7.000000 36868.000000 2989.000000
995055 30.306230 6.676536 7431.000000 44299.000000 47285.000000 6784.000000 459.000000 171.000000 17.000000 36868.000000 2986.000000
996055 31.274998 6.804049 7297.000000 44165.000000 47119.000000 6350.000000 670.000000 252.000000 25.000000 36868.000000 2954.000000
997055 33.386486 7.142553 7078.000000 43946.000000 46902.000000 5691.000000 952.000000 394.000000 41.000000 36868.000000 2956.000000
998055 35.393258 7.426379 6774.000000 43642.000000 46658.000000 4886.000000 1370.000000 449.000000 69.000000 36868.000000 3016.000000
999055 38.263530 7.825412 6407.000000 43277.000000 46349.000000 3855.000000 1899.000000 555.000000 98.000000 36870.000000 3072.000000
1000055 40.638718 8.053502 5987.000000 42855.000000 45980.000000 2759.000000 2497.000000 578.000000 153.000000 36868.000000 3125.000000
1001055 43.203939 8.273578 5563.000000 42433.000000 45603.000000 1587.000000 3143.000000 603.000000 230.000000 36870.000000 3170.000000
1002055 44.398093 8.230225 5157.000000 42027.000000 45260.000000 650.000000 3660.000000 492.000000 355.000000 36870.000000 3233.000000
1003055 42.771306 7.746979 4868.000000 41737.000000 45024.000000 254.000000 3908.000000 201.000000 505.000000 36869.000000 3287.000000
1004055 41.760722 7.425577 4688.000000 41559.000000 44845.000000 223.000000 3707.000000 44.000000 714.000000 36871.000000 3286.000000
1005055 40.924507 7.267941 4709.000000 41575.000000 44827.000000 335.000000 3310.000000 6.000000 1058.000000 36866.000000 3252.000000
1006055 40.385812 7.227654 4791.000000 41653.000000 44897.000000 512.000000 2838.000000 1.000000 1440.000000 36862.000000 3244.000000
1007055 39.737616 7.199662 4915.000000 41775.000000 45016.000000 771.000000 2220.000000 0.000000 1924.000000 36860.000000 3241.000000
1008055 38.874865 7.156926 5085.000000 41953.000000 45187.000000 1136.000000 1543.000000 0.000000 2406.000000 36868.000000 3234.000000
1009055 37.703383 7.093776 5323.000000 42186.000000 45406.000000 1612.000000 813.000000 1.000000 2897.000000 36863.000000 3220.000000
1010055 36.073882 6.999257 5682.000000 42565.000000 45762.000000 2371.000000 228.000000 6.000000 3077.000000 36883.000000 3197.000000
1011055 34.485366 6.915147 6078.000000 42993.000000 46174.000000 3230.000000 62.000000 12.000000 2774.000000 36915.000000 3181.000000
1012055 32.401890 6.755194 6589.000000 43545.000000 46690.000000 4355.000000 31.000000 9.000000 2194.000000 36956.000000 3145.000000
1013055 30.576245 6.605551 7101.000000 44130.000000 47233.000000 5520.000000 47.000000 17.000000 1517.000000 37029.000000 3103.000000
1014055 28.991479 6.478343 7620.000000 44731.000000 47790.000000 6714.000000 62.000000 37.000000 807.000000 37111.000000 3059.000000
1015055 27.844203 6.374155 8008.000000 45194.000000 48226.000000 7607.000000 97.000000 42.000000 262.000000 37186.000000 3032.000000
1016055 27.721088 6.401273 8142.000000 45351.000000 48381.000000 7880.000000 145.000000 67.000000 50.000000 37209.000000 3030.000000
1017055 28.298159 6.515985 8088.000000 45311.000000 48358.000000 7746.000000 227.000000 104.000000 11.000000 37223.000000 3047.000000
1018055 28.742081 6.578702 7992.000000 45219.000000 48277.000000 7512.000000 356.000000 118.000000 6.000000 37227.000000 3058.000000
1019055 29.596782 6.720787 7888.000000 45115.000000 48164.000000 7161.000000 520.000000 188.000000 19.000000 37227.000000 3049.000000
1020055 30.691509 6.895762 7743.000000 44970.000000 48015.000000 6683.000000 761.000000 266.000000 33.000000 37227.000000 3045.000000
1021055 33.094069 7.328091 7507.000000 44735.000000 47816.000000 5942.000000 1089.000000 423.000000 53.000000 37228.000000 3081.000000
1022055 34.855536 7.561735 7181.000000 44409.000000 47542.000000 5067.000000 1575.000000 462.000000 77.000000 37228.000000 3133.000000
1023055 37.586588 7.934052 6808.000000 44036.000000 47189.000000 3959.000000 2144.000000 591.000000 114.000000 37228.000000 3153.000000
1024055 40.175494 8.217071 6367.000000 43599.000000 46805.000000 2809.000000 2755.000000 640.000000 163.000000 37232.000000 3206.000000
1025055 42.855591 8.493410 5907.000000 43140.000000 46436.000000 1645.000000 3358.000000 648.000000 256.000000 37233.000000 3296.000000
1026055 43.940420 8.447954 5511.000000 42743.000000 46094.000000 663.000000 3927.000000 543.000000 378.000000 37232.000000 3351.000000
1027055 41.806601 7.870754 5224.000000 42455.000000 45866.000000 253.000000 4196.000000 199.000000 576.000000 37231.000000 3411.000000
1028055 40.748613 7.550927 5051.000000 42285.000000 45703.000000 257.000000 3935.000000 33.000000 826.000000 37234.000000 3418.000000
1029055 40.023725 7.388105 5061.000000 42299.000000 45668.000000 350.000000 3507.000000 5.000000 1199.000000 37238.000000 3369.000000
1030055 39.473684 7.343620 5153.000000 42395.000000 45754.000000 565.000000 2935.000000 1.000000 1652.000000 37242.000000 3359.000000
1031055 38.790612 7.311439 5295.000000 42533.000000 45887.000000 859.000000 2310.000000 1.000000 2125.000000 37238.000000 3354.000000
1032055 37.939243 7.264558 5476.000000 42727.000000 46073.000000 1262.000000 1601.000000 1.000000 2612.000000 37251.000000 3346.000000
1033055 36.822347 7.198049 5725.000000 43000.000000 46332.000000 1814.000000 858.000000 3.000000 3050.000000 37275.000000 3332.000000
1034055 35.326029 7.110892 6085.000000 43387.000000 46703.000000 2610.000000 227.000000 5.000000 3243.000000 37302.000000 3316.000000
1035055 33.625165 7.001441 6538.000000 43891.000000 47176.000000 3632.000000 29.000000 18.000000 2859.000000 37353.000000 3285.000000
1036055 31.797818 6.846873 7021.000000 44439.000000 47686.000000 4740.000000 20.000000 18.000000 2243.000000 37418.000000 3247.000000
1037055 30.092463 6.681459 7503.000000 45019.000000 48223.000000 5902.000000 41.000000 18.000000 1542.000000 37516.000000 3204.000000
1038055 28.807620 6.576006 7957.000000 45581.000000 48753.000000 7010.000000 60.000000 34.000000 853.000000 37624.000000 3172.000000
1039055 27.733866 6.485883 8359.000000 46076.000000 49230.000000 7979.000000 100.000000 39.000000 241.000000 37717.000000 3154.000000
1040055 27.500646 6.467037 8479.000000 46230.000000 49358.000000 8236.000000 151.000000 64.000000 28.000000 37751.000000 3128.000000
1041055 28.166090 6.602454 8430.000000 46185.000000 49315.000000 8059.000000 236.000000 126.000000 9.000000 37755.000000 3130.000000
1042055 28.779425 6.705942 8321.000000 46076.000000 49225.000000 7791.000000 373.000000 152.000000 5.000000 37755.000000 3149.000000
1043055 29.832746 6.900132 8206.000000 45961.000000 49115.000000 7391.000000 568.000000 235.000000 12.000000 37755.000000 3154.000000
1044055 31.138045 7.134107 8001.000000 45756.000000 48976.000000 6867.000000 831.000000 274.000000 29.000000 37755.000000 3220.000000
1045055 33.667243 7.585768 7771.000000 45526.000000 48736.000000 6040.000000 1200.000000 487.000000 44.000000 37755.000000 3210.000000
1046055 35.771825 7.885445 7398.000000 45153.000000 48431.000000 5057.000000 1726.000000 541.000000 74.000000 37755.000000 3278.000000
1047055 38.639219 8.311678 6953.000000 44707.000000 48101.000000 3968.000000 2269.000000 604.000000 112.000000 37754.000000 3394.000000
1048055 40.895372 8.523442 6482.000000 44234.000000 47692.000000 2808.000000 2887.000000 607.000000 180.000000 37752.000000 3458.000000
1049055 43.723806 8.823343 6049.000000 43800.000000 47295.000000 1643.000000 3467.000000 678.000000 261.000000 37751.000000 3495.000000
1050055 45.090593 8.848389 5585.000000 43337.000000 46969.000000 636.000000 3997.000000 524.000000 428.000000 37752.000000 3632.000000
1051055 43.110764 8.265011 5271.000000 43030.000000 46715.000000 235.000000 4232.000000 176.000000 628.000000 37759.000000 3685.000000
1052055 42.284160 8.012022 5124.000000 42878.000000 46580.000000 241.000000 3964.000000 30.000000 889.000000 37754.000000 3702.000000
1053055 41.541950 7.867050 5162.000000 42916.000000 46574.000000 374.000000 3460.000000 6.000000 1322.000000 37754.000000 3658.000000
1054055 40.974019 7.809887 5248.000000 43003.000000 46646.000000 575.000000 2902.000000 0.000000 1771.000000 37755.000000 3643.000000
1055055 40.252548 7.766617 5394.000000 43156.000000 46790.000000 893.000000 2261.000000 0.000000 2240.000000 37762.000000 3634.000000
1056055 39.171802 7.706543 5626.000000 43389.000000 47012.000000 1380.000000 1560.000000 0.000000 2686.000000 37763.000000 3623.000000
1057055 38.040042 7.636171 5883.000000 43668.000000 47275.000000 1946.000000 856.000000 3.000000 3078.000000 37785.000000 3607.000000
1058055 36.274411 7.515251 6300.000000 44120.000000 47703.000000 2878.000000 229.000000 2.000000 3191.000000 37820.000000 3583.000000
1059055 34.467054 7.383344 6775.000000 44631.000000 48176.000000 3894.000000 45.000000 12.000000 2824.000000 37856.000000 3545.000000
1060055 32.707501 7.229584 7256.000000 45172.000000 48675.000000 4995.000000 29.000000 16.000000 2216.000000 37916.000000 3503.000000
1061055 31.179350 7.114857 7753.000000 45753.000000 49235.000000 6176.000000 40.000000 21.000000 1516.000000 38000.000000 3482.000000
1062055 29.703647 6.985479 8260.000000 46340.000000 49789.000000 7342.000000 64.000000 29.000000 825.000000 38080.000000 3449.000000
1063055 28.738686 6.891539 8627.000000 46805.000000 50221.000000 8231.000000 99.000000 45.000000 252.000000 38178.000000 3416.000000
1064055 28.799605 6.945713 8739.000000 46955.000000 50362.000000 8451.000000 159.000000 91.000000 38.000000 38216.000000 3407.000000
1065055 29.007697 6.967775 8693.000000 46913.000000 50303.000000 8310.000000 255.000000 115.000000 13.000000 38220.000000 3390.000000
1066055 29.820759 7.123228 8592.000000 46813.000000 50216.000000 7996.000000 412.000000 174.000000 10.000000 38221.000000 3403.000000
1067055 31.046688 7.355055 8446.000000 46668.000000 50088.000000 7510.000000 653.000000 264.000000 19.000000 38222.000000 3420.000000
1068055 31.769851 7.427231 8262.000000 46484.000000 49884.000000 6984.000000 943.000000 305.000000 30.000000 38222.000000 3400.000000
1069055 34.653118 7.969861 7975.000000 46196.000000 49637.000000 6071.000000 1344.000000 515.000000 45.000000 38221.000000 3441.000000
1070055 36.754220 8.259635 7550.000000 45771.000000 49300.000000 5045.000000 1888.000000 543.000000 74.000000 38221.000000 3529.000000
1071055 39.082397 8.535613 7128.000000 45349.000000 48901.000000 3931.000000 2459.000000 622.000000 116.000000 38221.000000 3552.000000
1072055 40.871511 8.663739 6675.000000 44895.000000 48501.000000 2764.000000 3133.000000 596.000000 182.000000 38220.000000 3606.000000
1073055 43.160569 8.836871 6230.000000 44450.000000 48060.000000 1610.000000 3681.000000 637.000000 302.000000 38220.000000 3610.000000
1074055 43.929965 8.731656 5827.000000 44046.000000 47700.000000 653.000000 4194.000000 511.000000 469.000000 38219.000000 3654.000000
1075055 41.956451 8.162448 5535.000000 43753.000000 47449.000000 274.000000 4331.000000 177.000000 753.000000 38218.000000 3696.000000
1076055 41.113679 7.897685 5383.000000 43601.000000 47305.000000 275.000000 4069.000000 32.000000 1007.000000 38218.000000 3704.000000
1077055 40.400484 7.761737 5419.000000 43639.000000 47309.000000 417.000000 3560.000000 2.000000 1440.000000 38220.000000 3670.000000
1078055 39.742891 7.696365 5533.000000 43753.000000 47399.000000 656.000000 2958.000000 2.000000 1917.000000 38220.000000 3646.000000
1079055 38.970903 7.658510 5707.000000 43927.000000 47568.000000 1026.000000 2280.000000 2.000000 2399.000000 38220.000000 3641.000000
1080055 37.667463 7.579779 6005.000000 44227.000000 47851.000000 1640.000000 1562.000000 3.000000 2800.000000 38222.000000 3624.000000
1081055 36.565881 7.513922 6275.000000 44510.000000 48124.000000 2229.000000 848.000000 2.000000 3196.000000 38235.000000 3614.000000
1082055 34.928648 7.409543 6710.000000 44968.000000 48559.000000 3157.000000 251.000000 7.000000 3295.000000 38258.000000 3591.000000
1083055 33.193863 7.275914 7196.000000 45507.000000 49066.000000 4247.000000 59.000000 11.000000 2879.000000 38311.000000 3559.000000
1084055 31.458074 7.123707 7712.000000 46087.000000 49609.000000 5431.000000 40.000000 12.000000 2229.000000 38375.000000 3522.000000
1085055 29.728576 6.939768 8254.000000 46727.000000 50189.000000 6700.000000 57.000000 21.000000 1476.000000 38473.000000 3462.000000
1086055 28.543226 6.841618 8720.000000 47282.000000 50719.000000 7796.000000 84.000000 33.000000 807.000000 38562.000000 3437.000000
1087055 27.691693 6.776779 9107.000000 47747.000000 51160.000000 8692.000000 119.000000 54.000000 242.000000 38640.000000 3413.000000
1088055 27.695477 6.816276 9210.000000 47876.000000 51289.000000 8889.000000 189.000000 83.000000 49.000000 38666.000000 3413.000000
1089055 28.175961 6.911489 9156.000000 47833.000000 51248.000000 8707.000000 304.000000 127.000000 18.000000 38677.000000 3415.000000
1090055 29.190056 7.116742 9049.000000 47726.000000 51147.000000 8340.000000 474.000000 219.000000 16.000000 38677.000000 3421.000000
1091055 30.634431 7.403341 8859.000000 47537.000000 51004.000000 7772.000000 753.000000 309.000000 25.000000 38678.000000 3467.000000
1092055 31.666667 7.555416 8612.000000 47290.000000 50798.000000 7151.000000 1090.000000 330.000000 41.000000 38678.000000 3508.000000
1093055 34.018361 7.989793 8311.000000 46990.000000 50552.000000 6265.000000 1508.000000 477.000000 61.000000 38679.000000 3562.000000
1094055 36.146885 8.279849 7935.000000 46613.000000 50170.000000 5182.000000 2066.000000 597.000000 90.000000 38678.000000 3557.000000
1095055 38.047199 8.485335 7476.000000 46154.000000 49780.000000 3994.000000 2748.000000 598.000000 136.000000 38678.000000 3626.000000
1096055 40.315315 8.708343 7007.000000 45683.000000 49332.000000 2766.000000 3379.000000 647.000000 215.000000 38676.000000 3649.000000
1097055 42.436035 8.909860 6535.000000 45213.000000 48957.000000 1622.000000 3953.000000 618.000000 342.000000 38678.000000 3744.000000
1098055 43.812305 8.951017 6092.000000 44770.000000 48609.000000 683.000000 4345.000000 512.000000 552.000000 38678.000000 3839.000000
1099055 42.440182 8.506108 5783.000000 44464.000000 48377.000000 311.000000 4432.000000 202.000000 838.000000 38681.000000 3913.000000
