768046 0.137662 0.030000 8717.000000 40000.000000 40000.000000 4947.000000 863.000000 12.000000 2895.000000 31283.000000 0.000000
769046 0.297449 0.064415 8734.000000 40356.000000 40363.000000 5638.000000 617.000000 19.000000 2460.000000 31622.000000 7.000000
770046 0.660291 0.142478 8766.000000 40690.000000 40708.000000 6263.000000 428.000000 40.000000 2035.000000 31924.000000 18.000000
771046 1.346306 0.289989 8786.000000 40983.000000 41036.000000 6799.000000 335.000000 66.000000 1586.000000 32197.000000 53.000000
772046 2.476255 0.530164 8723.000000 41187.000000 41308.000000 7169.000000 308.000000 98.000000 1148.000000 32464.000000 121.000000
773046 4.132046 0.885978 8694.000000 41324.000000 41536.000000 7369.000000 370.000000 156.000000 799.000000 32630.000000 212.000000
774046 6.207283 1.329366 8561.000000 41310.000000 41674.000000 7310.000000 495.000000 190.000000 566.000000 32749.000000 364.000000
775046 9.410976 2.014210 8384.000000 41240.000000 41803.000000 7076.000000 669.000000 279.000000 360.000000 32856.000000 563.000000
776046 12.806783 2.740642 8127.000000 41051.000000 41888.000000 6660.000000 914.000000 311.000000 242.000000 32924.000000 837.000000
777046 17.599198 3.764992 7800.000000 40767.000000 41939.000000 6025.000000 1191.000000 407.000000 177.000000 32967.000000 1172.000000
778046 22.662953 4.846319 7366.000000 40361.000000 41970.000000 5256.000000 1527.000000 425.000000 158.000000 32995.000000 1609.000000
779046 27.017387 5.774041 6971.000000 39980.000000 41981.000000 4529.000000 1819.000000 423.000000 200.000000 33009.000000 2001.000000
780046 30.931165 6.612220 6579.000000 39599.000000 41998.000000 3843.000000 2104.000000 378.000000 254.000000 33020.000000 2399.000000
781046 35.052350 7.490182 6223.000000 39260.000000 42015.000000 3124.000000 2373.000000 392.000000 334.000000 33037.000000 2755.000000
782046 38.420408 8.206043 5893.000000 38946.000000 42030.000000 2480.000000 2556.000000 365.000000 492.000000 33053.000000 3084.000000
783046 41.330510 8.820662 5581.000000 38656.000000 42049.000000 1936.000000 2644.000000 316.000000 685.000000 33075.000000 3393.000000
784046 44.013378 9.382352 5308.000000 38417.000000 42079.000000 1453.000000 2663.000000 286.000000 906.000000 33109.000000 3662.000000
785046 44.721326 9.541668 5131.000000 38273.000000 42131.000000 1255.000000 2565.000000 162.000000 1149.000000 33142.000000 3858.000000
786046 46.082795 9.815587 5021.000000 38223.000000 42188.000000 1064.000000 2361.000000 176.000000 1420.000000 33202.000000 3965.000000
787046 46.111111 9.813427 4953.000000 38242.000000 42289.000000 1097.000000 2175.000000 103.000000 1578.000000 33289.000000 4047.000000
788046 45.905459 9.754775 4946.000000 38344.000000 42410.000000 1273.000000 1886.000000 71.000000 1716.000000 33398.000000 4066.000000
789046 45.314052 9.641582 4991.000000 38508.000000 42576.000000 1613.000000 1540.000000 37.000000 1801.000000 33517.000000 4068.000000
790046 44.633450 9.510336 5062.000000 38714.000000 42764.000000 2015.000000 1204.000000 17.000000 1826.000000 33652.000000 4050.000000
791046 44.098432 9.420576 5153.000000 38960.000000 42991.000000 2474.000000 931.000000 19.000000 1729.000000 33807.000000 4031.000000
792046 43.547341 9.327900 5241.000000 39182.000000 43193.000000 2876.000000 695.000000 18.000000 1652.000000 33941.000000 4011.000000
793046 43.479668 9.291658 5260.000000 39372.000000 43383.000000 3240.000000 549.000000 20.000000 1451.000000 34112.000000 4011.000000
794046 42.912206 9.193082 5344.000000 39602.000000 43598.000000 3690.000000 390.000000 12.000000 1252.000000 34258.000000 3996.000000
795046 42.634833 9.138471 5417.000000 39806.000000 43771.000000 4059.000000 284.000000 35.000000 1039.000000 34389.000000 3965.000000
796046 42.142705 9.043474 5495.000000 39965.000000 43888.000000 4359.000000 254.000000 46.000000 836.000000 34470.000000 3923.000000
797046 41.639310 8.940631 5578.000000 40114.000000 43979.000000 4627.000000 265.000000 67.000000 619.000000 34536.000000 3865.000000
798046 41.526506 8.872765 5598.000000 40170.000000 43966.000000 4706.000000 319.000000 105.000000 468.000000 34572.000000 3796.000000
799046 41.352252 8.764495 5617.000000 40207.000000 43893.000000 4730.000000 397.000000 161.000000 329.000000 34590.000000 3686.000000
800046 41.146232 8.599643 5562.000000 40165.000000 43746.000000 4617.000000 543.000000 181.000000 221.000000 34603.000000 3581.000000
801046 41.374269 8.458249 5432.000000 40036.000000 43496.000000 4373.000000 677.000000 219.000000 163.000000 34604.000000 3460.000000
802046 41.576725 8.217399 5234.000000 39838.000000 43128.000000 4004.000000 833.000000 254.000000 143.000000 34604.000000 3290.000000
803046 41.774786 7.979146 4997.000000 39601.000000 42774.000000 3621.000000 984.000000 240.000000 152.000000 34604.000000 3173.000000
804046 41.598361 7.658391 4793.000000 39396.000000 42411.000000 3257.000000 1134.000000 233.000000 169.000000 34603.000000 3015.000000
805046 42.885665 7.649936 4574.000000 39179.000000 42118.000000 2795.000000 1297.000000 283.000000 199.000000 34605.000000 2939.000000
806046 43.722284 7.544598 4341.000000 38943.000000 41818.000000 2343.000000 1451.000000 280.000000 267.000000 34602.000000 2875.000000
807046 44.299441 7.430482 4145.000000 38744.000000 41572.000000 1943.000000 1554.000000 261.000000 387.000000 34599.000000 2828.000000
808046 45.142267 7.399889 3945.000000 38541.000000 41379.000000 1589.000000 1626.000000 224.000000 506.000000 34596.000000 2838.000000
809046 45.316494 7.306844 3810.000000 38408.000000 41249.000000 1338.000000 1665.000000 173.000000 634.000000 34598.000000 2841.000000
810046 45.519225 7.298189 3759.000000 38355.000000 41202.000000 1152.000000 1688.000000 160.000000 759.000000 34596.000000 2847.000000
811046 45.577098 7.303221 3737.000000 38336.000000 41201.000000 1040.000000 1698.000000 144.000000 855.000000 34599.000000 2865.000000
812046 44.609387 7.206007 3786.000000 38402.000000 41285.000000 1118.000000 1632.000000 92.000000 944.000000 34616.000000 2883.000000
813046 43.364789 7.104208 3898.000000 38514.000000 41398.000000 1325.000000 1509.000000 57.000000 1007.000000 34616.000000 2884.000000
814046 42.199452 7.037813 4038.000000 38656.000000 41547.000000 1591.000000 1327.000000 33.000000 1087.000000 34618.000000 2891.000000
815046 41.279234 7.024021 4203.000000 38819.000000 41714.000000 1886.000000 1141.000000 35.000000 1141.000000 34616.000000 2895.000000
816046 40.247763 6.981353 4371.000000 38989.000000 41883.000000 2185.000000 956.000000 30.000000 1200.000000 34618.000000 2894.000000
817046 39.303416 6.971108 4549.000000 39172.000000 42088.000000 2586.000000 774.000000 18.000000 1171.000000 34623.000000 2916.000000
818046 38.777110 7.019535 4720.000000 39348.000000 42282.000000 2945.000000 577.000000 34.000000 1164.000000 34628.000000 2934.000000
819046 38.096447 7.061536 4929.000000 39561.000000 42512.000000 3371.000000 406.000000 51.000000 1101.000000 34632.000000 2951.000000
820046 37.212466 7.045353 5119.000000 39742.000000 42709.000000 3765.000000 325.000000 42.000000 987.000000 34623.000000 2967.000000
821046 36.621082 7.056080 5299.000000 39921.000000 42885.000000 4114.000000 309.000000 62.000000 814.000000 34622.000000 2964.000000
822046 36.384221 7.098184 5426.000000 40046.000000 43011.000000 4359.000000 310.000000 88.000000 669.000000 34620.000000 2965.000000
823046 36.615057 7.189603 5507.000000 40136.000000 43090.000000 4509.000000 327.000000 144.000000 527.000000 34629.000000 2954.000000
824046 36.943953 7.263490 5520.000000 40151.000000 43106.000000 4559.000000 415.000000 176.000000 370.000000 34631.000000 2955.000000
825046 36.984013 7.205783 5459.000000 40098.000000 43021.000000 4511.000000 515.000000 177.000000 256.000000 34639.000000 2923.000000
826046 37.675155 7.216375 5312.000000 39952.000000 42847.000000 4279.000000 638.000000 197.000000 198.000000 34640.000000 2895.000000
827046 38.124299 7.174331 5167.000000 39804.000000 42666.000000 4036.000000 761.000000 199.000000 171.000000 34637.000000 2862.000000
828046 38.962529 7.195311 5030.000000 39670.000000 42486.000000 3728.000000 917.000000 241.000000 144.000000 34640.000000 2816.000000
829046 39.656529 7.156545 4823.000000 39464.000000 42269.000000 3383.000000 1042.000000 220.000000 178.000000 34641.000000 2805.000000
830046 40.977393 7.201999 4621.000000 39264.000000 42030.000000 2923.000000 1217.000000 261.000000 220.000000 34643.000000 2766.000000
831046 42.461367 7.292115 4380.000000 39023.000000 41826.000000 2479.000000 1355.000000 247.000000 299.000000 34643.000000 2803.000000
832046 43.554157 7.312386 4203.000000 38842.000000 41628.000000 2060.000000 1495.000000 258.000000 390.000000 34639.000000 2786.000000
833046 44.306569 7.314663 4019.000000 38661.000000 41492.000000 1723.000000 1624.000000 204.000000 468.000000 34642.000000 2831.000000
834046 45.281908 7.423676 3919.000000 38561.000000 41435.000000 1469.000000 1694.000000 202.000000 554.000000 34642.000000 2874.000000
835046 46.091205 7.519869 3833.000000 38476.000000 41397.000000 1216.000000 1755.000000 192.000000 670.000000 34643.000000 2921.000000
836046 45.602125 7.459264 3815.000000 38464.000000 41425.000000 1127.000000 1798.000000 129.000000 761.000000 34649.000000 2961.000000
837046 44.710695 7.374027 3862.000000 38515.000000 41497.000000 1198.000000 1737.000000 78.000000 849.000000 34653.000000 2982.000000
838046 44.240232 7.353153 3923.000000 38587.000000 41574.000000 1276.000000 1602.000000 70.000000 975.000000 34664.000000 2987.000000
839046 43.341404 7.299988 4032.000000 38696.000000 41685.000000 1438.000000 1459.000000 54.000000 1081.000000 34664.000000 2989.000000
840046 41.967030 7.180934 4180.000000 38855.000000 41833.000000 1715.000000 1269.000000 26.000000 1170.000000 34675.000000 2978.000000
841046 41.128922 7.151024 4323.000000 39004.000000 41980.000000 2029.000000 1056.000000 26.000000 1212.000000 34681.000000 2976.000000
842046 39.933110 7.082019 4511.000000 39185.000000 42149.000000 2420.000000 825.000000 21.000000 1245.000000 34674.000000 2964.000000
843046 38.836601 7.018165 4710.000000 39393.000000 42333.000000 2818.000000 623.000000 31.000000 1238.000000 34683.000000 2940.000000
844046 37.789137 6.955683 4908.000000 39595.000000 42512.000000 3225.000000 465.000000 40.000000 1178.000000 34687.000000 2917.000000
845046 37.174536 6.984855 5112.000000 39806.000000 42721.000000 3635.000000 377.000000 69.000000 1031.000000 34694.000000 2915.000000
846046 36.169166 6.867734 5239.000000 39943.000000 42838.000000 3963.000000 318.000000 47.000000 911.000000 34704.000000 2895.000000
847046 35.590953 6.816488 5386.000000 40102.000000 42940.000000 4243.000000 286.000000 89.000000 768.000000 34716.000000 2838.000000
848046 35.369542 6.800474 5480.000000 40210.000000 42997.000000 4440.000000 331.000000 137.000000 572.000000 34730.000000 2787.000000
849046 34.700048 6.672714 5515.000000 40243.000000 42996.000000 4586.000000 410.000000 116.000000 403.000000 34728.000000 2753.000000
850046 34.507557 6.593995 5517.000000 40246.000000 42933.000000 4591.000000 497.000000 144.000000 285.000000 34729.000000 2687.000000
851046 34.954332 6.611262 5437.000000 40171.000000 42836.000000 4470.000000 597.000000 167.000000 203.000000 34734.000000 2665.000000
852046 35.386352 6.605320 5340.000000 40076.000000 42708.000000 4280.000000 729.000000 189.000000 142.000000 34736.000000 2632.000000
853046 36.418331 6.686566 5180.000000 39916.000000 42548.000000 3970.000000 849.000000 213.000000 148.000000 34736.000000 2632.000000
854046 37.956012 6.808410 4969.000000 39706.000000 42330.000000 3520.000000 998.000000 258.000000 193.000000 34737.000000 2624.000000
855046 38.843758 6.811329 4765.000000 39500.000000 42121.000000 3112.000000 1173.000000 248.000000 232.000000 34735.000000 2621.000000
856046 40.640599 6.987555 4581.000000 39315.000000 41946.000000 2637.000000 1352.000000 300.000000 292.000000 34734.000000 2631.000000
857046 40.993612 6.912729 4388.000000 39121.000000 41778.000000 2243.000000 1553.000000 231.000000 361.000000 34733.000000 2657.000000
858046 42.042172 6.988357 4254.000000 38985.000000 41655.000000 1880.000000 1706.000000 241.000000 427.000000 34731.000000 2670.000000
859046 42.527055 6.995261 4148.000000 38881.000000 41571.000000 1566.000000 1845.000000 218.000000 519.000000 34733.000000 2690.000000
860046 42.504409 6.962300 4081.000000 38815.000000 41538.000000 1329.000000 1954.000000 169.000000 629.000000 34734.000000 2723.000000
861046 42.136150 6.912320 4090.000000 38823.000000 41549.000000 1222.000000 2004.000000 146.000000 718.000000 34733.000000 2726.000000
862046 41.634015 6.892658 4140.000000 38873.000000 41624.000000 1209.000000 1965.000000 118.000000 848.000000 34733.000000 2751.000000
863046 40.996992 6.861170 4208.000000 38940.000000 41713.000000 1263.000000 1875.000000 89.000000 981.000000 34732.000000 2773.000000
864046 39.943543 6.766935 4302.000000 39038.000000 41821.000000 1419.000000 1689.000000 47.000000 1147.000000 34736.000000 2783.000000
865046 38.829053 6.698907 4445.000000 39180.000000 41977.000000 1759.000000 1433.000000 15.000000 1238.000000 34735.000000 2797.000000
866046 37.921691 6.645772 4603.000000 39339.000000 42117.000000 2063.000000 1161.000000 21.000000 1358.000000 34736.000000 2778.000000
867046 37.039968 6.634220 4817.000000 39562.000000 42326.000000 2476.000000 913.000000 44.000000 1384.000000 34745.000000 2764.000000
868046 36.130446 6.592967 4997.000000 39754.000000 42515.000000 2873.000000 683.000000 42.000000 1399.000000 34757.000000 2761.000000
869046 34.956085 6.519704 5237.000000 39999.000000 42732.000000 3365.000000 496.000000 53.000000 1323.000000 34762.000000 2733.000000
870046 34.121414 6.458756 5400.000000 40182.000000 42903.000000 3758.000000 361.000000 50.000000 1231.000000 34782.000000 2721.000000
871046 33.240864 6.396064 5612.000000 40410.000000 43089.000000 4196.000000 267.000000 77.000000 1072.000000 34798.000000 2679.000000
872046 32.778108 6.374216 5743.000000 40559.000000 43221.000000 4504.000000 284.000000 93.000000 862.000000 34816.000000 2662.000000
873046 32.328703 6.337996 5853.000000 40685.000000 43326.000000 4770.000000 357.000000 105.000000 621.000000 34832.000000 2641.000000
874046 32.077907 6.303897 5932.000000 40779.000000 43370.000000 4942.000000 415.000000 143.000000 432.000000 34847.000000 2591.000000
875046 31.932872 6.271319 5934.000000 40801.000000 43388.000000 5037.000000 497.000000 134.000000 266.000000 34867.000000 2587.000000
876046 32.329222 6.293722 5878.000000 40759.000000 43313.000000 4938.000000 602.000000 172.000000 166.000000 34881.000000 2554.000000
877046 32.951393 6.327883 5768.000000 40651.000000 43174.000000 4686.000000 729.000000 209.000000 144.000000 34883.000000 2523.000000
878046 34.202397 6.440954 5577.000000 40459.000000 42975.000000 4272.000000 896.000000 252.000000 157.000000 34882.000000 2516.000000
879046 35.579719 6.575381 5371.000000 40258.000000 42796.000000 3849.000000 1057.000000 276.000000 189.000000 34887.000000 2538.000000
880046 36.960746 6.696397 5156.000000 40042.000000 42605.000000 3361.000000 1262.000000 290.000000 243.000000 34886.000000 2563.000000
881046 37.909972 6.730316 4950.000000 39839.000000 42420.000000 2895.000000 1490.000000 274.000000 291.000000 34889.000000 2581.000000
882046 39.450535 6.894839 4783.000000 39672.000000 42278.000000 2422.000000 1690.000000 309.000000 362.000000 34889.000000 2606.000000
883046 40.052284 6.905796 4625.000000 39510.000000 42153.000000 2001.000000 1924.000000 268.000000 432.000000 34885.000000 2643.000000
884046 40.774677 6.976413 4522.000000 39418.000000 42099.000000 1625.000000 2118.000000 256.000000 523.000000 34896.000000 2681.000000
885046 40.810661 6.983871 4479.000000 39372.000000 42097.000000 1363.000000 2271.000000 215.000000 630.000000 34893.000000 2725.000000
886046 40.563419 6.942663 4454.000000 39350.000000 42102.000000 1190.000000 2318.000000 171.000000 775.000000 34896.000000 2752.000000
887046 39.950372 6.874303 4488.000000 39391.000000 42157.000000 1128.000000 2323.000000 132.000000 905.000000 34903.000000 2766.000000
888046 38.758527 6.726808 4558.000000 39462.000000 42234.000000 1200.000000 2182.000000 69.000000 1107.000000 34904.000000 2772.000000
889046 37.801103 6.633918 4639.000000 39551.000000 42343.000000 1456.000000 1896.000000 17.000000 1270.000000 34912.000000 2792.000000
890046 37.012645 6.611142 4812.000000 39724.000000 42504.000000 1785.000000 1580.000000 30.000000 1417.000000 34912.000000 2780.000000
891046 36.124710 6.569668 4986.000000 39905.000000 42681.000000 2157.000000 1258.000000 28.000000 1543.000000 34919.000000 2776.000000
892046 35.240736 6.523717 5170.000000 40095.000000 42859.000000 2552.000000 933.000000 32.000000 1653.000000 34925.000000 2764.000000
893046 34.114328 6.453484 5408.000000 40349.000000 43093.000000 3061.000000 673.000000 37.000000 1637.000000 34941.000000 2744.000000
894046 33.102046 6.386318 5631.000000 40599.000000 43327.000000 3579.000000 444.000000 39.000000 1569.000000 34968.000000 2728.000000
895046 32.280702 6.337980 5853.000000 40850.000000 43547.000000 4066.000000 271.000000 63.000000 1453.000000 34997.000000 2697.000000
896046 31.606693 6.302992 6059.000000 41090.000000 43757.000000 4540.000000 242.000000 91.000000 1186.000000 35031.000000 2667.000000
897046 30.426966 6.161267 6290.000000 41342.000000 43952.000000 5034.000000 301.000000 98.000000 857.000000 35052.000000 2610.000000
898046 29.930163 6.122866 6426.000000 41502.000000 44097.000000 5394.000000 336.000000 105.000000 591.000000 35076.000000 2595.000000
899046 29.619027 6.088315 6516.000000 41617.000000 44183.000000 5600.000000 419.000000 124.000000 373.000000 35101.000000 2566.000000
900046 29.809702 6.129696 6547.000000 41667.000000 44211.000000 5700.000000 494.000000 166.000000 187.000000 35120.000000 2544.000000
901046 30.561122 6.222514 6451.000000 41583.000000 44114.000000 5494.000000 611.000000 214.000000 132.000000 35132.000000 2531.000000
902046 31.376334 6.288120 6278.000000 41412.000000 43940.000000 5126.000000 772.000000 235.000000 145.000000 35134.000000 2528.000000
903046 31.987470 6.300706 6078.000000 41216.000000 43757.000000 4749.000000 948.000000 216.000000 165.000000 35138.000000 2541.000000
904046 33.777672 6.517845 5885.000000 41025.000000 43542.000000 4212.000000 1147.000000 321.000000 205.000000 35140.000000 2517.000000
905046 35.113111 6.657903 5666.000000 40806.000000 43362.000000 3686.000000 1406.000000 331.000000 243.000000 35140.000000 2556.000000
906046 36.117325 6.728721 5469.000000 40611.000000 43188.000000 3143.000000 1708.000000 329.000000 289.000000 35142.000000 2577.000000
907046 37.184662 6.844989 5298.000000 40438.000000 43068.000000 2580.000000 2039.000000 318.000000 361.000000 35140.000000 2630.000000
908046 38.353182 6.972251 5152.000000 40299.000000 42956.000000 2032.000000 2344.000000 338.000000 438.000000 35147.000000 2657.000000
909046 39.037295 7.051775 5028.000000 40176.000000 42897.000000 1594.000000 2582.000000 304.000000 548.000000 35148.000000 2721.000000
910046 38.950777 7.014065 4953.000000 40104.000000 42871.000000 1276.000000 2746.000000 240.000000 691.000000 35151.000000 2767.000000
911046 39.123125 7.053584 4910.000000 40064.000000 42886.000000 1010.000000 2855.000000 203.000000 842.000000 35154.000000 2822.000000
912046 37.520852 6.808550 4952.000000 40105.000000 42946.000000 1037.000000 2772.000000 83.000000 1060.000000 35153.000000 2841.000000
913046 36.772386 6.712236 4988.000000 40148.000000 43011.000000 1219.000000 2459.000000 24.000000 1286.000000 35160.000000 2863.000000
914046 36.098233 6.677019 5125.000000 40292.000000 43148.000000 1505.000000 2082.000000 25.000000 1513.000000 35167.000000 2856.000000
915046 35.407699 6.647272 5283.000000 40463.000000 43311.000000 1856.000000 1658.000000 31.000000 1738.000000 35180.000000 2848.000000
916046 34.386260 6.581761 5494.000000 40667.000000 43499.000000 2275.000000 1250.000000 31.000000 1938.000000 35173.000000 2832.000000
917046 33.321662 6.525565 5746.000000 40929.000000 43751.000000 2834.000000 868.000000 33.000000 2011.000000 35183.000000 2822.000000
918046 32.370008 6.465027 5993.000000 41210.000000 44006.000000 3390.000000 559.000000 49.000000 1995.000000 35217.000000 2796.000000
919046 31.169118 6.361892 6268.000000 41522.000000 44295.000000 4038.000000 288.000000 45.000000 1897.000000 35254.000000 2773.000000
920046 30.217298 6.296936 6545.000000 41858.000000 44609.000000 4707.000000 218.000000 58.000000 1562.000000 35313.000000 2751.000000
921046 29.200463 6.178811 6793.000000 42163.000000 44863.000000 5311.000000 246.000000 72.000000 1164.000000 35370.000000 2700.000000
922046 28.238100 6.042517 7002.000000 42423.000000 45064.000000 5819.000000 297.000000 82.000000 804.000000 35421.000000 2641.000000
923046 27.670251 5.973779 7167.000000 42633.000000 45231.000000 6193.000000 362.000000 104.000000 508.000000 35466.000000 2598.000000
924046 27.254244 5.912058 7282.000000 42793.000000 45348.000000 6474.000000 454.000000 126.000000 228.000000 35511.000000 2555.000000
925046 27.577741 5.950778 7237.000000 42766.000000 45305.000000 6411.000000 547.000000 157.000000 122.000000 35529.000000 2539.000000
926046 28.206194 6.010009 7109.000000 42645.000000 45158.000000 6083.000000 700.000000 201.000000 125.000000 35536.000000 2513.000000
927046 29.356241 6.155899 6937.000000 42473.000000 44965.000000 5637.000000 876.000000 276.000000 148.000000 35536.000000 2492.000000
928046 30.753454 6.358807 6732.000000 42272.000000 44804.000000 5131.000000 1124.000000 317.000000 160.000000 35540.000000 2532.000000
929046 32.124696 6.516864 6499.000000 42045.000000 44592.000000 4531.000000 1400.000000 359.000000 209.000000 35546.000000 2547.000000
930046 33.472709 6.671472 6257.000000 41806.000000 44398.000000 3872.000000 1752.000000 370.000000 263.000000 35549.000000 2592.000000
931046 35.011494 6.883460 6049.000000 41600.000000 44251.000000 3195.000000 2131.000000 395.000000 328.000000 35551.000000 2651.000000
932046 36.414631 7.063677 5835.000000 41391.000000 44113.000000 2538.000000 2506.000000 394.000000 397.000000 35556.000000 2722.000000
933046 37.590333 7.211528 5665.000000 41223.000000 43999.000000 1905.000000 2859.000000 397.000000 504.000000 35558.000000 2776.000000
934046 37.807499 7.205772 5531.000000 41094.000000 43937.000000 1428.000000 3143.000000 323.000000 637.000000 35563.000000 2843.000000
935046 37.814824 7.181251 5460.000000 41028.000000 43906.000000 1022.000000 3349.000000 275.000000 814.000000 35568.000000 2878.000000
936046 36.095170 6.871046 5471.000000 41045.000000 43938.000000 960.000000 3350.000000 126.000000 1035.000000 35574.000000 2893.000000
937046 35.585961 6.800200 5448.000000 41027.000000 43984.000000 1091.000000 3013.000000 34.000000 1310.000000 35579.000000 2957.000000
938046 34.806110 6.718229 5565.000000 41144.000000 44089.000000 1368.000000 2561.000000 17.000000 1619.000000 35579.000000 2945.000000
939046 34.215392 6.693038 5717.000000 41303.000000 44240.000000 1690.000000 2096.000000 24.000000 1907.000000 35586.000000 2937.000000
940046 33.246518 6.608891 5911.000000 41505.000000 44425.000000 2131.000000 1625.000000 16.000000 2139.000000 35594.000000 2920.000000
941046 32.079426 6.507485 6175.000000 41797.000000 44687.000000 2736.000000 1106.000000 18.000000 2315.000000 35622.000000 2890.000000
942046 31.231938 6.485742 6473.000000 42121.000000 44991.000000 3370.000000 683.000000 48.000000 2372.000000 35648.000000 2870.000000
943046 29.995845 6.372462 6782.000000 42474.000000 45320.000000 4120.000000 307.000000 42.000000 2313.000000 35692.000000 2846.000000
944046 28.642050 6.216879 7122.000000 42876.000000 45666.000000 4916.000000 205.000000 49.000000 1952.000000 35754.000000 2790.000000
945046 27.729602 6.119919 7404.000000 43237.000000 45981.000000 5591.000000 226.000000 70.000000 1517.000000 35833.000000 2744.000000
946046 26.821032 6.005228 7652.000000 43580.000000 46293.000000 6279.000000 278.000000 67.000000 1028.000000 35928.000000 2713.000000
947046 26.498960 6.016361 7873.000000 43872.000000 46573.000000 6816.000000 337.000000 101.000000 619.000000 35999.000000 2701.000000
948046 26.146789 5.972671 7996.000000 44077.000000 46763.000000 7204.000000 426.000000 107.000000 259.000000 36081.000000 2686.000000
949046 26.416690 6.013091 7987.000000 44094.000000 46748.000000 7178.000000 538.000000 157.000000 114.000000 36107.000000 2654.000000
950046 27.258049 6.152989 7868.000000 43983.000000 46644.000000 6862.000000 682.000000 209.000000 115.000000 36115.000000 2661.000000
951046 28.145216 6.272594 7701.000000 43816.000000 46472.000000 6419.000000 893.000000 259.000000 130.000000 36115.000000 2656.000000
952046 29.171987 6.414687 7515.000000 43634.000000 46300.000000 5871.000000 1191.000000 304.000000 149.000000 36119.000000 2666.000000
953046 30.882648 6.680553 7295.000000 43414.000000 46089.000000 5210.000000 1484.000000 404.000000 197.000000 36119.000000 2675.000000
954046 32.268994 6.852869 7025.000000 43149.000000 45864.000000 4456.000000 1889.000000 428.000000 252.000000 36124.000000 2715.000000
955046 33.514929 7.004445 6767.000000 42893.000000 45671.000000 3675.000000 2362.000000 421.000000 309.000000 36126.000000 2778.000000
956046 34.514786 7.106432 6535.000000 42662.000000 45494.000000 2979.000000 2764.000000 401.000000 391.000000 36127.000000 2832.000000
957046 36.296538 7.374085 6331.000000 42466.000000 45348.000000 2197.000000 3172.000000 462.000000 500.000000 36135.000000 2882.000000
958046 36.764222 7.411008 6189.000000 42323.000000 45257.000000 1568.000000 3567.000000 420.000000 634.000000 36134.000000 2934.000000
959046 36.823503 7.378065 6059.000000 42193.000000 45188.000000 1052.000000 3810.000000 339.000000 858.000000 36134.000000 2995.000000
960046 35.233161 7.070640 6035.000000 42165.000000 45201.000000 930.000000 3815.000000 160.000000 1130.000000 36130.000000 3036.000000
961046 34.732908 6.986204 5976.000000 42110.000000 45232.000000 1067.000000 3433.000000 38.000000 1438.000000 36134.000000 3122.000000
962046 33.907545 6.863675 6083.000000 42222.000000 45311.000000 1318.000000 2968.000000 21.000000 1776.000000 36139.000000 3089.000000
963046 33.315468 6.835126 6250.000000 42392.000000 45471.000000 1665.000000 2421.000000 29.000000 2135.000000 36142.000000 3079.000000
964046 32.343684 6.746171 6468.000000 42636.000000 45700.000000 2177.000000 1896.000000 19.000000 2376.000000 36168.000000 3064.000000
965046 31.258305 6.649416 6737.000000 42943.000000 45989.000000 2821.000000 1292.000000 12.000000 2612.000000 36206.000000 3046.000000
966046 30.338645 6.578834 7025.000000 43285.000000 46300.000000 3494.000000 759.000000 31.000000 2741.000000 36260.000000 3015.000000
967046 28.991232 6.444773 7412.000000 43722.000000 46689.000000 4357.000000 338.000000 42.000000 2675.000000 36310.000000 2967.000000
968046 27.877262 6.345399 7784.000000 44167.000000 47105.000000 5254.000000 213.000000 51.000000 2266.000000 36383.000000 2938.000000
969046 27.105527 6.271858 8082.000000 44565.000000 47466.000000 6020.000000 225.000000 76.000000 1761.000000 36483.000000 2901.000000
970046 25.976337 6.103679 8399.000000 44998.000000 47840.000000 6864.000000 272.000000 78.000000 1185.000000 36599.000000 2842.000000
971046 25.570657 6.093257 8647.000000 45337.000000 48168.000000 7519.000000 335.000000 104.000000 689.000000 36690.000000 2831.000000
972046 25.567153 6.125359 8772.000000 45568.000000 48389.000000 7924.000000 424.000000 143.000000 281.000000 36796.000000 2821.000000
973046 25.753780 6.157946 8749.000000 45583.000000 48409.000000 7916.000000 543.000000 155.000000 135.000000 36834.000000 2826.000000
974046 26.468278 6.278723 8626.000000 45473.000000 48306.000000 7591.000000 717.000000 200.000000 118.000000 36847.000000 2833.000000
975046 27.642996 6.483770 8481.000000 45338.000000 48151.000000 7095.000000 960.000000 309.000000 117.000000 36857.000000 2813.000000
976046 28.906671 6.700150 8263.000000 45125.000000 47984.000000 6486.000000 1271.000000 356.000000 150.000000 36862.000000 2859.000000
977046 29.679611 6.768980 8017.000000 44886.000000 47762.000000 5793.000000 1657.000000 357.000000 210.000000 36869.000000 2876.000000
978046 31.637251 7.091452 7757.000000 44627.000000 47522.000000 4960.000000 2079.000000 475.000000 243.000000 36870.000000 2895.000000
979046 33.368532 7.350702 7451.000000 44322.000000 47288.000000 4045.000000 2577.000000 510.000000 319.000000 36871.000000 2966.000000
980046 34.007064 7.364127 7191.000000 44065.000000 47066.000000 3226.000000 3080.000000 465.000000 420.000000 36874.000000 3001.000000
981046 35.310565 7.541214 6957.000000 43832.000000 46889.000000 2353.000000 3605.000000 479.000000 520.000000 36875.000000 3057.000000
982046 35.979798 7.615016 6794.000000 43670.000000 46776.000000 1628.000000 4028.000000 456.000000 682.000000 36876.000000 3106.000000
983046 35.877005 7.525822 6640.000000 43517.000000 46666.000000 1034.000000 4281.000000 363.000000 962.000000 36877.000000 3149.000000
984046 34.076043 7.144847 6623.000000 43502.000000 46663.000000 926.000000 4285.000000 173.000000 1239.000000 36879.000000 3161.000000
985046 33.353746 7.001907 6578.000000 43453.000000 46673.000000 1082.000000 3875.000000 48.000000 1573.000000 36875.000000 3220.000000
986046 32.618373 6.894487 6681.000000 43559.000000 46762.000000 1366.000000 3333.000000 21.000000 1961.000000 36878.000000 3203.000000
987046 31.836248 6.824717 6871.000000 43754.000000 46947.000000 1786.000000 2685.000000 11.000000 2389.000000 36883.000000 3193.000000
988046 30.747573 6.709319 7141.000000 44044.000000 47203.000000 2381.000000 2057.000000 8.000000 2695.000000 36903.000000 3159.000000
989046 29.860061 6.645763 7444.000000 44387.000000 47519.000000 3053.000000 1407.000000 26.000000 2958.000000 36943.000000 3132.000000
990046 28.901946 6.573535 7770.000000 44767.000000 47889.000000 3857.000000 768.000000 26.000000 3119.000000 36997.000000 3122.000000
991046 27.645173 6.427166 8152.000000 45219.000000 48295.000000 4776.000000 286.000000 28.000000 3062.000000 37067.000000 3076.000000
992046 26.773495 6.341423 8499.000000 45697.000000 48743.000000 5747.000000 190.000000 45.000000 2517.000000 37198.000000 3046.000000
993046 25.973369 6.265374 8865.000000 46190.000000 49191.000000 6679.000000 216.000000 81.000000 1889.000000 37325.000000 3001.000000
994046 25.067873 6.141659 9170.000000 46627.000000 49612.000000 7562.000000 276.000000 62.000000 1270.000000 37457.000000 2985.000000
995046 24.871258 6.180887 9458.000000 47039.000000 50009.000000 8318.000000 335.000000 121.000000 684.000000 37581.000000 2970.000000
996046 24.644022 6.164070 9618.000000 47306.000000 50259.000000 8767.000000 462.000000 145.000000 244.000000 37688.000000 2953.000000
997046 25.071679 6.260939 9587.000000 47311.000000 50280.000000 8711.000000 592.000000 179.000000 105.000000 37724.000000 2969.000000
998046 25.792438 6.391292 9473.000000 47205.000000 50162.000000 8317.000000 817.000000 249.000000 90.000000 37732.000000 2957.000000
999046 27.012945 6.633745 9295.000000 47029.000000 50017.000000 7774.000000 1083.000000 330.000000 108.000000 37734.000000 2988.000000
1000046 28.099652 6.814943 9060.000000 46795.000000 49817.000000 7117.000000 1420.000000 373.000000 150.000000 37735.000000 3022.000000
1001046 29.798363 7.122547 8768.000000 46504.000000 49589.000000 6268.000000 1850.000000 447.000000 203.000000 37736.000000 3085.000000
1002046 31.349070 7.374458 8466.000000 46204.000000 49346.000000 5383.000000 2334.000000 497.000000 252.000000 37738.000000 3142.000000
1003046 32.915858 7.604377 8168.000000 45907.000000 49077.000000 4400.000000 2860.000000 562.000000 346.000000 37739.000000 3170.000000
1004046 33.946112 7.713414 7875.000000 45615.000000 48837.000000 3462.000000 3412.000000 545.000000 456.000000 37740.000000 3222.000000
1005046 34.743896 7.781181 7597.000000 45346.000000 48643.000000 2568.000000 3943.000000 488.000000 598.000000 37749.000000 3297.000000
1006046 35.818673 7.934511 7411.000000 45165.000000 48497.000000 1668.000000 4427.000000 516.000000 800.000000 37754.000000 3332.000000
1007046 35.368144 7.780992 7276.000000 45028.000000 48400.000000 1079.000000 4739.000000 394.000000 1064.000000 37752.000000 3372.000000
1008046 33.565250 7.377557 7229.000000 44983.000000 48390.000000 910.000000 4779.000000 163.000000 1377.000000 37754.000000 3407.000000
1009046 32.378896 7.124267 7232.000000 44992.000000 48412.000000 1147.000000 4286.000000 29.000000 1770.000000 37760.000000 3420.000000
1010046 31.533457 6.992704 7390.000000 45152.000000 48522.000000 1505.000000 3686.000000 23.000000 2176.000000 37762.000000 3370.000000
1011046 30.783259 6.927828 7610.000000 45374.000000 48731.000000 1984.000000 2992.000000 19.000000 2615.000000 37764.000000 3357.000000
1012046 29.978587 6.857283 7864.000000 45655.000000 48999.000000 2575.000000 2304.000000 16.000000 2969.000000 37791.000000 3344.000000
1013046 29.044851 6.784057 8203.000000 46027.000000 49351.000000 3344.000000 1601.000000 24.000000 3234.000000 37824.000000 3324.000000
1014046 27.745032 6.619922 8605.000000 46503.000000 49774.000000 4315.000000 882.000000 24.000000 3384.000000 37898.000000 3271.000000
1015046 26.795240 6.505410 8951.000000 46955.000000 50189.000000 5249.000000 363.000000 31.000000 3308.000000 38004.000000 3234.000000
1016046 25.903759 6.404388 9340.000000 47493.000000 50684.000000 6349.000000 196.000000 55.000000 2740.000000 38153.000000 3191.000000
1017046 25.204455 6.327480 9675.000000 47978.000000 51142.000000 7312.000000 222.000000 72.000000 2069.000000 38303.000000 3164.000000
1018046 24.542962 6.245639 9983.000000 48443.000000 51588.000000 8218.000000 286.000000 77.000000 1402.000000 38460.000000 3145.000000
1019046 24.220211 6.228001 10243.000000 48865.000000 51991.000000 8999.000000 371.000000 112.000000 761.000000 38622.000000 3126.000000
1020046 24.279896 6.276079 10386.000000 49127.000000 52246.000000 9410.000000 513.000000 160.000000 303.000000 38741.000000 3119.000000
1021046 24.766494 6.389489 10362.000000 49161.000000 52289.000000 9321.000000 710.000000 213.000000 118.000000 38799.000000 3128.000000
1022046 25.562281 6.555021 10233.000000 49039.000000 52189.000000 8888.000000 972.000000 271.000000 102.000000 38806.000000 3150.000000
1023046 26.418668 6.704222 10041.000000 48854.000000 52012.000000 8300.000000 1299.000000 329.000000 113.000000 38813.000000 3158.000000
1024046 27.858243 6.981369 9821.000000 48636.000000 51795.000000 7536.000000 1679.000000 457.000000 149.000000 38815.000000 3159.000000
1025046 29.341412 7.236983 9501.000000 48319.000000 51527.000000 6639.000000 2133.000000 521.000000 208.000000 38818.000000 3208.000000
1026046 30.349099 7.361951 9189.000000 48007.000000 51250.000000 5711.000000 2684.000000 530.000000 264.000000 38818.000000 3243.000000
1027046 32.115828 7.658356 8842.000000 47663.000000 50977.000000 4623.000000 3249.000000 590.000000 380.000000 38821.000000 3314.000000
1028046 33.355755 7.822143 8508.000000 47330.000000 50715.000000 3624.000000 3768.000000 582.000000 534.000000 38822.000000 3385.000000
1029046 34.380094 7.938426 8210.000000 47031.000000 50476.000000 2708.000000 4203.000000 562.000000 737.000000 38821.000000 3445.000000
1030046 35.376989 8.083458 7982.000000 46808.000000 50325.000000 1810.000000 4644.000000 551.000000 977.000000 38826.000000 3517.000000
1031046 34.912281 7.923709 7803.000000 46632.000000 50229.000000 1184.000000 4939.000000 383.000000 1297.000000 38829.000000 3597.000000
1032046 33.371408 7.562573 7761.000000 46601.000000 50221.000000 1020.000000 4938.000000 178.000000 1625.000000 38840.000000 3620.000000
1033046 32.487754 7.386047 7759.000000 46611.000000 50284.000000 1264.000000 4433.000000 41.000000 2021.000000 38852.000000 3673.000000
1034046 31.703947 7.275935 7923.000000 46798.000000 50454.000000 1699.000000 3777.000000 15.000000 2432.000000 38875.000000 3656.000000
1035046 30.890938 7.199337 8186.000000 47080.000000 50713.000000 2284.000000 3065.000000 18.000000 2819.000000 38894.000000 3633.000000
1036046 29.888384 7.084762 8493.000000 47423.000000 51025.000000 3013.000000 2355.000000 13.000000 3112.000000 38930.000000 3602.000000
1037046 29.158607 7.040554 8833.000000 47813.000000 51388.000000 3799.000000 1636.000000 43.000000 3355.000000 38980.000000 3575.000000
1038046 27.972083 6.883841 9201.000000 48266.000000 51817.000000 4781.000000 904.000000 16.000000 3500.000000 39065.000000 3551.000000
1039046 26.921314 6.739081 9605.000000 48807.000000 52292.000000 5851.000000 411.000000 39.000000 3304.000000 39202.000000 3485.000000
1040046 26.107749 6.623194 9955.000000 49326.000000 52754.000000 6888.000000 215.000000 66.000000 2786.000000 39371.000000 3428.000000
1041046 25.447608 6.520390 10236.000000 49795.000000 53187.000000 7806.000000 255.000000 76.000000 2099.000000 39559.000000 3392.000000
1042046 24.933592 6.474525 10547.000000 50259.000000 53641.000000 8697.000000 332.000000 91.000000 1427.000000 39712.000000 3382.000000
1043046 24.728529 6.487356 10812.000000 50689.000000 54059.000000 9465.000000 444.000000 137.000000 766.000000 39877.000000 3370.000000
1044046 24.794081 6.539991 10936.000000 50922.000000 54312.000000 9868.000000 580.000000 162.000000 326.000000 39986.000000 3390.000000
1045046 25.503215 6.713521 10917.000000 50962.000000 54353.000000 9710.000000 813.000000 258.000000 136.000000 40045.000000 3391.000000
1046046 26.312822 6.882755 10774.000000 50824.000000 54237.000000 9227.000000 1107.000000 320.000000 120.000000 40050.000000 3413.000000
1047046 27.553715 7.140082 10560.000000 50612.000000 54061.000000 8511.000000 1502.000000 411.000000 136.000000 40052.000000 3449.000000
1048046 28.656456 7.333110 10291.000000 50352.000000 53838.000000 7685.000000 1973.000000 462.000000 171.000000 40061.000000 3486.000000
1049046 29.966679 7.554460 10018.000000 50084.000000 53571.000000 6732.000000 2488.000000 560.000000 238.000000 40066.000000 3487.000000
1050046 31.105886 7.700685 9636.000000 49707.000000 53255.000000 5698.000000 3065.000000 553.000000 320.000000 40071.000000 3548.000000
1051046 32.455732 7.892053 9291.000000 49367.000000 52952.000000 4682.000000 3588.000000 594.000000 427.000000 40076.000000 3585.000000
1052046 33.362487 7.968854 8919.000000 48997.000000 52655.000000 3708.000000 4066.000000 538.000000 607.000000 40078.000000 3658.000000
1053046 34.568001 8.136363 8674.000000 48755.000000 52419.000000 2772.000000 4451.000000 601.000000 850.000000 40081.000000 3664.000000
1054046 35.128690 8.177016 8443.000000 48526.000000 52244.000000 1878.000000 4885.000000 554.000000 1126.000000 40083.000000 3718.000000
1055046 34.200497 7.915932 8300.000000 48378.000000 52148.000000 1334.000000 5099.000000 358.000000 1509.000000 40078.000000 3770.000000
1056046 32.876940 7.599210 8281.000000 48367.000000 52137.000000 1172.000000 5009.000000 192.000000 1908.000000 40086.000000 3770.000000
1057046 31.902246 7.399889 8289.000000 48394.000000 52217.000000 1481.000000 4427.000000 41.000000 2340.000000 40105.000000 3823.000000
1058046 31.014516 7.258880 8481.000000 48610.000000 52391.000000 1980.000000 3793.000000 22.000000 2686.000000 40129.000000 3781.000000
1059046 30.141476 7.160897 8757.000000 48907.000000 52661.000000 2627.000000 3109.000000 17.000000 3004.000000 40150.000000 3754.000000
1060046 29.323250 7.091944 9088.000000 49294.000000 53032.000000 3444.000000 2427.000000 23.000000 3194.000000 40206.000000 3738.000000
1061046 28.469209 6.999420 9427.000000 49723.000000 53433.000000 4351.000000 1692.000000 30.000000 3354.000000 40296.000000 3710.000000
1062046 27.585695 6.899751 9791.000000 50199.000000 53886.000000 5358.000000 946.000000 31.000000 3456.000000 40408.000000 3687.000000
1063046 26.535183 6.757179 10195.000000 50710.000000 54357.000000 6416.000000 402.000000 26.000000 3351.000000 40515.000000 3647.000000
1064046 25.645899 6.642840 10621.000000 51257.000000 54841.000000 7471.000000 230.000000 59.000000 2861.000000 40636.000000 3584.000000
1065046 25.080984 6.580708 10964.000000 51753.000000 55298.000000 8385.000000 282.000000 94.000000 2203.000000 40789.000000 3545.000000
1066046 24.824039 6.579726 11244.000000 52215.000000 55747.000000 9226.000000 382.000000 136.000000 1500.000000 40971.000000 3532.000000
1067046 24.366225 6.520075 11507.000000 52643.000000 56165.000000 10012.000000 529.000000 140.000000 826.000000 41136.000000 3522.000000
1068046 24.819008 6.681668 11663.000000 52907.000000 56438.000000 10387.000000 693.000000 240.000000 343.000000 41244.000000 3531.000000
1069046 25.413564 6.827800 11606.000000 52908.000000 56475.000000 10213.000000 974.000000 289.000000 130.000000 41302.000000 3567.000000
1070046 26.304232 7.015333 11412.000000 52732.000000 56348.000000 9608.000000 1356.000000 337.000000 111.000000 41320.000000 3616.000000
1071046 27.556244 7.284155 11208.000000 52525.000000 56163.000000 8822.000000 1807.000000 453.000000 126.000000 41317.000000 3638.000000
1072046 28.629143 7.475950 10909.000000 52231.000000 55926.000000 7938.000000 2297.000000 486.000000 188.000000 41322.000000 3695.000000
1073046 30.134692 7.759070 10556.000000 51878.000000 55651.000000 6904.000000 2820.000000 545.000000 287.000000 41322.000000 3773.000000
1074046 31.030788 7.852069 10188.000000 51512.000000 55323.000000 5892.000000 3355.000000 533.000000 408.000000 41324.000000 3811.000000
1075046 32.247438 8.011276 9833.000000 51158.000000 54985.000000 4842.000000 3879.000000 578.000000 534.000000 41325.000000 3827.000000
1076046 33.218614 8.117744 9508.000000 50837.000000 54695.000000 3849.000000 4324.000000 582.000000 753.000000 41329.000000 3858.000000
1077046 34.103695 8.234063 9222.000000 50549.000000 54481.000000 2971.000000 4689.000000 554.000000 1008.000000 41327.000000 3932.000000
1078046 34.929556 8.352664 9022.000000 50351.000000 54318.000000 2109.000000 4996.000000 570.000000 1347.000000 41329.000000 3967.000000
1079046 34.643411 8.240066 8879.000000 50214.000000 54235.000000 1496.000000 5175.000000 448.000000 1760.000000 41335.000000 4021.000000
1080046 32.896979 7.828571 8866.000000 50206.000000 54250.000000 1356.000000 5136.000000 203.000000 2171.000000 41340.000000 4044.000000
1081046 31.694536 7.568731 8905.000000 50270.000000 54342.000000 1729.000000 4560.000000 41.000000 2575.000000 41365.000000 4072.000000
1082046 30.682768 7.403742 9142.000000 50542.000000 54567.000000 2297.000000 3947.000000 15.000000 2883.000000 41400.000000 4025.000000
1083046 29.883773 7.307342 9427.000000 50895.000000 54890.000000 3057.000000 3234.000000 16.000000 3120.000000 41468.000000 3995.000000
1084046 28.873854 7.178254 9795.000000 51341.000000 55292.000000 3982.000000 2515.000000 18.000000 3280.000000 41546.000000 3951.000000
1085046 27.836955 7.035176 10178.000000 51816.000000 55720.000000 4988.000000 1786.000000 16.000000 3388.000000 41638.000000 3904.000000
1086046 26.922810 6.899929 10549.000000 52316.000000 56160.000000 6010.000000 1042.000000 31.000000 3466.000000 41767.000000 3844.000000
1087046 26.168985 6.809713 10932.000000 52822.000000 56625.000000 7035.000000 481.000000 53.000000 3363.000000 41890.000000 3803.000000
1088046 25.513801 6.719804 11281.000000 53331.000000 57085.000000 8002.000000 294.000000 82.000000 2903.000000 42050.000000 3754.000000
1089046 25.178209 6.692859 11560.000000 53793.000000 57524.000000 8839.000000 360.000000 119.000000 2242.000000 42233.000000 3731.000000
1090046 24.980735 6.710715 11819.000000 54214.000000 57967.000000 9608.000000 502.000000 137.000000 1572.000000 42395.000000 3753.000000
1091046 24.542750 6.643938 12073.000000 54641.000000 58369.000000 10352.000000 675.000000 150.000000 896.000000 42568.000000 3728.000000
1092046 24.902748 6.770611 12235.000000 54918.000000 58621.000000 10662.000000 902.000000 266.000000 405.000000 42683.000000 3703.000000
1093046 25.339281 6.875916 12207.000000 54945.000000 58654.000000 10486.000000 1226.000000 324.000000 171.000000 42738.000000 3709.000000
1094046 26.338180 7.089629 12021.000000 54780.000000 58508.000000 9819.000000 1650.000000 420.000000 132.000000 42759.000000 3728.000000
1095046 27.768840 7.400738 11725.000000 54491.000000 58305.000000 8946.000000 2111.000000 501.000000 167.000000 42766.000000 3814.000000
1096046 28.681866 7.543724 11406.000000 54177.000000 58035.000000 7982.000000 2651.000000 520.000000 253.000000 42771.000000 3858.000000
1097046 30.229293 7.832609 11056.000000 53830.000000 57733.000000 6913.000000 3167.000000 619.000000 357.000000 42774.000000 3903.000000
1098046 30.949125 7.885155 10650.000000 53425.000000 57399.000000 5915.000000 3654.000000 552.000000 529.000000 42775.000000 3974.000000
1099046 31.836592 7.984937 10302.000000 53077.000000 57095.000000 4943.000000 4127.000000 541.000000 691.000000 42775.000000 4018.000000
1100046 32.558803 8.040838 10021.000000 52801.000000 56810.000000 4013.000000 4491.000000 559.000000 958.000000 42780.000000 4009.000000
1101046 33.357490 8.133371 9771.000000 52566.000000 56594.000000 3123.000000 4821.000000 575.000000 1252.000000 42795.000000 4028.000000
1102046 33.970307 8.192130 9588.000000 52402.000000 56420.000000 2300.000000 5079.000000 604.000000 1605.000000 42814.000000 4018.000000
1103046 33.672792 8.094588 9453.000000 52273.000000 56371.000000 1793.000000 5188.000000 465.000000 2007.000000 42820.000000 4098.000000
1104046 31.806822 7.668451 9502.000000 52324.000000 56426.000000 1718.000000 5153.000000 225.000000 2406.000000 42822.000000 4102.000000
