757266 2.800794 0.600000 8569.000000 40000.000000 40000.000000 2229.000000 4329.000000 240.000000 1771.000000 31431.000000 0.000000
758266 4.518458 0.967774 8425.000000 39930.000000 40092.000000 1981.000000 4042.000000 226.000000 2176.000000 31505.000000 162.000000
759266 6.283454 1.342649 8228.000000 39853.000000 40219.000000 1924.000000 3595.000000 174.000000 2535.000000 31625.000000 366.000000
760266 7.622694 1.625835 8104.000000 39895.000000 40410.000000 2102.000000 3035.000000 142.000000 2825.000000 31791.000000 515.000000
761266 8.536020 1.814154 8009.000000 40000.000000 40625.000000 2389.000000 2506.000000 112.000000 3002.000000 31991.000000 625.000000
762266 9.038506 1.915887 7970.000000 40217.000000 40921.000000 2874.000000 1994.000000 80.000000 3022.000000 32247.000000 704.000000
763266 9.505268 2.012658 7967.000000 40474.000000 41239.000000 3423.000000 1515.000000 65.000000 2964.000000 32507.000000 765.000000
764266 9.768024 2.066245 7978.000000 40757.000000 41573.000000 4027.000000 1014.000000 43.000000 2894.000000 32779.000000 816.000000
765266 9.863138 2.080649 7991.000000 41060.000000 41910.000000 4662.000000 717.000000 22.000000 2590.000000 33069.000000 850.000000
766266 10.257569 2.150385 7982.000000 41355.000000 42225.000000 5230.000000 521.000000 38.000000 2193.000000 33373.000000 870.000000
767266 10.771831 2.248618 7974.000000 41614.000000 42515.000000 5709.000000 438.000000 55.000000 1772.000000 33640.000000 901.000000
768266 11.230907 2.336612 7962.000000 41855.000000 42797.000000 6177.000000 383.000000 58.000000 1344.000000 33893.000000 942.000000
769266 12.333966 2.564579 7954.000000 42082.000000 43087.000000 6561.000000 405.000000 100.000000 888.000000 34128.000000 1005.000000
770266 13.513815 2.803652 7893.000000 42182.000000 43265.000000 6668.000000 470.000000 130.000000 625.000000 34289.000000 1083.000000
771266 15.223185 3.159641 7820.000000 42205.000000 43391.000000 6575.000000 613.000000 185.000000 447.000000 34385.000000 1186.000000
772266 17.675089 3.668944 7697.000000 42146.000000 43473.000000 6254.000000 829.000000 268.000000 346.000000 34449.000000 1327.000000
773266 19.962356 4.141971 7546.000000 42044.000000 43530.000000 5802.000000 1167.000000 317.000000 260.000000 34498.000000 1486.000000
774266 22.180410 4.599601 7354.000000 41888.000000 43569.000000 5281.000000 1524.000000 323.000000 226.000000 34534.000000 1681.000000
775266 24.698729 5.122913 7186.000000 41749.000000 43608.000000 4618.000000 1977.000000 375.000000 216.000000 34563.000000 1859.000000
776266 26.336174 5.455212 7020.000000 41611.000000 43628.000000 3983.000000 2440.000000 363.000000 234.000000 34591.000000 2017.000000
777266 27.232538 5.643998 6907.000000 41516.000000 43657.000000 3434.000000 2843.000000 323.000000 307.000000 34609.000000 2141.000000
778266 28.533569 5.916835 6810.000000 41426.000000 43672.000000 2844.000000 3179.000000 338.000000 449.000000 34616.000000 2246.000000
779266 29.420194 6.107412 6730.000000 41359.000000 43701.000000 2293.000000 3481.000000 327.000000 629.000000 34629.000000 2342.000000
780266 30.591090 6.343761 6655.000000 41315.000000 43728.000000 1705.000000 3701.000000 361.000000 888.000000 34660.000000 2413.000000
781266 29.672511 6.150154 6605.000000 41291.000000 43755.000000 1345.000000 3828.000000 227.000000 1205.000000 34686.000000 2464.000000
782266 29.507285 6.068439 6486.000000 41213.000000 43718.000000 1237.000000 3566.000000 148.000000 1535.000000 34727.000000 2505.000000
783266 29.070682 5.924382 6428.000000 41196.000000 43667.000000 1280.000000 3125.000000 116.000000 1907.000000 34768.000000 2471.000000
784266 27.857786 5.667071 6484.000000 41287.000000 43691.000000 1546.000000 2639.000000 72.000000 2227.000000 34803.000000 2404.000000
785266 26.813457 5.476044 6604.000000 41466.000000 43809.000000 1980.000000 2179.000000 56.000000 2389.000000 34862.000000 2343.000000
786266 25.592156 5.277986 6801.000000 41737.000000 44013.000000 2567.000000 1673.000000 47.000000 2514.000000 34936.000000 2276.000000
787266 24.329897 5.065293 6999.000000 42046.000000 44262.000000 3221.000000 1192.000000 26.000000 2560.000000 35047.000000 2216.000000
788266 23.215619 4.883523 7232.000000 42417.000000 44558.000000 3971.000000 696.000000 35.000000 2530.000000 35185.000000 2141.000000
789266 22.161766 4.717044 7449.000000 42793.000000 44901.000000 4754.000000 443.000000 10.000000 2242.000000 35344.000000 2108.000000
790266 21.998964 4.703277 7569.000000 43074.000000 45160.000000 5297.000000 312.000000 38.000000 1922.000000 35505.000000 2086.000000
791266 21.249872 4.578054 7734.000000 43397.000000 45456.000000 5936.000000 277.000000 22.000000 1499.000000 35663.000000 2059.000000
792266 20.955067 4.547144 7894.000000 43711.000000 45743.000000 6526.000000 255.000000 48.000000 1065.000000 35817.000000 2032.000000
793266 20.822597 4.562828 8078.000000 44034.000000 46046.000000 7109.000000 275.000000 89.000000 605.000000 35956.000000 2012.000000
794266 21.171349 4.638159 8122.000000 44153.000000 46139.000000 7206.000000 385.000000 154.000000 377.000000 36031.000000 1986.000000
795266 21.830636 4.765104 8087.000000 44162.000000 46148.000000 7060.000000 553.000000 213.000000 261.000000 36075.000000 1986.000000
796266 22.527859 4.871800 7987.000000 44087.000000 46061.000000 6683.000000 835.000000 270.000000 199.000000 36100.000000 1974.000000
797266 23.181772 4.960495 7884.000000 43996.000000 45943.000000 6167.000000 1226.000000 332.000000 159.000000 36112.000000 1947.000000
798266 24.115523 5.103466 7741.000000 43858.000000 45812.000000 5555.000000 1653.000000 384.000000 149.000000 36117.000000 1954.000000
799266 24.926594 5.205983 7562.000000 43685.000000 45659.000000 4830.000000 2176.000000 403.000000 153.000000 36123.000000 1974.000000
800266 25.794452 5.329381 7393.000000 43524.000000 45540.000000 4104.000000 2702.000000 411.000000 176.000000 36131.000000 2016.000000
801266 25.247525 5.164330 7248.000000 43383.000000 45427.000000 3528.000000 3161.000000 302.000000 257.000000 36135.000000 2044.000000
802266 26.442516 5.375491 7160.000000 43294.000000 45354.000000 2859.000000 3515.000000 378.000000 408.000000 36134.000000 2060.000000
803266 27.257836 5.510542 7071.000000 43209.000000 45295.000000 2171.000000 3859.000000 410.000000 631.000000 36138.000000 2086.000000
804266 28.101710 5.664671 7009.000000 43148.000000 45263.000000 1459.000000 4149.000000 449.000000 952.000000 36139.000000 2115.000000
805266 26.097936 5.253387 6960.000000 43099.000000 45247.000000 1084.000000 4296.000000 229.000000 1351.000000 36139.000000 2148.000000
806266 26.589659 5.342853 6806.000000 42954.000000 45238.000000 998.000000 3920.000000 133.000000 1755.000000 36148.000000 2284.000000
807266 25.802916 5.198648 6836.000000 42994.000000 45281.000000 1181.000000 3435.000000 67.000000 2153.000000 36158.000000 2287.000000
808266 24.970286 5.086947 7000.000000 43175.000000 45430.000000 1594.000000 2855.000000 56.000000 2495.000000 36175.000000 2255.000000
809266 24.066259 4.992886 7242.000000 43449.000000 45685.000000 2171.000000 2399.000000 45.000000 2627.000000 36207.000000 2236.000000
810266 23.027938 4.874655 7527.000000 43784.000000 45993.000000 2903.000000 1831.000000 33.000000 2760.000000 36257.000000 2209.000000
811266 22.118941 4.774130 7828.000000 44177.000000 46354.000000 3731.000000 1201.000000 36.000000 2860.000000 36349.000000 2177.000000
812266 21.038809 4.626243 8139.000000 44613.000000 46755.000000 4669.000000 592.000000 21.000000 2857.000000 36474.000000 2142.000000
813266 20.235495 4.519043 8421.000000 45046.000000 47156.000000 5565.000000 354.000000 21.000000 2481.000000 36625.000000 2110.000000
814266 19.802349 4.473274 8632.000000 45388.000000 47482.000000 6229.000000 272.000000 30.000000 2101.000000 36756.000000 2094.000000
815266 19.453082 4.445606 8852.000000 45763.000000 47845.000000 6954.000000 244.000000 45.000000 1609.000000 36911.000000 2082.000000
816266 19.243894 4.443661 9056.000000 46146.000000 48226.000000 7687.000000 240.000000 63.000000 1066.000000 37090.000000 2080.000000
817266 19.490401 4.535815 9213.000000 46479.000000 48569.000000 8269.000000 287.000000 113.000000 544.000000 37266.000000 2090.000000
818266 20.301552 4.704456 9177.000000 46558.000000 48656.000000 8264.000000 412.000000 191.000000 310.000000 37381.000000 2098.000000
819266 21.228352 4.890790 9080.000000 46500.000000 48622.000000 7928.000000 676.000000 256.000000 220.000000 37420.000000 2122.000000
820266 22.413327 5.127307 8954.000000 46393.000000 48544.000000 7396.000000 1055.000000 338.000000 165.000000 37439.000000 2151.000000
821266 24.007991 5.456271 8806.000000 46251.000000 48458.000000 6711.000000 1526.000000 437.000000 132.000000 37445.000000 2207.000000
822266 25.218270 5.677046 8596.000000 46050.000000 48335.000000 5944.000000 2057.000000 459.000000 136.000000 37454.000000 2285.000000
823266 26.570363 5.916165 8373.000000 45833.000000 48190.000000 5123.000000 2612.000000 494.000000 144.000000 37460.000000 2357.000000
824266 27.287350 6.004705 8159.000000 45619.000000 48029.000000 4291.000000 3206.000000 474.000000 188.000000 37460.000000 2410.000000
825266 27.098505 5.904213 7973.000000 45435.000000 47898.000000 3602.000000 3702.000000 365.000000 304.000000 37462.000000 2463.000000
826266 28.267183 6.109298 7820.000000 45286.000000 47796.000000 2840.000000 4081.000000 410.000000 489.000000 37466.000000 2510.000000
827266 29.511388 6.351201 7699.000000 45164.000000 47739.000000 2055.000000 4408.000000 457.000000 779.000000 37465.000000 2575.000000
828266 30.324097 6.494296 7584.000000 45059.000000 47688.000000 1261.000000 4664.000000 468.000000 1191.000000 37475.000000 2629.000000
829266 28.005115 5.975569 7513.000000 44991.000000 47644.000000 961.000000 4665.000000 194.000000 1693.000000 37478.000000 2653.000000
830266 27.361564 5.820595 7435.000000 44928.000000 47624.000000 1041.000000 4175.000000 76.000000 2143.000000 37493.000000 2696.000000
831266 26.740646 5.710152 7529.000000 45033.000000 47687.000000 1308.000000 3584.000000 69.000000 2568.000000 37504.000000 2654.000000
832266 26.018930 5.625039 7722.000000 45261.000000 47893.000000 1813.000000 2980.000000 62.000000 2867.000000 37539.000000 2632.000000
833266 24.888805 5.457337 7972.000000 45597.000000 48192.000000 2534.000000 2426.000000 35.000000 2977.000000 37625.000000 2595.000000
834266 23.931308 5.337177 8268.000000 46002.000000 48565.000000 3419.000000 1806.000000 29.000000 3014.000000 37734.000000 2563.000000
835266 22.779331 5.159208 8584.000000 46456.000000 48961.000000 4388.000000 1122.000000 21.000000 3053.000000 37872.000000 2505.000000
836266 21.962037 5.017631 8821.000000 46893.000000 49346.000000 5281.000000 498.000000 23.000000 3019.000000 38072.000000 2453.000000
837266 21.195510 4.898255 9080.000000 47319.000000 49732.000000 6137.000000 298.000000 23.000000 2622.000000 38239.000000 2413.000000
838266 20.921289 4.885447 9303.000000 47710.000000 50108.000000 6902.000000 260.000000 50.000000 2091.000000 38407.000000 2398.000000
839266 20.524899 4.834268 9491.000000 48076.000000 50473.000000 7631.000000 266.000000 43.000000 1551.000000 38585.000000 2397.000000
840266 20.303432 4.816315 9677.000000 48463.000000 50848.000000 8357.000000 271.000000 64.000000 985.000000 38786.000000 2385.000000
841266 20.407996 4.868467 9838.000000 48798.000000 51166.000000 8907.000000 348.000000 123.000000 460.000000 38960.000000 2368.000000
842266 21.311342 5.091094 9875.000000 48894.000000 51266.000000 8853.000000 540.000000 238.000000 244.000000 39019.000000 2372.000000
843266 22.320842 5.304170 9753.000000 48790.000000 51205.000000 8381.000000 871.000000 301.000000 200.000000 39037.000000 2415.000000
844266 23.536748 5.541961 9612.000000 48667.000000 51083.000000 7718.000000 1308.000000 415.000000 171.000000 39055.000000 2416.000000
845266 24.770255 5.768589 9422.000000 48492.000000 50931.000000 6875.000000 1907.000000 499.000000 141.000000 39070.000000 2439.000000
846266 25.600890 5.895446 9204.000000 48281.000000 50768.000000 6013.000000 2544.000000 506.000000 141.000000 39077.000000 2487.000000
847266 25.420333 5.771703 8991.000000 48069.000000 50557.000000 5225.000000 3161.000000 430.000000 175.000000 39078.000000 2488.000000
848266 25.799309 5.783664 8810.000000 47885.000000 50366.000000 4401.000000 3742.000000 432.000000 235.000000 39075.000000 2481.000000
849266 26.014578 5.759767 8652.000000 47732.000000 50193.000000 3586.000000 4269.000000 430.000000 367.000000 39080.000000 2461.000000
850266 26.604169 5.837827 8490.000000 47573.000000 50070.000000 2828.000000 4579.000000 426.000000 657.000000 39083.000000 2497.000000
851266 27.527831 5.989031 8361.000000 47450.000000 49958.000000 2007.000000 4834.000000 484.000000 1036.000000 39089.000000 2508.000000
852266 27.792160 6.023445 8279.000000 47368.000000 49905.000000 1264.000000 5049.000000 469.000000 1497.000000 39089.000000 2537.000000
853266 25.758278 5.567585 8226.000000 47323.000000 49878.000000 923.000000 4993.000000 222.000000 2088.000000 39097.000000 2555.000000
854266 24.828672 5.373392 8186.000000 47282.000000 49894.000000 1095.000000 4414.000000 69.000000 2608.000000 39096.000000 2612.000000
855266 23.876379 5.229215 8383.000000 47498.000000 50084.000000 1624.000000 3799.000000 33.000000 2927.000000 39115.000000 2586.000000
856266 23.110517 5.147905 8668.000000 47818.000000 50370.000000 2319.000000 3129.000000 41.000000 3179.000000 39150.000000 2552.000000
857266 22.297709 5.046423 8971.000000 48219.000000 50729.000000 3183.000000 2469.000000 50.000000 3269.000000 39248.000000 2510.000000
858266 21.068224 4.862563 9350.000000 48723.000000 51187.000000 4280.000000 1814.000000 25.000000 3231.000000 39373.000000 2464.000000
859266 20.313407 4.747234 9636.000000 49184.000000 51609.000000 5261.000000 1130.000000 25.000000 3220.000000 39548.000000 2425.000000
860266 19.537986 4.616656 9910.000000 49645.000000 52029.000000 6235.000000 504.000000 18.000000 3153.000000 39735.000000 2384.000000
861266 19.076948 4.547708 10145.000000 50087.000000 52444.000000 7124.000000 282.000000 28.000000 2711.000000 39942.000000 2357.000000
862266 18.756884 4.511051 10370.000000 50508.000000 52848.000000 7939.000000 264.000000 44.000000 2123.000000 40138.000000 2340.000000
863266 18.605012 4.505910 10552.000000 50882.000000 53219.000000 8642.000000 288.000000 61.000000 1561.000000 40330.000000 2337.000000
864266 18.499274 4.516960 10745.000000 51256.000000 53598.000000 9331.000000 342.000000 79.000000 993.000000 40511.000000 2342.000000
865266 18.771639 4.622628 10960.000000 51626.000000 53952.000000 9883.000000 443.000000 168.000000 466.000000 40666.000000 2326.000000
866266 20.121768 4.952913 10963.000000 51708.000000 54049.000000 9653.000000 743.000000 336.000000 231.000000 40745.000000 2341.000000
867266 21.119939 5.170912 10827.000000 51587.000000 53975.000000 9025.000000 1208.000000 403.000000 191.000000 40760.000000 2388.000000
868266 22.608231 5.497178 10662.000000 51429.000000 53864.000000 8216.000000 1756.000000 526.000000 164.000000 40767.000000 2435.000000
869266 23.671760 5.687133 10413.000000 51185.000000 53665.000000 7205.000000 2468.000000 572.000000 168.000000 40772.000000 2480.000000
870266 24.268868 5.770633 10149.000000 50924.000000 53495.000000 6300.000000 3159.000000 516.000000 174.000000 40775.000000 2571.000000
871266 25.241170 5.937623 9864.000000 50642.000000 53321.000000 5403.000000 3750.000000 487.000000 224.000000 40778.000000 2679.000000
872266 25.916336 6.026681 9631.000000 50419.000000 53147.000000 4533.000000 4327.000000 475.000000 296.000000 40788.000000 2728.000000
873266 26.412464 6.078964 9438.000000 50229.000000 52986.000000 3699.000000 4766.000000 464.000000 509.000000 40791.000000 2757.000000
874266 26.762197 6.111563 9276.000000 50070.000000 52867.000000 2947.000000 4969.000000 434.000000 926.000000 40794.000000 2797.000000
875266 27.694236 6.281740 9160.000000 49962.000000 52772.000000 2111.000000 5129.000000 505.000000 1415.000000 40802.000000 2810.000000
876266 28.199530 6.369862 9050.000000 49859.000000 52717.000000 1334.000000 5233.000000 500.000000 1983.000000 40809.000000 2858.000000
877266 26.131117 5.904108 9021.000000 49834.000000 52726.000000 1085.000000 5065.000000 221.000000 2650.000000 40813.000000 2892.000000
878266 25.264473 5.741382 9048.000000 49870.000000 52827.000000 1424.000000 4487.000000 76.000000 3061.000000 40822.000000 2957.000000
879266 24.482589 5.617215 9246.000000 50139.000000 53069.000000 2064.000000 3853.000000 51.000000 3278.000000 40893.000000 2930.000000
880266 23.494943 5.476863 9564.000000 50549.000000 53443.000000 2990.000000 3154.000000 33.000000 3387.000000 40985.000000 2894.000000
881266 22.672956 5.355319 9880.000000 51013.000000 53853.000000 3976.000000 2482.000000 44.000000 3378.000000 41133.000000 2840.000000
882266 21.739800 5.198056 10202.000000 51540.000000 54328.000000 5089.000000 1838.000000 36.000000 3239.000000 41338.000000 2788.000000
883266 21.035451 5.062482 10427.000000 51990.000000 54736.000000 6033.000000 1124.000000 25.000000 3245.000000 41563.000000 2746.000000
884266 20.423114 4.954930 10676.000000 52436.000000 55137.000000 6938.000000 520.000000 31.000000 3187.000000 41760.000000 2701.000000
885266 19.980851 4.883449 10895.000000 52872.000000 55555.000000 7807.000000 326.000000 30.000000 2732.000000 41977.000000 2683.000000
886266 19.716157 4.843554 11085.000000 53275.000000 55930.000000 8538.000000 318.000000 54.000000 2175.000000 42190.000000 2655.000000
887266 19.510269 4.825590 11277.000000 53655.000000 56304.000000 9234.000000 361.000000 68.000000 1614.000000 42378.000000 2649.000000
888266 19.608677 4.878135 11463.000000 54059.000000 56702.000000 9906.000000 453.000000 123.000000 981.000000 42596.000000 2643.000000
889266 20.513181 5.118400 11563.000000 54348.000000 57010.000000 10182.000000 655.000000 256.000000 470.000000 42785.000000 2662.000000
890266 21.751969 5.420368 11548.000000 54405.000000 57081.000000 9827.000000 1049.000000 418.000000 254.000000 42857.000000 2676.000000
891266 22.748513 5.637534 11379.000000 54248.000000 56993.000000 9065.000000 1643.000000 468.000000 203.000000 42869.000000 2745.000000
892266 24.054539 5.899435 11141.000000 54025.000000 56819.000000 8125.000000 2268.000000 558.000000 190.000000 42884.000000 2794.000000
893266 25.391621 6.156047 10856.000000 53742.000000 56611.000000 7075.000000 2959.000000 616.000000 206.000000 42886.000000 2869.000000
894266 25.513305 6.104244 10535.000000 53431.000000 56387.000000 6236.000000 3584.000000 486.000000 229.000000 42896.000000 2956.000000
895266 25.906344 6.109399 10284.000000 53187.000000 56143.000000 5394.000000 4116.000000 474.000000 300.000000 42903.000000 2956.000000
896266 26.357717 6.149475 10064.000000 52965.000000 55956.000000 4564.000000 4604.000000 450.000000 446.000000 42901.000000 2991.000000
897266 26.701367 6.162370 9858.000000 52760.000000 55774.000000 3798.000000 4845.000000 423.000000 792.000000 42902.000000 3014.000000
898266 27.483547 6.302098 9717.000000 52617.000000 55664.000000 3060.000000 4926.000000 461.000000 1270.000000 42900.000000 3047.000000
899266 28.320051 6.458405 9614.000000 52512.000000 55571.000000 2235.000000 5013.000000 530.000000 1836.000000 42898.000000 3059.000000
900266 28.294113 6.430295 9501.000000 52414.000000 55534.000000 1577.000000 5057.000000 451.000000 2416.000000 42913.000000 3120.000000
901266 26.409730 6.015146 9537.000000 52468.000000 55593.000000 1448.000000 4884.000000 219.000000 2986.000000 42931.000000 3125.000000
902266 25.618609 5.884146 9619.000000 52585.000000 55777.000000 1956.000000 4360.000000 90.000000 3213.000000 42966.000000 3192.000000
903266 24.451411 5.699620 9917.000000 52947.000000 56109.000000 2831.000000 3744.000000 36.000000 3306.000000 43030.000000 3162.000000
904266 23.590549 5.581996 10265.000000 53412.000000 56521.000000 3832.000000 3119.000000 46.000000 3268.000000 43147.000000 3109.000000
905266 22.704361 5.454833 10623.000000 53911.000000 56977.000000 4890.000000 2515.000000 42.000000 3176.000000 43288.000000 3066.000000
906266 21.895775 5.330201 10962.000000 54438.000000 57465.000000 5974.000000 1858.000000 36.000000 3094.000000 43476.000000 3027.000000
907266 21.405886 5.244592 11170.000000 54832.000000 57831.000000 6786.000000 1148.000000 34.000000 3202.000000 43662.000000 2999.000000
908266 20.898329 5.153878 11403.000000 55271.000000 58228.000000 7665.000000 591.000000 44.000000 3103.000000 43868.000000 2957.000000
909266 20.567035 5.110884 11639.000000 55692.000000 58620.000000 8440.000000 410.000000 68.000000 2721.000000 44053.000000 2928.000000
910266 20.521173 5.126206 11802.000000 56057.000000 58991.000000 9094.000000 431.000000 90.000000 2187.000000 44255.000000 2934.000000
911266 20.430612 5.131056 11979.000000 56434.000000 59364.000000 9716.000000 525.000000 116.000000 1622.000000 44455.000000 2930.000000
912266 20.846561 5.273460 12184.000000 56835.000000 59771.000000 10289.000000 665.000000 216.000000 1014.000000 44651.000000 2936.000000
913266 21.481481 5.454576 12308.000000 57131.000000 60078.000000 10476.000000 1000.000000 330.000000 502.000000 44823.000000 2947.000000
914266 23.194792 5.867088 12206.000000 57115.000000 60115.000000 9890.000000 1494.000000 527.000000 295.000000 44909.000000 3000.000000
915266 24.050296 6.028919 11968.000000 56898.000000 59961.000000 8963.000000 2198.000000 552.000000 255.000000 44930.000000 3063.000000
916266 24.722748 6.120775 11698.000000 56641.000000 59731.000000 7984.000000 2890.000000 566.000000 258.000000 44943.000000 3090.000000
917266 25.324809 6.192429 11391.000000 56336.000000 59492.000000 7024.000000 3556.000000 528.000000 283.000000 44945.000000 3156.000000
918266 25.512560 6.154210 11116.000000 56069.000000 59244.000000 6227.000000 4060.000000 471.000000 358.000000 44953.000000 3175.000000
919266 25.843335 6.163513 10903.000000 55863.000000 59041.000000 5474.000000 4500.000000 461.000000 468.000000 44960.000000 3178.000000
920266 26.163042 6.174161 10708.000000 55664.000000 58842.000000 4679.000000 4845.000000 455.000000 729.000000 44956.000000 3178.000000
921266 26.243255 6.134624 10533.000000 55486.000000 58667.000000 3992.000000 4999.000000 418.000000 1124.000000 44953.000000 3181.000000
922266 26.692200 6.190110 10397.000000 55365.000000 58545.000000 3273.000000 4968.000000 444.000000 1712.000000 44968.000000 3180.000000
923266 27.759247 6.403461 10293.000000 55286.000000 58484.000000 2453.000000 4961.000000 547.000000 2332.000000 44993.000000 3198.000000
924266 27.238251 6.265823 10239.000000 55251.000000 58460.000000 1863.000000 5037.000000 454.000000 2885.000000 45012.000000 3209.000000
925266 25.614165 5.924814 10318.000000 55364.000000 58601.000000 1917.000000 4903.000000 235.000000 3263.000000 45046.000000 3237.000000
926266 24.627954 5.740228 10390.000000 55495.000000 58813.000000 2538.000000 4383.000000 58.000000 3411.000000 45105.000000 3318.000000
927266 23.563589 5.550956 10705.000000 55943.000000 59179.000000 3534.000000 3785.000000 49.000000 3337.000000 45238.000000 3236.000000
928266 22.773599 5.431867 11054.000000 56475.000000 59648.000000 4631.000000 3164.000000 67.000000 3192.000000 45421.000000 3173.000000
929266 22.008679 5.315255 11373.000000 56966.000000 60110.000000 5687.000000 2599.000000 51.000000 3036.000000 45593.000000 3144.000000
930266 21.307817 5.203706 11695.000000 57460.000000 60553.000000 6671.000000 1974.000000 58.000000 2992.000000 45765.000000 3093.000000
931266 20.674712 5.089029 11938.000000 57874.000000 60935.000000 7518.000000 1249.000000 40.000000 3131.000000 45936.000000 3061.000000
932266 20.325471 5.032626 12152.000000 58274.000000 61300.000000 8265.000000 695.000000 59.000000 3133.000000 46122.000000 3026.000000
933266 20.255225 5.043856 12337.000000 58657.000000 61679.000000 8961.000000 537.000000 89.000000 2750.000000 46320.000000 3022.000000
934266 20.003868 5.003628 12500.000000 59003.000000 62015.000000 9548.000000 612.000000 91.000000 2249.000000 46503.000000 3012.000000
935266 20.146310 5.075077 12706.000000 59389.000000 62403.000000 10130.000000 733.000000 153.000000 1690.000000 46683.000000 3014.000000
936266 20.958197 5.300533 12858.000000 59779.000000 62805.000000 10523.000000 965.000000 303.000000 1067.000000 46921.000000 3026.000000
937266 21.807515 5.537155 12961.000000 60040.000000 63101.000000 10617.000000 1364.000000 433.000000 547.000000 47079.000000 3061.000000
938266 23.186407 5.859982 12822.000000 59979.000000 63106.000000 9954.000000 1932.000000 571.000000 365.000000 47157.000000 3127.000000
939266 23.914148 5.985093 12544.000000 59719.000000 62923.000000 8963.000000 2681.000000 562.000000 338.000000 47175.000000 3204.000000
940266 24.829142 6.142436 12264.000000 59449.000000 62695.000000 7937.000000 3363.000000 605.000000 359.000000 47185.000000 3246.000000
941266 24.931021 6.079393 11950.000000 59152.000000 62424.000000 7019.000000 4002.000000 523.000000 406.000000 47202.000000 3272.000000
942266 25.020005 6.031669 11671.000000 58880.000000 62205.000000 6298.000000 4448.000000 427.000000 498.000000 47209.000000 3325.000000
943266 25.581553 6.099744 11456.000000 58687.000000 62019.000000 5603.000000 4743.000000 451.000000 659.000000 47231.000000 3332.000000
944266 26.112556 6.167130 11256.000000 58494.000000 61844.000000 4887.000000 4907.000000 464.000000 998.000000 47238.000000 3350.000000
945266 25.895946 6.065566 11083.000000 58338.000000 61709.000000 4262.000000 4966.000000 372.000000 1483.000000 47255.000000 3371.000000
946266 27.086966 6.303148 10972.000000 58253.000000 61620.000000 3553.000000 4814.000000 517.000000 2088.000000 47281.000000 3367.000000
947266 27.647964 6.416314 10899.000000 58198.000000 61593.000000 2808.000000 4867.000000 557.000000 2667.000000 47299.000000 3395.000000
948266 27.497901 6.375627 10842.000000 58191.000000 61641.000000 2280.000000 4897.000000 480.000000 3185.000000 47349.000000 3450.000000
949266 25.433125 5.935822 10983.000000 58381.000000 61828.000000 2471.000000 4820.000000 223.000000 3469.000000 47398.000000 3447.000000
950266 24.208655 5.700533 11163.000000 58653.000000 62117.000000 3287.000000 4347.000000 77.000000 3452.000000 47490.000000 3464.000000
951266 23.143988 5.517186 11515.000000 59154.000000 62550.000000 4379.000000 3814.000000 55.000000 3267.000000 47639.000000 3396.000000
952266 22.331821 5.387569 11870.000000 59697.000000 63034.000000 5482.000000 3245.000000 59.000000 3084.000000 47827.000000 3337.000000
953266 21.696711 5.288189 12188.000000 60211.000000 63500.000000 6549.000000 2704.000000 69.000000 2866.000000 48023.000000 3289.000000
954266 21.339633 5.230211 12394.000000 60631.000000 63898.000000 7366.000000 2068.000000 75.000000 2885.000000 48237.000000 3267.000000
955266 20.873418 5.134832 12553.000000 60981.000000 64228.000000 8041.000000 1405.000000 51.000000 3056.000000 48428.000000 3247.000000
956266 20.577369 5.089366 12750.000000 61347.000000 64566.000000 8685.000000 878.000000 67.000000 3120.000000 48597.000000 3219.000000
957266 20.590241 5.115606 12907.000000 61697.000000 64919.000000 9277.000000 732.000000 99.000000 2799.000000 48790.000000 3222.000000
958266 20.834616 5.190444 13017.000000 61986.000000 65216.000000 9675.000000 801.000000 155.000000 2386.000000 48969.000000 3230.000000
959266 20.979021 5.256822 13203.000000 62387.000000 65629.000000 10221.000000 995.000000 208.000000 1779.000000 49184.000000 3242.000000
960266 21.816980 5.499682 13370.000000 62749.000000 66022.000000 10566.000000 1264.000000 358.000000 1182.000000 49379.000000 3273.000000
961266 22.797804 5.761863 13442.000000 62984.000000 66298.000000 10521.000000 1761.000000 506.000000 654.000000 49542.000000 3314.000000
962266 23.603344 5.924528 13282.000000 62903.000000 66250.000000 9814.000000 2401.000000 578.000000 489.000000 49621.000000 3347.000000
963266 24.524970 6.096342 13016.000000 62652.000000 66056.000000 8845.000000 3104.000000 623.000000 444.000000 49636.000000 3404.000000
964266 25.252275 6.198900 12688.000000 62337.000000 65802.000000 7847.000000 3748.000000 614.000000 479.000000 49649.000000 3465.000000
965266 25.209027 6.115135 12390.000000 62058.000000 65575.000000 7074.000000 4291.000000 493.000000 532.000000 49668.000000 3517.000000
966266 24.811646 5.946988 12166.000000 61848.000000 65344.000000 6477.000000 4622.000000 390.000000 677.000000 49682.000000 3496.000000
967266 25.024198 5.948583 12030.000000 61725.000000 65192.000000 5929.000000 4809.000000 411.000000 881.000000 49695.000000 3467.000000
968266 25.446720 5.999016 11834.000000 61544.000000 65044.000000 5306.000000 4839.000000 402.000000 1287.000000 49710.000000 3500.000000
969266 25.352205 5.932373 11710.000000 61435.000000 64915.000000 4784.000000 4702.000000 371.000000 1853.000000 49725.000000 3480.000000
970266 26.632268 6.207024 11648.000000 61393.000000 64862.000000 4065.000000 4576.000000 557.000000 2450.000000 49745.000000 3469.000000
971266 26.954733 6.261950 11581.000000 61367.000000 64852.000000 3401.000000 4613.000000 576.000000 2991.000000 49786.000000 3485.000000
972266 26.170817 6.099044 11648.000000 61470.000000 64961.000000 3012.000000 4784.000000 471.000000 3381.000000 49822.000000 3491.000000
973266 24.305646 5.715863 11858.000000 61742.000000 65222.000000 3322.000000 4804.000000 248.000000 3484.000000 49884.000000 3480.000000
974266 23.297398 5.505385 11984.000000 62047.000000 65554.000000 4144.000000 4436.000000 102.000000 3302.000000 50063.000000 3507.000000
975266 22.248288 5.316828 12343.000000 62569.000000 65998.000000 5227.000000 3988.000000 80.000000 3048.000000 50226.000000 3429.000000
976266 21.753206 5.255637 12654.000000 63073.000000 66481.000000 6244.000000 3517.000000 86.000000 2807.000000 50419.000000 3408.000000
977266 21.015247 5.126520 12965.000000 63580.000000 66946.000000 7233.000000 3028.000000 66.000000 2638.000000 50615.000000 3366.000000
978266 20.832576 5.109305 13180.000000 63966.000000 67289.000000 7892.000000 2388.000000 115.000000 2785.000000 50786.000000 3323.000000
979266 20.407550 5.022412 13322.000000 64283.000000 67597.000000 8473.000000 1731.000000 81.000000 3037.000000 50961.000000 3314.000000
980266 20.263346 5.008320 13485.000000 64608.000000 67907.000000 9031.000000 1144.000000 102.000000 3208.000000 51123.000000 3299.000000
981266 20.355766 5.035718 13572.000000 64880.000000 68173.000000 9411.000000 996.000000 140.000000 3025.000000 51308.000000 3293.000000
982266 20.558167 5.108253 13734.000000 65211.000000 68497.000000 9804.000000 1102.000000 213.000000 2615.000000 51477.000000 3286.000000
983266 21.128891 5.271334 13883.000000 65580.000000 68882.000000 10185.000000 1329.000000 329.000000 2040.000000 51697.000000 3302.000000
984266 21.896046 5.490366 14006.000000 65918.000000 69285.000000 10433.000000 1722.000000 437.000000 1414.000000 51912.000000 3367.000000
985266 22.624175 5.666537 14002.000000 66118.000000 69531.000000 10383.000000 2237.000000 527.000000 855.000000 52116.000000 3413.000000
986266 23.663326 5.878374 13828.000000 66057.000000 69492.000000 9688.000000 2838.000000 650.000000 652.000000 52229.000000 3435.000000
987266 24.341295 5.984965 13496.000000 65762.000000 69307.000000 8748.000000 3518.000000 603.000000 627.000000 52266.000000 3545.000000
988266 24.545617 5.963343 13193.000000 65484.000000 69072.000000 7925.000000 4097.000000 531.000000 640.000000 52291.000000 3588.000000
989266 24.315317 5.830052 12898.000000 65227.000000 68833.000000 7248.000000 4512.000000 407.000000 731.000000 52329.000000 3606.000000
990266 24.069418 5.716991 12735.000000 65083.000000 68655.000000 6744.000000 4714.000000 353.000000 924.000000 52348.000000 3572.000000
991266 24.520836 5.785811 12591.000000 64964.000000 68547.000000 6274.000000 4706.000000 383.000000 1228.000000 52373.000000 3583.000000
992266 24.489287 5.745262 12495.000000 64878.000000 68439.000000 5860.000000 4610.000000 371.000000 1654.000000 52383.000000 3561.000000
993266 24.970214 5.825300 12390.000000 64800.000000 68357.000000 5283.000000 4465.000000 425.000000 2217.000000 52410.000000 3557.000000
994266 25.505384 5.926164 12337.000000 64799.000000 68341.000000 4679.000000 4415.000000 508.000000 2735.000000 52462.000000 3542.000000
995266 26.404883 6.133517 12313.000000 64833.000000 68411.000000 4084.000000 4436.000000 618.000000 3175.000000 52520.000000 3578.000000
996266 26.080140 6.064981 12338.000000 64965.000000 68574.000000 3728.000000 4677.000000 550.000000 3383.000000 52627.000000 3609.000000
997266 23.887820 5.590486 12516.000000 65266.000000 68867.000000 4097.000000 4814.000000 249.000000 3356.000000 52750.000000 3601.000000
998266 23.071739 5.439131 12692.000000 65608.000000 69239.000000 4933.000000 4507.000000 135.000000 3117.000000 52916.000000 3631.000000
999266 22.470823 5.335094 12934.000000 66049.000000 69652.000000 5840.000000 4120.000000 113.000000 2861.000000 53115.000000 3603.000000
1000266 21.697720 5.198676 13246.000000 66561.000000 70114.000000 6820.000000 3768.000000 92.000000 2566.000000 53315.000000 3553.000000
1001266 21.417212 5.157666 13443.000000 66963.000000 70497.000000 7589.000000 3221.000000 102.000000 2531.000000 53520.000000 3534.000000
1002266 21.206816 5.129943 13623.000000 67326.000000 70839.000000 8204.000000 2635.000000 121.000000 2663.000000 53703.000000 3513.000000
1003266 21.121615 5.123228 13726.000000 67571.000000 71088.000000 8580.000000 2002.000000 125.000000 3019.000000 53845.000000 3517.000000
1004266 21.027232 5.126912 13890.000000 67872.000000 71388.000000 9054.000000 1418.000000 144.000000 3274.000000 53982.000000 3516.000000
1005266 21.173382 5.178310 13990.000000 68113.000000 71645.000000 9348.000000 1281.000000 178.000000 3183.000000 54123.000000 3532.000000
1006266 21.787393 5.344466 14100.000000 68424.000000 71981.000000 9666.000000 1396.000000 290.000000 2748.000000 54324.000000 3557.000000
1007266 22.222846 5.469927 14211.000000 68746.000000 72341.000000 9980.000000 1661.000000 362.000000 2208.000000 54535.000000 3595.000000
1008266 23.045475 5.664143 14224.000000 69018.000000 72650.000000 10100.000000 2042.000000 483.000000 1599.000000 54794.000000 3632.000000
1009266 23.495319 5.781441 14265.000000 69244.000000 72923.000000 10154.000000 2564.000000 537.000000 1010.000000 54979.000000 3679.000000
1010266 24.191469 5.919221 14095.000000 69169.000000 72915.000000 9606.000000 3115.000000 570.000000 804.000000 55074.000000 3746.000000
1011266 24.563201 5.937625 13813.000000 68931.000000 72689.000000 8813.000000 3648.000000 558.000000 794.000000 55118.000000 3758.000000
1012266 24.359493 5.813986 13554.000000 68709.000000 72446.000000 8159.000000 4085.000000 475.000000 835.000000 55155.000000 3737.000000
1013266 24.335713 5.753425 13349.000000 68533.000000 72270.000000 7598.000000 4392.000000 421.000000 938.000000 55184.000000 3737.000000
1014266 24.181152 5.671025 13181.000000 68388.000000 72121.000000 7161.000000 4479.000000 357.000000 1184.000000 55207.000000 3733.000000
1015266 24.284187 5.672106 13086.000000 68324.000000 72072.000000 6816.000000 4478.000000 340.000000 1452.000000 55238.000000 3748.000000
1016266 24.317233 5.661451 13034.000000 68295.000000 72031.000000 6466.000000 4363.000000 342.000000 1863.000000 55261.000000 3736.000000
1017266 25.109210 5.827616 12994.000000 68285.000000 72002.000000 5971.000000 4223.000000 479.000000 2321.000000 55291.000000 3717.000000
1018266 25.348990 5.874349 12979.000000 68313.000000 72025.000000 5460.000000 4202.000000 519.000000 2798.000000 55334.000000 3712.000000
1019266 25.884890 5.992790 12972.000000 68395.000000 72120.000000 4957.000000 4339.000000 597.000000 3079.000000 55423.000000 3725.000000
1020266 25.769806 5.963004 12994.000000 68548.000000 72279.000000 4520.000000 4678.000000 579.000000 3217.000000 55554.000000 3731.000000
1021266 23.934504 5.578057 13193.000000 68864.000000 72588.000000 4846.000000 4900.000000 325.000000 3122.000000 55671.000000 3724.000000
1022266 23.200702 5.436646 13300.000000 69141.000000 72931.000000 5534.000000 4684.000000 175.000000 2907.000000 55841.000000 3790.000000
1023266 22.538141 5.316539 13549.000000 69601.000000 73356.000000 6416.000000 4365.000000 145.000000 2623.000000 56052.000000 3755.000000
1024266 21.994168 5.217474 13764.000000 70006.000000 73733.000000 7139.000000 4039.000000 120.000000 2466.000000 56242.000000 3727.000000
1025266 21.735186 5.174485 13928.000000 70368.000000 74075.000000 7767.000000 3550.000000 126.000000 2485.000000 56440.000000 3707.000000
1026266 21.858786 5.213041 14032.000000 70652.000000 74352.000000 8175.000000 2979.000000 176.000000 2702.000000 56620.000000 3700.000000
1027266 21.716690 5.189217 14112.000000 70884.000000 74597.000000 8524.000000 2384.000000 158.000000 3046.000000 56772.000000 3713.000000
1028266 21.732820 5.203085 14201.000000 71109.000000 74821.000000 8787.000000 1798.000000 181.000000 3435.000000 56908.000000 3712.000000
1029266 21.966632 5.277245 14307.000000 71362.000000 75096.000000 9043.000000 1680.000000 229.000000 3355.000000 57055.000000 3734.000000
1030266 22.439427 5.404151 14388.000000 71633.000000 75405.000000 9295.000000 1804.000000 303.000000 2986.000000 57245.000000 3772.000000
1031266 22.577647 5.452121 14522.000000 71966.000000 75732.000000 9663.000000 2007.000000 363.000000 2489.000000 57444.000000 3766.000000
1032266 23.402286 5.652860 14590.000000 72270.000000 76050.000000 9816.000000 2368.000000 519.000000 1887.000000 57680.000000 3780.000000
1033266 23.661850 5.725811 14657.000000 72536.000000 76356.000000 10027.000000 2839.000000 552.000000 1239.000000 57879.000000 3820.000000
1034266 24.228883 5.824251 14470.000000 72456.000000 76336.000000 9586.000000 3282.000000 566.000000 1036.000000 57986.000000 3880.000000
1035266 24.311371 5.791415 14231.000000 72278.000000 76199.000000 9050.000000 3675.000000 492.000000 1014.000000 58047.000000 3921.000000
1036266 24.290168 5.737166 14016.000000 72102.000000 76048.000000 8602.000000 3904.000000 417.000000 1093.000000 58086.000000 3946.000000
1037266 24.412591 5.720947 13818.000000 71942.000000 75914.000000 8164.000000 4040.000000 371.000000 1243.000000 58124.000000 3972.000000
1038266 24.255657 5.642331 13687.000000 71856.000000 75802.000000 7807.000000 4115.000000 331.000000 1434.000000 58169.000000 3946.000000
1039266 24.251924 5.616272 13619.000000 71836.000000 75762.000000 7523.000000 4105.000000 329.000000 1662.000000 58217.000000 3926.000000
1040266 24.361324 5.615708 13560.000000 71836.000000 75734.000000 7200.000000 3940.000000 355.000000 2065.000000 58276.000000 3898.000000
1041266 24.862227 5.716511 13548.000000 71891.000000 75763.000000 6833.000000 3871.000000 459.000000 2385.000000 58343.000000 3872.000000
1042266 25.194909 5.793796 13560.000000 71973.000000 75857.000000 6398.000000 3965.000000 511.000000 2686.000000 58413.000000 3884.000000
1043266 25.899610 5.951205 13564.000000 72063.000000 75951.000000 5811.000000 4245.000000 632.000000 2876.000000 58499.000000 3888.000000
1044266 25.950309 5.955853 13569.000000 72211.000000 76110.000000 5265.000000 4774.000000 634.000000 2896.000000 58642.000000 3899.000000
1045266 23.963657 5.523126 13749.000000 72545.000000 76406.000000 5466.000000 5208.000000 359.000000 2716.000000 58796.000000 3861.000000
1046266 23.264319 5.389729 13857.000000 72803.000000 76720.000000 6041.000000 5056.000000 218.000000 2542.000000 58946.000000 3917.000000
1047266 22.732350 5.283038 14035.000000 73170.000000 77039.000000 6628.000000 4849.000000 201.000000 2357.000000 59135.000000 3869.000000
1048266 22.203174 5.188679 14212.000000 73509.000000 77380.000000 7222.000000 4554.000000 144.000000 2292.000000 59297.000000 3871.000000
1049266 22.055993 5.165595 14314.000000 73762.000000 77629.000000 7609.000000 4082.000000 143.000000 2480.000000 59448.000000 3867.000000
1050266 22.133479 5.196774 14426.000000 74002.000000 77856.000000 7928.000000 3520.000000 192.000000 2786.000000 59576.000000 3854.000000
1051266 21.918032 5.157597 14521.000000 74227.000000 78079.000000 8232.000000 2866.000000 175.000000 3248.000000 59706.000000 3852.000000
1052266 22.085293 5.217258 14644.000000 74460.000000 78317.000000 8449.000000 2208.000000 229.000000 3758.000000 59816.000000 3857.000000
1053266 22.386376 5.302809 14746.000000 74713.000000 78581.000000 8642.000000 2056.000000 299.000000 3749.000000 59967.000000 3868.000000
1054266 22.440692 5.324746 14816.000000 74977.000000 78877.000000 8989.000000 2109.000000 300.000000 3418.000000 60161.000000 3900.000000
1055266 22.553237 5.362645 14947.000000 75312.000000 79196.000000 9370.000000 2254.000000 363.000000 2960.000000 60365.000000 3884.000000
1056266 23.044142 5.501614 15092.000000 75698.000000 79613.000000 9795.000000 2546.000000 465.000000 2286.000000 60606.000000 3915.000000
1057266 22.949444 5.474516 15164.000000 76030.000000 79934.000000 10151.000000 2952.000000 472.000000 1589.000000 60866.000000 3904.000000
1058266 23.211548 5.490382 15032.000000 76077.000000 79958.000000 9953.000000 3298.000000 509.000000 1272.000000 61045.000000 3881.000000
1059266 23.229356 5.445644 14805.000000 75945.000000 79862.000000 9579.000000 3570.000000 432.000000 1224.000000 61140.000000 3917.000000
1060266 22.774148 5.289957 14626.000000 75841.000000 79736.000000 9338.000000 3675.000000 323.000000 1290.000000 61215.000000 3895.000000
1061266 22.923027 5.281071 14493.000000 75773.000000 79624.000000 8997.000000 3710.000000 354.000000 1432.000000 61280.000000 3851.000000
1062266 22.828648 5.235773 14425.000000 75744.000000 79568.000000 8704.000000 3790.000000 342.000000 1589.000000 61319.000000 3824.000000
1063266 23.156099 5.288431 14326.000000 75709.000000 79551.000000 8381.000000 3765.000000 365.000000 1815.000000 61383.000000 3842.000000
1064266 23.343290 5.304440 14247.000000 75725.000000 79556.000000 8089.000000 3675.000000 389.000000 2094.000000 61478.000000 3831.000000
1065266 23.909192 5.422171 14228.000000 75804.000000 79636.000000 7675.000000 3725.000000 486.000000 2342.000000 61576.000000 3832.000000
1066266 24.614449 5.583909 14251.000000 75907.000000 79747.000000 7186.000000 3902.000000 613.000000 2550.000000 61656.000000 3840.000000
1067266 25.298343 5.733210 14237.000000 76005.000000 79868.000000 6474.000000 4402.000000 716.000000 2645.000000 61768.000000 3863.000000
1068266 25.192816 5.713964 14286.000000 76166.000000 80032.000000 5867.000000 5132.000000 707.000000 2580.000000 61880.000000 3866.000000
1069266 23.497507 5.341353 14401.000000 76446.000000 80298.000000 5801.000000 5667.000000 437.000000 2496.000000 62045.000000 3852.000000
1070266 22.952962 5.231483 14436.000000 76657.000000 80589.000000 6202.000000 5629.000000 284.000000 2321.000000 62221.000000 3932.000000
1071266 22.508786 5.147641 14566.000000 76943.000000 80872.000000 6681.000000 5418.000000 234.000000 2233.000000 62377.000000 3929.000000
1072266 21.962341 5.044978 14723.000000 77232.000000 81150.000000 7148.000000 5139.000000 176.000000 2260.000000 62509.000000 3918.000000
1073266 22.052542 5.076704 14792.000000 77416.000000 81352.000000 7357.000000 4655.000000 194.000000 2586.000000 62624.000000 3936.000000
1074266 22.059448 5.094074 14882.000000 77627.000000 81585.000000 7664.000000 4013.000000 198.000000 3007.000000 62745.000000 3958.000000
1075266 22.015873 5.088477 14946.000000 77819.000000 81773.000000 7880.000000 3238.000000 207.000000 3621.000000 62873.000000 3954.000000
1076266 22.335774 5.170543 15014.000000 78034.000000 82003.000000 8101.000000 2478.000000 271.000000 4164.000000 63020.000000 3969.000000
1077266 22.614860 5.237684 15039.000000 78225.000000 82231.000000 8289.000000 2201.000000 301.000000 4248.000000 63186.000000 4006.000000
1078266 22.629715 5.261947 15164.000000 78523.000000 82555.000000 8730.000000 2224.000000 312.000000 3898.000000 63359.000000 4032.000000
1079266 22.777548 5.313416 15331.000000 78924.000000 82941.000000 9249.000000 2329.000000 390.000000 3363.000000 63593.000000 4017.000000
1080266 22.927481 5.350525 15419.000000 79337.000000 83375.000000 9829.000000 2582.000000 423.000000 2585.000000 63918.000000 4038.000000
1081266 23.269927 5.444003 15528.000000 79736.000000 83817.000000 10430.000000 2806.000000 482.000000 1810.000000 64208.000000 4081.000000
1082266 23.324301 5.434058 15455.000000 79848.000000 83952.000000 10499.000000 3057.000000 458.000000 1441.000000 64393.000000 4104.000000
1083266 23.382110 5.409400 15278.000000 79761.000000 83891.000000 10285.000000 3233.000000 408.000000 1352.000000 64483.000000 4130.000000
1084266 22.815207 5.246774 15183.000000 79744.000000 83842.000000 10200.000000 3332.000000 301.000000 1350.000000 64561.000000 4098.000000
1085266 23.084940 5.285072 15107.000000 79738.000000 83821.000000 9938.000000 3371.000000 347.000000 1451.000000 64631.000000 4083.000000
1086266 22.816474 5.202740 15035.000000 79728.000000 83802.000000 9724.000000 3417.000000 286.000000 1608.000000 64693.000000 4074.000000
1087266 22.969850 5.218190 15035.000000 79800.000000 83803.000000 9471.000000 3413.000000 370.000000 1781.000000 64765.000000 4003.000000
1088266 23.286876 5.263660 14931.000000 79790.000000 83801.000000 9081.000000 3458.000000 400.000000 1992.000000 64859.000000 4011.000000
1089266 24.048963 5.433759 14964.000000 79894.000000 83883.000000 8572.000000 3647.000000 569.000000 2176.000000 64930.000000 3989.000000
1090266 24.558071 5.542588 14954.000000 79971.000000 83968.000000 7915.000000 4068.000000 657.000000 2314.000000 65017.000000 3997.000000
1091266 24.785425 5.596775 14957.000000 80068.000000 84102.000000 7188.000000 4749.000000 673.000000 2347.000000 65111.000000 4034.000000
1092266 25.446804 5.744494 14989.000000 80237.000000 84272.000000 6386.000000 5533.000000 806.000000 2264.000000 65248.000000 4035.000000
1093266 23.629796 5.343403 15065.000000 80440.000000 84478.000000 6140.000000 6220.000000 476.000000 2229.000000 65375.000000 4038.000000
