761890 0.646502 0.140000 8662.000000 40000.000000 40000.000000 1996.000000 2933.000000 56.000000 3677.000000 31338.000000 0.000000
762890 0.298679 0.064438 8705.000000 40349.000000 40349.000000 2702.000000 2285.000000 26.000000 3692.000000 31644.000000 0.000000
763890 0.193446 0.041696 8788.000000 40771.000000 40771.000000 3565.000000 1681.000000 17.000000 3525.000000 31983.000000 0.000000
764890 0.157889 0.033976 8867.000000 41206.000000 41206.000000 4416.000000 1200.000000 14.000000 3237.000000 32339.000000 0.000000
765890 0.112070 0.024021 8923.000000 41630.000000 41630.000000 5255.000000 791.000000 10.000000 2867.000000 32707.000000 0.000000
766890 0.233515 0.050012 8993.000000 41990.000000 41990.000000 5943.000000 532.000000 21.000000 2497.000000 32997.000000 0.000000
767890 0.386527 0.082647 9055.000000 42349.000000 42349.000000 6593.000000 420.000000 35.000000 2007.000000 33294.000000 0.000000
768890 0.732881 0.156953 9142.000000 42688.000000 42688.000000 7166.000000 368.000000 67.000000 1541.000000 33546.000000 0.000000
769890 0.871270 0.186185 9182.000000 42968.000000 42968.000000 7562.000000 431.000000 80.000000 1109.000000 33786.000000 0.000000
770890 1.551144 0.331049 9219.000000 43196.000000 43196.000000 7757.000000 570.000000 143.000000 749.000000 33977.000000 0.000000
771890 2.111532 0.449848 9235.000000 43348.000000 43348.000000 7733.000000 813.000000 195.000000 494.000000 34113.000000 0.000000
772890 2.890236 0.614683 9238.000000 43437.000000 43437.000000 7416.000000 1207.000000 267.000000 348.000000 34199.000000 0.000000
773890 4.092238 0.868926 9237.000000 43502.000000 43502.000000 6888.000000 1734.000000 378.000000 237.000000 34265.000000 0.000000
774890 4.891775 1.037959 9240.000000 43547.000000 43547.000000 6149.000000 2450.000000 452.000000 189.000000 34307.000000 0.000000
775890 4.715043 1.000367 9247.000000 43584.000000 43584.000000 5373.000000 3239.000000 436.000000 199.000000 34337.000000 0.000000
776890 4.486972 0.951791 9249.000000 43602.000000 43602.000000 4590.000000 3971.000000 415.000000 273.000000 34353.000000 0.000000
777890 4.063108 0.862029 9254.000000 43618.000000 43618.000000 3866.000000 4588.000000 376.000000 424.000000 34364.000000 0.000000
778890 3.906756 0.829590 9266.000000 43636.000000 43636.000000 3188.000000 5053.000000 362.000000 663.000000 34370.000000 0.000000
779890 4.337973 0.920878 9267.000000 43654.000000 43654.000000 2427.000000 5453.000000 402.000000 985.000000 34387.000000 0.000000
780890 3.408478 0.723162 9271.000000 43697.000000 43697.000000 1902.000000 5646.000000 316.000000 1407.000000 34426.000000 0.000000
781890 2.973817 0.630771 9281.000000 43756.000000 43756.000000 1505.000000 5535.000000 276.000000 1965.000000 34475.000000 0.000000
782890 1.958674 0.415061 9292.000000 43849.000000 43849.000000 1337.000000 5145.000000 182.000000 2628.000000 34557.000000 0.000000
783890 1.148932 0.243243 9313.000000 43989.000000 43989.000000 1455.000000 4549.000000 107.000000 3202.000000 34676.000000 0.000000
784890 0.791952 0.167485 9344.000000 44183.000000 44183.000000 1765.000000 3870.000000 74.000000 3635.000000 34839.000000 0.000000
785890 0.638026 0.134950 9404.000000 44461.000000 44461.000000 2289.000000 3177.000000 60.000000 3878.000000 35057.000000 0.000000
786890 0.476090 0.100408 9452.000000 44817.000000 44817.000000 2977.000000 2507.000000 45.000000 3923.000000 35365.000000 0.000000
787890 0.136097 0.028712 9552.000000 45277.000000 45277.000000 3915.000000 1837.000000 13.000000 3787.000000 35725.000000 0.000000
788890 0.197239 0.041546 9633.000000 45732.000000 45732.000000 4820.000000 1287.000000 19.000000 3507.000000 36099.000000 0.000000
789890 0.205634 0.043316 9726.000000 46172.000000 46172.000000 5682.000000 852.000000 20.000000 3172.000000 36446.000000 0.000000
790890 0.224742 0.047237 9789.000000 46574.000000 46574.000000 6445.000000 585.000000 22.000000 2737.000000 36785.000000 0.000000
791890 0.497462 0.104342 9850.000000 46961.000000 46961.000000 7129.000000 474.000000 49.000000 2198.000000 37111.000000 0.000000
792890 0.596200 0.124686 9896.000000 47319.000000 47319.000000 7743.000000 446.000000 59.000000 1648.000000 37423.000000 0.000000
793890 0.841346 0.176297 9984.000000 47647.000000 47647.000000 8229.000000 498.000000 84.000000 1173.000000 37663.000000 0.000000
794890 1.521674 0.317520 9989.000000 47871.000000 47871.000000 8409.000000 627.000000 152.000000 801.000000 37882.000000 0.000000
795890 2.099580 0.437118 10002.000000 48042.000000 48042.000000 8353.000000 924.000000 210.000000 515.000000 38040.000000 0.000000
796890 3.174920 0.660601 10016.000000 48138.000000 48138.000000 7997.000000 1329.000000 318.000000 372.000000 38122.000000 0.000000
797890 3.980050 0.827715 10025.000000 48205.000000 48205.000000 7422.000000 1926.000000 399.000000 278.000000 38180.000000 0.000000
798890 5.148673 1.069474 10022.000000 48248.000000 48248.000000 6613.000000 2646.000000 516.000000 247.000000 38226.000000 0.000000
799890 4.683443 0.971376 10014.000000 48282.000000 48282.000000 5770.000000 3520.000000 469.000000 255.000000 38268.000000 0.000000
800890 4.680172 0.970854 10021.000000 48308.000000 48308.000000 4964.000000 4254.000000 469.000000 334.000000 38287.000000 0.000000
801890 4.637941 0.962175 10026.000000 48328.000000 48328.000000 4164.000000 4941.000000 465.000000 456.000000 38302.000000 0.000000
802890 4.209896 0.872911 10024.000000 48344.000000 48344.000000 3374.000000 5516.000000 422.000000 712.000000 38320.000000 0.000000
803890 3.698166 0.766925 10032.000000 48375.000000 48375.000000 2692.000000 5902.000000 371.000000 1067.000000 38343.000000 0.000000
804890 3.875660 0.803404 10037.000000 48419.000000 48419.000000 2032.000000 6073.000000 389.000000 1543.000000 38382.000000 0.000000
805890 2.637078 0.546527 10049.000000 48488.000000 48488.000000 1656.000000 6000.000000 265.000000 2128.000000 38439.000000 0.000000
806890 2.136328 0.442624 10064.000000 48574.000000 48574.000000 1443.000000 5522.000000 215.000000 2884.000000 38510.000000 0.000000
807890 1.191303 0.246300 10073.000000 48721.000000 48721.000000 1557.000000 4903.000000 120.000000 3493.000000 38648.000000 0.000000
808890 0.919699 0.190009 10112.000000 48945.000000 48945.000000 1930.000000 4154.000000 93.000000 3935.000000 38833.000000 0.000000
809890 0.502216 0.103576 10155.000000 49239.000000 49239.000000 2485.000000 3411.000000 51.000000 4208.000000 39084.000000 0.000000
810890 0.273946 0.056408 10221.000000 49638.000000 49638.000000 3286.000000 2648.000000 28.000000 4259.000000 39417.000000 0.000000
811890 0.233100 0.047899 10296.000000 50105.000000 50105.000000 4203.000000 2006.000000 24.000000 4063.000000 39809.000000 0.000000
812890 0.249305 0.051357 10429.000000 50626.000000 50626.000000 5221.000000 1369.000000 26.000000 3813.000000 40197.000000 0.000000
813890 0.076046 0.015657 10520.000000 51095.000000 51095.000000 6137.000000 939.000000 8.000000 3436.000000 40575.000000 0.000000
814890 0.273947 0.056269 10586.000000 51538.000000 51538.000000 6970.000000 656.000000 29.000000 2931.000000 40952.000000 0.000000
815890 0.433186 0.088559 10619.000000 51943.000000 51943.000000 7693.000000 531.000000 46.000000 2349.000000 41324.000000 0.000000
816890 0.776717 0.158663 10686.000000 52312.000000 52312.000000 8288.000000 489.000000 83.000000 1826.000000 41626.000000 0.000000
817890 0.930925 0.189869 10742.000000 52668.000000 52668.000000 8821.000000 556.000000 100.000000 1265.000000 41926.000000 0.000000
818890 1.346958 0.273988 10765.000000 52922.000000 52922.000000 9044.000000 730.000000 145.000000 846.000000 42157.000000 0.000000
819890 2.243649 0.455770 10786.000000 53097.000000 53097.000000 8950.000000 1026.000000 242.000000 568.000000 42311.000000 0.000000
820890 3.023858 0.614592 10814.000000 53206.000000 53206.000000 8603.000000 1465.000000 327.000000 419.000000 42392.000000 0.000000
821890 3.862899 0.782731 10795.000000 53275.000000 53275.000000 7932.000000 2146.000000 417.000000 300.000000 42480.000000 0.000000
822890 4.467259 0.905631 10812.000000 53333.000000 53333.000000 7136.000000 2935.000000 483.000000 258.000000 42521.000000 0.000000
823890 4.834088 0.979988 10819.000000 53368.000000 53368.000000 6194.000000 3814.000000 523.000000 288.000000 42549.000000 0.000000
824890 4.500508 0.912053 10821.000000 53396.000000 53396.000000 5287.000000 4668.000000 487.000000 379.000000 42575.000000 0.000000
825890 4.230556 0.857341 10826.000000 53421.000000 53421.000000 4467.000000 5376.000000 458.000000 525.000000 42595.000000 0.000000
826890 3.996677 0.810194 10834.000000 53444.000000 53444.000000 3675.000000 5931.000000 433.000000 795.000000 42610.000000 0.000000
827890 3.829473 0.776093 10837.000000 53473.000000 53473.000000 2946.000000 6271.000000 415.000000 1205.000000 42636.000000 0.000000
828890 3.864244 0.782826 10843.000000 53524.000000 53524.000000 2257.000000 6464.000000 419.000000 1703.000000 42681.000000 0.000000
829890 2.949853 0.597071 10848.000000 53595.000000 53595.000000 1796.000000 6357.000000 320.000000 2375.000000 42747.000000 0.000000
830890 2.143909 0.433827 10868.000000 53708.000000 53708.000000 1630.000000 5918.000000 233.000000 3087.000000 42840.000000 0.000000
831890 1.149108 0.232083 10878.000000 53860.000000 53860.000000 1728.000000 5243.000000 125.000000 3782.000000 42982.000000 0.000000
832890 0.733676 0.147855 10904.000000 54107.000000 54107.000000 2136.000000 4471.000000 80.000000 4217.000000 43203.000000 0.000000
833890 0.657354 0.132285 10953.000000 54428.000000 54428.000000 2739.000000 3640.000000 72.000000 4502.000000 43475.000000 0.000000
834890 0.361141 0.072876 11076.000000 54888.000000 54888.000000 3652.000000 2890.000000 40.000000 4494.000000 43812.000000 0.000000
835890 0.269566 0.054178 11129.000000 55373.000000 55373.000000 4605.000000 2183.000000 30.000000 4311.000000 44244.000000 0.000000
836890 0.187132 0.037568 11222.000000 55898.000000 55898.000000 5640.000000 1520.000000 21.000000 4041.000000 44676.000000 0.000000
837890 0.221848 0.044340 11269.000000 56382.000000 56382.000000 6573.000000 1019.000000 25.000000 3652.000000 45113.000000 0.000000
838890 0.256229 0.051022 11318.000000 56838.000000 56838.000000 7430.000000 723.000000 29.000000 3136.000000 45520.000000 0.000000
839890 0.410373 0.082030 11453.000000 57296.000000 57296.000000 8262.000000 567.000000 47.000000 2577.000000 45843.000000 0.000000
840890 0.723122 0.143895 11478.000000 57681.000000 57681.000000 8877.000000 547.000000 83.000000 1971.000000 46203.000000 0.000000
841890 1.023506 0.203252 11529.000000 58056.000000 58056.000000 9409.000000 621.000000 118.000000 1381.000000 46527.000000 0.000000
842890 1.476684 0.293069 11580.000000 58348.000000 58348.000000 9676.000000 813.000000 171.000000 920.000000 46768.000000 0.000000
843890 2.316769 0.459570 11611.000000 58533.000000 58533.000000 9565.000000 1130.000000 269.000000 647.000000 46922.000000 0.000000
844890 2.965773 0.586500 11599.000000 58653.000000 58653.000000 9174.000000 1647.000000 344.000000 434.000000 47054.000000 0.000000
845890 4.260263 0.842797 11619.000000 58733.000000 58733.000000 8438.000000 2347.000000 495.000000 339.000000 47114.000000 0.000000
846890 4.367263 0.864004 11632.000000 58796.000000 58796.000000 7581.000000 3253.000000 508.000000 290.000000 47164.000000 0.000000
847890 4.630584 0.916075 11640.000000 58838.000000 58838.000000 6626.000000 4164.000000 539.000000 311.000000 47198.000000 0.000000
848890 4.337370 0.857793 11643.000000 58872.000000 58872.000000 5731.000000 5000.000000 505.000000 407.000000 47229.000000 0.000000
849890 4.218213 0.833758 11640.000000 58890.000000 58890.000000 4852.000000 5692.000000 491.000000 605.000000 47250.000000 0.000000
850890 4.301537 0.850363 11647.000000 58916.000000 58916.000000 3961.000000 6301.000000 501.000000 884.000000 47269.000000 0.000000
851890 3.774880 0.746370 11656.000000 58952.000000 58952.000000 3166.000000 6729.000000 440.000000 1321.000000 47296.000000 0.000000
852890 3.469545 0.686348 11673.000000 59008.000000 59008.000000 2459.000000 6917.000000 405.000000 1892.000000 47335.000000 0.000000
853890 2.830269 0.560049 11695.000000 59102.000000 59102.000000 2021.000000 6738.000000 331.000000 2605.000000 47407.000000 0.000000
854890 2.032972 0.401851 11707.000000 59226.000000 59226.000000 1854.000000 6257.000000 238.000000 3358.000000 47519.000000 0.000000
855890 1.201739 0.237378 11733.000000 59399.000000 59399.000000 1979.000000 5529.000000 141.000000 4084.000000 47666.000000 0.000000
856890 0.779067 0.154140 11809.000000 59686.000000 59686.000000 2452.000000 4760.000000 92.000000 4505.000000 47877.000000 0.000000
857890 0.633072 0.124927 11847.000000 60035.000000 60035.000000 3067.000000 3970.000000 75.000000 4735.000000 48188.000000 0.000000
858890 0.368880 0.072722 11928.000000 60504.000000 60504.000000 3986.000000 3108.000000 44.000000 4790.000000 48576.000000 0.000000
859890 0.317487 0.062271 11969.000000 61024.000000 61024.000000 5007.000000 2332.000000 38.000000 4592.000000 49055.000000 0.000000
860890 0.207762 0.040607 12033.000000 61565.000000 61565.000000 6069.000000 1666.000000 25.000000 4273.000000 49532.000000 0.000000
861890 0.272120 0.053162 12127.000000 62074.000000 62074.000000 7041.000000 1147.000000 33.000000 3906.000000 49947.000000 0.000000
862890 0.377699 0.073556 12179.000000 62537.000000 62537.000000 7900.000000 822.000000 46.000000 3411.000000 50358.000000 0.000000
863890 0.424386 0.082490 12253.000000 63038.000000 63038.000000 8803.000000 669.000000 52.000000 2729.000000 50785.000000 0.000000
864890 0.928793 0.179655 12274.000000 63455.000000 63455.000000 9442.000000 632.000000 114.000000 2086.000000 51181.000000 0.000000
865890 1.084055 0.209877 12361.000000 63847.000000 63847.000000 9990.000000 713.000000 134.000000 1524.000000 51486.000000 0.000000
866890 1.839155 0.355467 12397.000000 64141.000000 64141.000000 10200.000000 913.000000 228.000000 1056.000000 51744.000000 0.000000
867890 2.477477 0.478603 12432.000000 64354.000000 64354.000000 10060.000000 1334.000000 308.000000 730.000000 51922.000000 0.000000
868890 3.078650 0.595303 12473.000000 64505.000000 64505.000000 9713.000000 1863.000000 384.000000 513.000000 52032.000000 0.000000
869890 4.174679 0.806589 12480.000000 64593.000000 64593.000000 8917.000000 2644.000000 521.000000 398.000000 52113.000000 0.000000
870890 4.073955 0.787048 12494.000000 64672.000000 64672.000000 8082.000000 3572.000000 509.000000 331.000000 52178.000000 0.000000
871890 4.672374 0.902363 12499.000000 64719.000000 64719.000000 7082.000000 4491.000000 584.000000 342.000000 52220.000000 0.000000
872890 4.135669 0.798431 12501.000000 64752.000000 64752.000000 6161.000000 5328.000000 517.000000 495.000000 52251.000000 0.000000
873890 4.079347 0.787341 12502.000000 64775.000000 64775.000000 5266.000000 6038.000000 510.000000 688.000000 52273.000000 0.000000
874890 4.308209 0.831713 12511.000000 64806.000000 64806.000000 4298.000000 6629.000000 539.000000 1045.000000 52295.000000 0.000000
875890 3.889776 0.750952 12520.000000 64851.000000 64851.000000 3480.000000 7028.000000 487.000000 1525.000000 52331.000000 0.000000
876890 3.570002 0.688688 12521.000000 64906.000000 64906.000000 2737.000000 7236.000000 447.000000 2101.000000 52385.000000 0.000000
877890 2.994490 0.576843 12523.000000 65009.000000 65009.000000 2270.000000 6998.000000 375.000000 2880.000000 52486.000000 0.000000
878890 2.055286 0.396046 12553.000000 65144.000000 65144.000000 2080.000000 6607.000000 258.000000 3608.000000 52591.000000 0.000000
879890 1.438563 0.276919 12582.000000 65362.000000 65362.000000 2259.000000 5857.000000 181.000000 4285.000000 52780.000000 0.000000
880890 0.800507 0.153827 12617.000000 65658.000000 65658.000000 2725.000000 5089.000000 101.000000 4702.000000 53041.000000 0.000000
881890 0.733844 0.140843 12673.000000 66031.000000 66031.000000 3372.000000 4259.000000 93.000000 4949.000000 53358.000000 0.000000
882890 0.417060 0.079663 12708.000000 66530.000000 66530.000000 4343.000000 3368.000000 53.000000 4944.000000 53822.000000 0.000000
883890 0.257853 0.049210 12798.000000 67060.000000 67060.000000 5369.000000 2558.000000 33.000000 4838.000000 54262.000000 0.000000
884890 0.303313 0.057675 12858.000000 67620.000000 67620.000000 6451.000000 1837.000000 39.000000 4531.000000 54762.000000 0.000000
885890 0.293074 0.055744 12966.000000 68169.000000 68169.000000 7504.000000 1299.000000 38.000000 4125.000000 55203.000000 0.000000
886890 0.414206 0.078648 13037.000000 68660.000000 68660.000000 8391.000000 949.000000 54.000000 3643.000000 55623.000000 0.000000
887890 0.474260 0.089656 13073.000000 69153.000000 69153.000000 9270.000000 765.000000 62.000000 2976.000000 56080.000000 0.000000
888890 0.865867 0.163683 13166.000000 69647.000000 69647.000000 10060.000000 707.000000 114.000000 2285.000000 56481.000000 0.000000
889890 1.252087 0.235633 13178.000000 70024.000000 70024.000000 10531.000000 804.000000 165.000000 1678.000000 56846.000000 0.000000
890890 1.863354 0.349780 13202.000000 70330.000000 70330.000000 10716.000000 1059.000000 246.000000 1181.000000 57128.000000 0.000000
891890 2.527622 0.473343 13214.000000 70562.000000 70562.000000 10611.000000 1462.000000 334.000000 807.000000 57348.000000 0.000000
892890 3.376133 0.632115 13240.000000 70715.000000 70715.000000 10143.000000 2064.000000 447.000000 586.000000 57475.000000 0.000000
893890 3.830752 0.715889 13235.000000 70821.000000 70821.000000 9415.000000 2882.000000 507.000000 431.000000 57586.000000 0.000000
894890 4.535147 0.846477 13230.000000 70882.000000 70882.000000 8484.000000 3752.000000 600.000000 394.000000 57652.000000 0.000000
895890 4.703569 0.876921 13224.000000 70930.000000 70930.000000 7470.000000 4719.000000 622.000000 413.000000 57706.000000 0.000000
896890 4.408651 0.821509 13224.000000 70967.000000 70967.000000 6460.000000 5633.000000 583.000000 548.000000 57743.000000 0.000000
897890 4.172651 0.777432 13229.000000 71003.000000 71003.000000 5502.000000 6383.000000 552.000000 792.000000 57774.000000 0.000000
898890 3.990326 0.743306 13232.000000 71034.000000 71034.000000 4579.000000 6962.000000 528.000000 1163.000000 57802.000000 0.000000
899890 4.322200 0.804716 13234.000000 71081.000000 71081.000000 3618.000000 7388.000000 572.000000 1656.000000 57847.000000 0.000000
900890 3.416219 0.635376 13231.000000 71139.000000 71139.000000 2884.000000 7543.000000 452.000000 2352.000000 57908.000000 0.000000
901890 3.053666 0.567081 13230.000000 71242.000000 71242.000000 2393.000000 7379.000000 404.000000 3054.000000 58012.000000 0.000000
902890 2.018224 0.375208 13279.000000 71427.000000 71427.000000 2321.000000 6908.000000 268.000000 3782.000000 58148.000000 0.000000
903890 1.441333 0.267936 13321.000000 71659.000000 71659.000000 2489.000000 6170.000000 192.000000 4470.000000 58338.000000 0.000000
904890 0.829782 0.154235 13377.000000 71968.000000 71968.000000 2936.000000 5362.000000 111.000000 4968.000000 58591.000000 0.000000
905890 0.581872 0.107733 13405.000000 72401.000000 72401.000000 3751.000000 4427.000000 78.000000 5149.000000 58996.000000 0.000000
906890 0.349001 0.064492 13467.000000 72877.000000 72877.000000 4676.000000 3544.000000 47.000000 5200.000000 59410.000000 0.000000
907890 0.369004 0.068091 13550.000000 73431.000000 73431.000000 5737.000000 2620.000000 50.000000 5143.000000 59881.000000 0.000000
908890 0.293470 0.054031 13630.000000 74031.000000 74031.000000 6892.000000 1923.000000 40.000000 4775.000000 60401.000000 0.000000
909890 0.299117 0.054962 13707.000000 74597.000000 74597.000000 7962.000000 1367.000000 41.000000 4337.000000 60890.000000 0.000000
910890 0.363161 0.066547 13768.000000 75135.000000 75135.000000 8960.000000 1006.000000 50.000000 3752.000000 61367.000000 0.000000
911890 0.461760 0.084598 13860.000000 75652.000000 75652.000000 9881.000000 803.000000 64.000000 3112.000000 61792.000000 0.000000
912890 0.843000 0.153660 13879.000000 76142.000000 76142.000000 10655.000000 747.000000 117.000000 2360.000000 62263.000000 0.000000
913890 1.595859 0.290052 13911.000000 76538.000000 76538.000000 11074.000000 874.000000 222.000000 1741.000000 62627.000000 0.000000
914890 1.898009 0.344720 13962.000000 76874.000000 76874.000000 11280.000000 1206.000000 265.000000 1211.000000 62912.000000 0.000000
915890 2.431176 0.440934 13985.000000 77109.000000 77109.000000 11144.000000 1664.000000 340.000000 837.000000 63124.000000 0.000000
916890 3.294975 0.596671 13991.000000 77262.000000 77262.000000 10581.000000 2329.000000 461.000000 620.000000 63271.000000 0.000000
917890 3.724089 0.673370 13990.000000 77372.000000 77372.000000 9864.000000 3133.000000 521.000000 472.000000 63382.000000 0.000000
918890 4.273260 0.772161 13994.000000 77445.000000 77445.000000 8901.000000 4077.000000 598.000000 418.000000 63451.000000 0.000000
919890 4.751697 0.858142 13995.000000 77493.000000 77493.000000 7789.000000 5088.000000 665.000000 453.000000 63498.000000 0.000000
920890 4.131878 0.746721 14013.000000 77539.000000 77539.000000 6776.000000 6060.000000 579.000000 598.000000 63526.000000 0.000000
921890 4.295091 0.775943 14016.000000 77583.000000 77583.000000 5780.000000 6740.000000 602.000000 894.000000 63567.000000 0.000000
922890 4.108710 0.742058 14019.000000 77622.000000 77622.000000 4764.000000 7370.000000 576.000000 1309.000000 63603.000000 0.000000
923890 3.879341 0.700417 14023.000000 77668.000000 77668.000000 3845.000000 7776.000000 544.000000 1858.000000 63645.000000 0.000000
924890 3.342599 0.603316 14031.000000 77737.000000 77737.000000 3072.000000 7905.000000 469.000000 2585.000000 63706.000000 0.000000
925890 2.681692 0.483030 14021.000000 77842.000000 77842.000000 2567.000000 7754.000000 376.000000 3324.000000 63821.000000 0.000000
926890 2.064645 0.371590 14046.000000 78043.000000 78043.000000 2476.000000 7256.000000 290.000000 4024.000000 63997.000000 0.000000
927890 1.507502 0.270774 14063.000000 78294.000000 78294.000000 2683.000000 6385.000000 212.000000 4783.000000 64231.000000 0.000000
928890 0.807651 0.144970 14115.000000 78637.000000 78637.000000 3220.000000 5588.000000 114.000000 5193.000000 64522.000000 0.000000
929890 0.663467 0.118862 14168.000000 79083.000000 79083.000000 4017.000000 4625.000000 94.000000 5432.000000 64915.000000 0.000000
930890 0.379907 0.067856 14214.000000 79580.000000 79580.000000 4967.000000 3673.000000 54.000000 5520.000000 65366.000000 0.000000
931890 0.364682 0.064885 14259.000000 80142.000000 80142.000000 6041.000000 2814.000000 52.000000 5352.000000 65883.000000 0.000000
932890 0.390707 0.069322 14333.000000 80782.000000 80782.000000 7236.000000 2084.000000 56.000000 4957.000000 66449.000000 0.000000
933890 0.312978 0.055319 14378.000000 81346.000000 81346.000000 8292.000000 1523.000000 45.000000 4518.000000 66968.000000 0.000000
934890 0.331126 0.058581 14496.000000 81938.000000 81938.000000 9394.000000 1114.000000 48.000000 3940.000000 67442.000000 0.000000
935890 0.467129 0.082438 14557.000000 82486.000000 82486.000000 10370.000000 906.000000 68.000000 3213.000000 67929.000000 0.000000
936890 0.907231 0.160258 14660.000000 82991.000000 82991.000000 11160.000000 832.000000 133.000000 2535.000000 68331.000000 0.000000
937890 1.546706 0.273217 14741.000000 83450.000000 83450.000000 11681.000000 976.000000 228.000000 1856.000000 68709.000000 0.000000
938890 1.896982 0.335302 14813.000000 83805.000000 83805.000000 11901.000000 1304.000000 281.000000 1327.000000 68992.000000 0.000000
939890 2.734113 0.484005 14886.000000 84090.000000 84090.000000 11786.000000 1767.000000 407.000000 926.000000 69204.000000 0.000000
940890 3.010594 0.532868 14914.000000 84261.000000 84261.000000 11282.000000 2473.000000 449.000000 710.000000 69347.000000 0.000000
941890 3.551565 0.628066 14923.000000 84386.000000 84386.000000 10543.000000 3294.000000 530.000000 556.000000 69463.000000 0.000000
942890 3.798486 0.671284 14927.000000 84465.000000 84465.000000 9608.000000 4268.000000 567.000000 484.000000 69538.000000 0.000000
943890 4.646492 0.821049 14936.000000 84526.000000 84526.000000 8439.000000 5300.000000 694.000000 503.000000 69590.000000 0.000000
944890 3.977235 0.702310 14935.000000 84578.000000 84578.000000 7403.000000 6300.000000 594.000000 638.000000 69643.000000 0.000000
945890 4.324541 0.763350 14938.000000 84627.000000 84627.000000 6307.000000 7036.000000 646.000000 949.000000 69689.000000 0.000000
946890 3.876799 0.683831 14935.000000 84670.000000 84670.000000 5278.000000 7710.000000 579.000000 1368.000000 69735.000000 0.000000
947890 4.002409 0.705880 14941.000000 84717.000000 84717.000000 4297.000000 8039.000000 598.000000 2007.000000 69776.000000 0.000000
948890 3.529569 0.621646 14931.000000 84775.000000 84775.000000 3419.000000 8274.000000 527.000000 2711.000000 69844.000000 0.000000
949890 2.826218 0.498169 14967.000000 84911.000000 84911.000000 2872.000000 8193.000000 423.000000 3479.000000 69944.000000 0.000000
950890 2.355846 0.414699 14984.000000 85122.000000 85122.000000 2702.000000 7738.000000 353.000000 4191.000000 70138.000000 0.000000
951890 1.254420 0.220195 14987.000000 85379.000000 85379.000000 2901.000000 6973.000000 188.000000 4925.000000 70392.000000 0.000000
952890 1.057603 0.185416 15034.000000 85753.000000 85753.000000 3455.000000 6036.000000 159.000000 5384.000000 70719.000000 0.000000
953890 0.626041 0.109092 15015.000000 86166.000000 86166.000000 4184.000000 5062.000000 94.000000 5675.000000 71151.000000 0.000000
954890 0.524046 0.091129 15075.000000 86690.000000 86690.000000 5169.000000 4092.000000 79.000000 5735.000000 71615.000000 0.000000
955890 0.343733 0.059587 15128.000000 87268.000000 87268.000000 6268.000000 3171.000000 52.000000 5637.000000 72140.000000 0.000000
956890 0.355170 0.061419 15204.000000 87921.000000 87921.000000 7504.000000 2334.000000 54.000000 5312.000000 72717.000000 0.000000
957890 0.243069 0.041803 15222.000000 88511.000000 88511.000000 8608.000000 1700.000000 37.000000 4877.000000 73289.000000 0.000000
958890 0.392773 0.067339 15276.000000 89101.000000 89101.000000 9684.000000 1230.000000 60.000000 4302.000000 73825.000000 0.000000
959890 0.573963 0.098149 15332.000000 89660.000000 89660.000000 10664.000000 1011.000000 88.000000 3569.000000 74328.000000 0.000000
960890 1.025841 0.175192 15402.000000 90187.000000 90187.000000 11452.000000 937.000000 158.000000 2855.000000 74785.000000 0.000000
961890 1.453394 0.248112 15481.000000 90685.000000 90685.000000 12065.000000 1078.000000 225.000000 2113.000000 75204.000000 0.000000
962890 1.987138 0.339210 15550.000000 91094.000000 91094.000000 12344.000000 1410.000000 309.000000 1487.000000 75544.000000 0.000000
963890 2.461123 0.419147 15562.000000 91376.000000 91376.000000 12193.000000 1951.000000 383.000000 1035.000000 75814.000000 0.000000
964890 3.277952 0.558092 15589.000000 91562.000000 91562.000000 11721.000000 2575.000000 511.000000 782.000000 75973.000000 0.000000
965890 3.386684 0.576787 15620.000000 91715.000000 91715.000000 11010.000000 3477.000000 529.000000 604.000000 76095.000000 0.000000
966890 3.848617 0.654670 15616.000000 91802.000000 91802.000000 10047.000000 4434.000000 601.000000 534.000000 76186.000000 0.000000
967890 4.428233 0.753205 15627.000000 91874.000000 91874.000000 8958.000000 5418.000000 692.000000 559.000000 76247.000000 0.000000
968890 4.097049 0.696242 15621.000000 91922.000000 91922.000000 7839.000000 6410.000000 640.000000 732.000000 76301.000000 0.000000
969890 4.009721 0.681707 15637.000000 91975.000000 91975.000000 6740.000000 7221.000000 627.000000 1049.000000 76338.000000 0.000000
970890 4.100038 0.696565 15634.000000 92023.000000 92023.000000 5665.000000 7810.000000 641.000000 1518.000000 76389.000000 0.000000
971890 3.943500 0.670055 15646.000000 92082.000000 92082.000000 4683.000000 8221.000000 617.000000 2125.000000 76436.000000 0.000000
972890 3.473375 0.590195 15662.000000 92173.000000 92173.000000 3809.000000 8466.000000 544.000000 2843.000000 76511.000000 0.000000
973890 3.003309 0.511182 15716.000000 92335.000000 92335.000000 3248.000000 8423.000000 472.000000 3573.000000 76619.000000 0.000000
974890 2.267675 0.385721 15743.000000 92554.000000 92554.000000 3073.000000 8039.000000 357.000000 4274.000000 76811.000000 0.000000
975890 1.312536 0.222955 15771.000000 92844.000000 92844.000000 3306.000000 7296.000000 207.000000 4962.000000 77073.000000 0.000000
976890 1.062619 0.180240 15810.000000 93209.000000 93209.000000 3786.000000 6376.000000 168.000000 5480.000000 77399.000000 0.000000
977890 0.715541 0.121640 15932.000000 93719.000000 93719.000000 4693.000000 5369.000000 114.000000 5756.000000 77787.000000 0.000000
978890 0.544942 0.092319 15965.000000 94238.000000 94238.000000 5653.000000 4371.000000 87.000000 5854.000000 78273.000000 0.000000
979890 0.317757 0.053780 16050.000000 94831.000000 94831.000000 6782.000000 3390.000000 51.000000 5827.000000 78781.000000 0.000000
980890 0.354213 0.059715 16092.000000 95454.000000 95454.000000 7958.000000 2495.000000 57.000000 5582.000000 79362.000000 0.000000
981890 0.328356 0.055157 16141.000000 96090.000000 96090.000000 9136.000000 1828.000000 53.000000 5124.000000 79949.000000 0.000000
982890 0.357980 0.059974 16202.000000 96708.000000 96708.000000 10268.000000 1338.000000 58.000000 4538.000000 80506.000000 0.000000
983890 0.701280 0.117169 16256.000000 97295.000000 97295.000000 11249.000000 1106.000000 114.000000 3787.000000 81039.000000 0.000000
984890 0.975939 0.162527 16292.000000 97830.000000 97830.000000 12005.000000 1102.000000 159.000000 3026.000000 81538.000000 0.000000
985890 1.455836 0.241988 16348.000000 98352.000000 98352.000000 12603.000000 1274.000000 238.000000 2233.000000 82004.000000 0.000000
986890 2.085875 0.346298 16396.000000 98759.000000 98759.000000 12818.000000 1627.000000 342.000000 1609.000000 82363.000000 0.000000
987890 2.396594 0.397670 16440.000000 99077.000000 99077.000000 12749.000000 2171.000000 394.000000 1126.000000 82637.000000 0.000000
988890 3.401856 0.564989 16491.000000 99294.000000 99294.000000 12189.000000 2905.000000 561.000000 836.000000 82803.000000 0.000000
989890 3.584814 0.596238 16542.000000 99457.000000 99457.000000 11429.000000 3849.000000 593.000000 671.000000 82915.000000 0.000000
990890 3.890933 0.647733 16577.000000 99578.000000 99578.000000 10524.000000 4819.000000 645.000000 589.000000 83001.000000 0.000000
991890 3.923814 0.653241 16591.000000 99657.000000 99657.000000 9451.000000 5829.000000 651.000000 660.000000 83066.000000 0.000000
992890 4.188482 0.697926 16617.000000 99724.000000 99724.000000 8315.000000 6730.000000 696.000000 876.000000 83107.000000 0.000000
993890 3.949979 0.658442 16633.000000 99781.000000 99781.000000 7182.000000 7573.000000 657.000000 1221.000000 83148.000000 0.000000
994890 4.044957 0.674085 16638.000000 99839.000000 99839.000000 6088.000000 8134.000000 673.000000 1743.000000 83201.000000 0.000000
995890 3.946894 0.657605 16646.000000 99908.000000 99908.000000 5094.000000 8564.000000 657.000000 2331.000000 83262.000000 0.000000
996890 3.588790 0.597892 16663.000000 100018.000000 100018.000000 4205.000000 8724.000000 598.000000 3136.000000 83355.000000 0.000000
997890 2.665066 0.443162 16660.000000 100189.000000 100189.000000 3670.000000 8676.000000 444.000000 3870.000000 83529.000000 0.000000
998890 2.202352 0.365520 16664.000000 100405.000000 100405.000000 3452.000000 8242.000000 367.000000 4603.000000 83741.000000 0.000000
999890 1.402289 0.232311 16687.000000 100727.000000 100727.000000 3676.000000 7590.000000 234.000000 5187.000000 84040.000000 0.000000
1000890 1.093190 0.180986 16740.000000 101113.000000 101113.000000 4148.000000 6667.000000 183.000000 5742.000000 84373.000000 0.000000
1001890 0.767492 0.126910 16808.000000 101647.000000 101647.000000 5059.000000 5676.000000 129.000000 5944.000000 84839.000000 0.000000
1002890 0.541280 0.089052 16812.000000 102187.000000 102187.000000 6014.000000 4691.000000 91.000000 6016.000000 85375.000000 0.000000
1003890 0.463458 0.075898 16830.000000 102770.000000 102770.000000 7070.000000 3715.000000 78.000000 5967.000000 85940.000000 0.000000
1004890 0.301543 0.049318 16913.000000 103410.000000 103410.000000 8278.000000 2794.000000 51.000000 5790.000000 86497.000000 0.000000
1005890 0.418681 0.068228 16958.000000 104063.000000 104063.000000 9458.000000 2087.000000 71.000000 5342.000000 87105.000000 0.000000
1006890 0.482836 0.078338 16983.000000 104675.000000 104675.000000 10544.000000 1633.000000 82.000000 4724.000000 87692.000000 0.000000
1007890 0.729412 0.117800 17000.000000 105263.000000 105263.000000 11495.000000 1366.000000 124.000000 4015.000000 88263.000000 0.000000
1008890 1.088929 0.175719 17081.000000 105851.000000 105851.000000 12350.000000 1280.000000 186.000000 3265.000000 88770.000000 0.000000
1009890 1.534348 0.248069 17206.000000 106422.000000 106422.000000 13041.000000 1409.000000 264.000000 2492.000000 89216.000000 0.000000
1010890 1.949861 0.314471 17232.000000 106846.000000 106846.000000 13296.000000 1765.000000 336.000000 1835.000000 89614.000000 0.000000
1011890 2.593409 0.417172 17236.000000 107150.000000 107150.000000 13094.000000 2332.000000 447.000000 1363.000000 89914.000000 0.000000
1012890 3.108868 0.499167 17241.000000 107379.000000 107379.000000 12578.000000 3097.000000 536.000000 1030.000000 90138.000000 0.000000
1013890 3.463053 0.555933 17268.000000 107567.000000 107567.000000 11859.000000 4003.000000 598.000000 808.000000 90299.000000 0.000000
1014890 3.869807 0.619457 17236.000000 107675.000000 107675.000000 10885.000000 4968.000000 667.000000 716.000000 90439.000000 0.000000
1015890 4.135928 0.660783 17215.000000 107751.000000 107751.000000 9745.000000 5985.000000 712.000000 773.000000 90536.000000 0.000000
1016890 4.126763 0.659426 17229.000000 107821.000000 107821.000000 8596.000000 6944.000000 711.000000 978.000000 90592.000000 0.000000
1017890 3.911101 0.624728 17233.000000 107887.000000 107887.000000 7482.000000 7767.000000 674.000000 1310.000000 90654.000000 0.000000
1018890 3.807151 0.608536 17257.000000 107964.000000 107964.000000 6423.000000 8389.000000 657.000000 1788.000000 90707.000000 0.000000
1019890 3.927702 0.627505 17262.000000 108047.000000 108047.000000 5369.000000 8747.000000 678.000000 2468.000000 90785.000000 0.000000
1020890 3.837916 0.612952 17275.000000 108165.000000 108165.000000 4433.000000 8951.000000 663.000000 3228.000000 90890.000000 0.000000
1021890 2.872666 0.458741 17301.000000 108340.000000 108340.000000 3871.000000 8934.000000 497.000000 3999.000000 91039.000000 0.000000
1022890 1.981224 0.316735 17363.000000 108608.000000 108608.000000 3753.000000 8539.000000 344.000000 4727.000000 91245.000000 0.000000
1023890 1.568966 0.250629 17400.000000 108926.000000 108926.000000 3923.000000 7806.000000 273.000000 5398.000000 91526.000000 0.000000
1024890 1.109840 0.177354 17480.000000 109386.000000 109386.000000 4551.000000 6908.000000 194.000000 5827.000000 91906.000000 0.000000
1025890 0.707117 0.112836 17536.000000 109894.000000 109894.000000 5397.000000 5924.000000 124.000000 6091.000000 92358.000000 0.000000
1026890 0.521897 0.083269 17628.000000 110485.000000 110485.000000 6462.000000 4867.000000 92.000000 6207.000000 92857.000000 0.000000
1027890 0.441376 0.070201 17672.000000 111109.000000 111109.000000 7611.000000 3872.000000 78.000000 6111.000000 93437.000000 0.000000
1028890 0.365662 0.058149 17776.000000 111781.000000 111781.000000 8852.000000 2905.000000 65.000000 5954.000000 94005.000000 0.000000
1029890 0.472149 0.074720 17791.000000 112419.000000 112419.000000 9983.000000 2177.000000 84.000000 5547.000000 94628.000000 0.000000
1030890 0.465664 0.073415 17824.000000 113056.000000 113056.000000 11085.000000 1725.000000 83.000000 4931.000000 95232.000000 0.000000
1031890 0.747392 0.117850 17929.000000 113704.000000 113704.000000 12144.000000 1431.000000 134.000000 4220.000000 95775.000000 0.000000
1032890 1.217885 0.191619 17982.000000 114289.000000 114289.000000 12937.000000 1387.000000 219.000000 3439.000000 96307.000000 0.000000
1033890 1.656969 0.260301 18045.000000 114867.000000 114867.000000 13562.000000 1599.000000 299.000000 2585.000000 96822.000000 0.000000
1034890 1.971862 0.308765 18054.000000 115298.000000 115298.000000 13811.000000 1993.000000 356.000000 1894.000000 97244.000000 0.000000
1035890 2.630852 0.411647 18093.000000 115633.000000 115633.000000 13597.000000 2616.000000 476.000000 1404.000000 97540.000000 0.000000
1036890 2.942151 0.459911 18116.000000 115892.000000 115892.000000 13131.000000 3411.000000 533.000000 1041.000000 97776.000000 0.000000
1037890 3.789300 0.591869 18130.000000 116073.000000 116073.000000 12316.000000 4275.000000 687.000000 852.000000 97943.000000 0.000000
1038890 3.666942 0.572324 18135.000000 116193.000000 116193.000000 11316.000000 5355.000000 665.000000 799.000000 98058.000000 0.000000
1039890 4.083995 0.637244 18144.000000 116282.000000 116282.000000 10140.000000 6387.000000 741.000000 876.000000 98138.000000 0.000000
1040890 3.811362 0.593903 18130.000000 116349.000000 116349.000000 8975.000000 7327.000000 691.000000 1137.000000 98219.000000 0.000000
1041890 3.729206 0.581470 18154.000000 116429.000000 116429.000000 7844.000000 8115.000000 677.000000 1518.000000 98275.000000 0.000000
1042890 3.934968 0.612860 18145.000000 116503.000000 116503.000000 6645.000000 8750.000000 714.000000 2036.000000 98358.000000 0.000000
1043890 3.400761 0.529169 18143.000000 116598.000000 116598.000000 5652.000000 9180.000000 617.000000 2694.000000 98455.000000 0.000000
1044890 3.718803 0.578302 18151.000000 116721.000000 116721.000000 4677.000000 9339.000000 675.000000 3460.000000 98570.000000 0.000000
1045890 2.807906 0.436166 18163.000000 116928.000000 116928.000000 4165.000000 9250.000000 510.000000 4238.000000 98765.000000 0.000000
1046890 2.221367 0.344704 18187.000000 117202.000000 117202.000000 4001.000000 8840.000000 404.000000 4942.000000 99015.000000 0.000000
1047890 1.540578 0.238235 18175.000000 117531.000000 117531.000000 4172.000000 8083.000000 280.000000 5640.000000 99356.000000 0.000000
1048890 1.091308 0.168666 18235.000000 117985.000000 117985.000000 4770.000000 7180.000000 199.000000 6086.000000 99750.000000 0.000000
1049890 0.738512 0.113920 18280.000000 118504.000000 118504.000000 5627.000000 6165.000000 135.000000 6353.000000 100224.000000 0.000000
1050890 0.463089 0.071353 18355.000000 119126.000000 119126.000000 6747.000000 5050.000000 85.000000 6473.000000 100771.000000 0.000000
1051890 0.424120 0.065135 18391.000000 119751.000000 119751.000000 7889.000000 4026.000000 78.000000 6398.000000 101360.000000 0.000000
1052890 0.466909 0.071403 18419.000000 120443.000000 120443.000000 9132.000000 3059.000000 86.000000 6142.000000 102024.000000 0.000000
1053890 0.437578 0.066868 18511.000000 121135.000000 121135.000000 10363.000000 2343.000000 81.000000 5724.000000 102624.000000 0.000000
1054890 0.575269 0.087837 18600.000000 121816.000000 121816.000000 11535.000000 1866.000000 107.000000 5092.000000 103216.000000 0.000000
1055890 0.754091 0.115099 18698.000000 122503.000000 122503.000000 12650.000000 1565.000000 141.000000 4342.000000 103805.000000 0.000000
1056890 1.200768 0.182789 18738.000000 123093.000000 123093.000000 13448.000000 1499.000000 225.000000 3566.000000 104355.000000 0.000000
1057890 1.579199 0.240134 18807.000000 123681.000000 123681.000000 14082.000000 1712.000000 297.000000 2716.000000 104874.000000 0.000000
1058890 2.015340 0.306850 18905.000000 124165.000000 124165.000000 14396.000000 2110.000000 381.000000 2018.000000 105260.000000 0.000000
1059890 2.515059 0.382320 18926.000000 124503.000000 124503.000000 14215.000000 2726.000000 476.000000 1509.000000 105577.000000 0.000000
1060890 3.084630 0.468791 18965.000000 124789.000000 124789.000000 13708.000000 3538.000000 585.000000 1134.000000 105824.000000 0.000000
1061890 3.592877 0.545670 18982.000000 124984.000000 124984.000000 12905.000000 4451.000000 682.000000 944.000000 106002.000000 0.000000
1062890 3.879606 0.588249 18971.000000 125117.000000 125117.000000 11862.000000 5506.000000 736.000000 867.000000 106146.000000 0.000000
1063890 3.764631 0.570292 18966.000000 125199.000000 125199.000000 10666.000000 6610.000000 714.000000 976.000000 106233.000000 0.000000
1064890 3.654292 0.553183 18964.000000 125275.000000 125275.000000 9440.000000 7629.000000 693.000000 1202.000000 106311.000000 0.000000
1065890 4.139640 0.626237 18963.000000 125352.000000 125352.000000 8188.000000 8390.000000 785.000000 1600.000000 106389.000000 0.000000
1066890 3.843720 0.581140 18966.000000 125443.000000 125443.000000 6975.000000 9161.000000 729.000000 2101.000000 106477.000000 0.000000
1067890 3.544157 0.536016 18989.000000 125556.000000 125556.000000 5942.000000 9593.000000 673.000000 2781.000000 106567.000000 0.000000
1068890 3.453540 0.521882 18995.000000 125699.000000 125699.000000 5037.000000 9722.000000 656.000000 3580.000000 106704.000000 0.000000
1069890 2.818827 0.425738 19015.000000 125899.000000 125899.000000 4452.000000 9625.000000 536.000000 4402.000000 106884.000000 0.000000
1070890 2.052817 0.309845 19047.000000 126192.000000 126192.000000 4319.000000 9181.000000 391.000000 5156.000000 107145.000000 0.000000
1071890 1.699271 0.256043 19067.000000 126541.000000 126541.000000 4461.000000 8445.000000 324.000000 5837.000000 107474.000000 0.000000
1072890 1.173635 0.176402 19086.000000 126983.000000 126983.000000 4957.000000 7618.000000 224.000000 6287.000000 107897.000000 0.000000
1073890 0.748182 0.112128 19113.000000 127533.000000 127533.000000 5871.000000 6451.000000 143.000000 6648.000000 108420.000000 0.000000
1074890 0.454024 0.067888 19162.000000 128152.000000 128152.000000 6981.000000 5326.000000 87.000000 6768.000000 108990.000000 0.000000
1075890 0.504919 0.075292 19211.000000 128831.000000 128831.000000 8227.000000 4205.000000 97.000000 6682.000000 109620.000000 0.000000
1076890 0.461618 0.068705 19280.000000 129540.000000 129540.000000 9507.000000 3245.000000 89.000000 6439.000000 110260.000000 0.000000
1077890 0.603559 0.089829 19385.000000 130248.000000 130248.000000 10746.000000 2512.000000 117.000000 6010.000000 110863.000000 0.000000
1078890 0.652252 0.096947 19471.000000 131000.000000 131000.000000 12034.000000 2022.000000 127.000000 5288.000000 111529.000000 0.000000
1079890 0.849713 0.126051 19536.000000 131693.000000 131693.000000 13140.000000 1692.000000 166.000000 4538.000000 112157.000000 0.000000
1080890 1.131729 0.167745 19616.000000 132344.000000 132344.000000 14047.000000 1612.000000 222.000000 3735.000000 112728.000000 0.000000
1081890 1.605691 0.237724 19680.000000 132927.000000 132927.000000 14644.000000 1834.000000 316.000000 2886.000000 113247.000000 0.000000
1082890 1.861905 0.275123 19711.000000 133395.000000 133395.000000 14888.000000 2308.000000 367.000000 2148.000000 113684.000000 0.000000
1083890 2.491627 0.367122 19706.000000 133743.000000 133743.000000 14697.000000 2905.000000 491.000000 1613.000000 114037.000000 0.000000
1084890 2.939835 0.432703 19729.000000 134041.000000 134041.000000 14225.000000 3709.000000 580.000000 1215.000000 114312.000000 0.000000
1085890 3.416165 0.502730 19759.000000 134267.000000 134267.000000 13453.000000 4647.000000 675.000000 984.000000 114508.000000 0.000000
1086890 4.003640 0.589237 19782.000000 134411.000000 134411.000000 12357.000000 5687.000000 792.000000 946.000000 114629.000000 0.000000
1087890 3.719614 0.547187 19787.000000 134506.000000 134506.000000 11152.000000 6848.000000 736.000000 1051.000000 114719.000000 0.000000
1088890 3.848874 0.566139 19798.000000 134596.000000 134596.000000 9896.000000 7827.000000 762.000000 1313.000000 114798.000000 0.000000
1089890 4.076787 0.599203 19795.000000 134679.000000 134679.000000 8567.000000 8707.000000 807.000000 1714.000000 114884.000000 0.000000
1090890 3.877221 0.569817 19808.000000 134780.000000 134780.000000 7344.000000 9455.000000 768.000000 2241.000000 114972.000000 0.000000
1091890 3.698090 0.542664 19794.000000 134890.000000 134890.000000 6217.000000 9939.000000 732.000000 2906.000000 115096.000000 0.000000
1092890 3.318874 0.487213 19826.000000 135054.000000 135054.000000 5320.000000 10166.000000 658.000000 3682.000000 115228.000000 0.000000
1093890 2.687739 0.394716 19868.000000 135287.000000 135287.000000 4766.000000 10077.000000 534.000000 4491.000000 115419.000000 0.000000
1094890 1.979701 0.290599 19902.000000 135582.000000 135582.000000 4637.000000 9545.000000 394.000000 5326.000000 115680.000000 0.000000
1095890 1.728470 0.253051 19902.000000 135941.000000 135941.000000 4758.000000 8808.000000 344.000000 5992.000000 116039.000000 0.000000
1096890 1.360169 0.198688 19924.000000 136395.000000 136395.000000 5251.000000 7883.000000 271.000000 6519.000000 116471.000000 0.000000
1097890 0.744367 0.108781 20017.000000 136973.000000 136973.000000 6149.000000 6805.000000 149.000000 6914.000000 116956.000000 0.000000
