762528 0.368409 0.079998 8686.000000 40001.000000 40001.000000 3274.000000 1924.000000 32.000000 3456.000000 31315.000000 0.000000
763528 0.456725 0.098976 8734.000000 40390.000000 40414.000000 4080.000000 1441.000000 16.000000 3197.000000 31656.000000 24.000000
764528 0.566701 0.122447 8786.000000 40797.000000 40834.000000 4904.000000 1011.000000 13.000000 2858.000000 32011.000000 37.000000
765528 0.865363 0.186748 8849.000000 41183.000000 41232.000000 5656.000000 683.000000 28.000000 2482.000000 32334.000000 49.000000
766528 1.329015 0.286209 8875.000000 41499.000000 41578.000000 6282.000000 461.000000 40.000000 2092.000000 32624.000000 79.000000
767528 2.114165 0.453840 8858.000000 41736.000000 41865.000000 6744.000000 349.000000 61.000000 1704.000000 32878.000000 129.000000
768528 3.405813 0.728801 8802.000000 41912.000000 42124.000000 7086.000000 313.000000 95.000000 1308.000000 33110.000000 212.000000
769528 5.455350 1.163971 8692.000000 42010.000000 42355.000000 7275.000000 314.000000 148.000000 955.000000 33318.000000 345.000000
770528 7.752536 1.652252 8533.000000 42013.000000 42548.000000 7333.000000 390.000000 168.000000 642.000000 33480.000000 535.000000
771528 11.111111 2.368181 8344.000000 41936.000000 42691.000000 7170.000000 509.000000 256.000000 409.000000 33592.000000 755.000000
772528 15.137867 3.221809 8030.000000 41698.000000 42771.000000 6788.000000 663.000000 305.000000 274.000000 33668.000000 1073.000000
773528 20.394737 4.342852 7648.000000 41357.000000 42829.000000 6206.000000 856.000000 388.000000 198.000000 33709.000000 1472.000000
774528 26.346912 5.611400 7180.000000 40925.000000 42877.000000 5485.000000 1101.000000 454.000000 140.000000 33745.000000 1952.000000
775528 32.435392 6.904429 6606.000000 40374.000000 42900.000000 4714.000000 1313.000000 436.000000 143.000000 33768.000000 2526.000000
776528 37.983138 8.083986 6048.000000 39827.000000 42912.000000 3945.000000 1524.000000 384.000000 195.000000 33779.000000 3085.000000
777528 42.960289 9.148089 5616.000000 39402.000000 42927.000000 3265.000000 1689.000000 402.000000 260.000000 33786.000000 3525.000000
778528 46.907104 9.994644 5170.000000 38963.000000 42943.000000 2692.000000 1809.000000 312.000000 357.000000 33793.000000 3980.000000
779528 51.102620 10.895675 4799.000000 38601.000000 42962.000000 2138.000000 1849.000000 320.000000 492.000000 33802.000000 4361.000000
780528 54.454258 11.616655 4459.000000 38278.000000 42990.000000 1700.000000 1854.000000 282.000000 623.000000 33819.000000 4712.000000
781528 57.453991 12.259219 4173.000000 38027.000000 43037.000000 1336.000000 1795.000000 266.000000 776.000000 33854.000000 5010.000000
782528 59.426453 12.652938 3891.000000 37793.000000 43073.000000 1059.000000 1720.000000 170.000000 942.000000 33902.000000 5280.000000
783528 60.512262 12.871517 3744.000000 37703.000000 43134.000000 997.000000 1531.000000 121.000000 1095.000000 33959.000000 5431.000000
784528 61.066289 12.962277 3653.000000 37691.000000 43210.000000 1029.000000 1315.000000 82.000000 1227.000000 34038.000000 5519.000000
785528 61.296296 12.993581 3608.000000 37734.000000 43306.000000 1145.000000 1114.000000 55.000000 1294.000000 34126.000000 5572.000000
786528 60.973490 12.922538 3618.000000 37842.000000 43428.000000 1402.000000 919.000000 26.000000 1271.000000 34224.000000 5586.000000
787528 60.207164 12.809623 3702.000000 37995.000000 43561.000000 1735.000000 721.000000 14.000000 1232.000000 34293.000000 5566.000000
788528 59.176709 12.690390 3849.000000 38198.000000 43726.000000 2160.000000 557.000000 21.000000 1111.000000 34349.000000 5528.000000
789528 58.152003 12.603664 4000.000000 38379.000000 43892.000000 2589.000000 388.000000 19.000000 1004.000000 34379.000000 5513.000000
790528 56.849174 12.499716 4198.000000 38543.000000 44025.000000 3028.000000 279.000000 21.000000 870.000000 34345.000000 5482.000000
791528 55.212005 12.426331 4486.000000 38673.000000 44116.000000 3482.000000 217.000000 39.000000 748.000000 34187.000000 5443.000000
792528 53.647267 12.349507 4766.000000 38782.000000 44188.000000 3921.000000 179.000000 51.000000 615.000000 34016.000000 5406.000000
793528 51.033826 12.122309 5175.000000 38863.000000 44183.000000 4474.000000 165.000000 36.000000 500.000000 33688.000000 5320.000000
794528 48.152563 11.900122 5717.000000 38944.000000 44134.000000 5112.000000 191.000000 62.000000 352.000000 33227.000000 5190.000000
795528 45.714794 11.687160 6208.000000 38957.000000 43997.000000 5633.000000 222.000000 102.000000 251.000000 32749.000000 5040.000000
796528 42.523923 11.371322 6852.000000 38916.000000 43768.000000 6272.000000 281.000000 125.000000 174.000000 32064.000000 4852.000000
797528 39.279489 10.899710 7457.000000 38824.000000 43414.000000 6837.000000 362.000000 142.000000 116.000000 31367.000000 4590.000000
798528 37.295654 10.556912 7849.000000 38681.000000 43005.000000 7096.000000 450.000000 216.000000 87.000000 30832.000000 4324.000000
799528 35.269540 10.132988 8138.000000 38417.000000 42485.000000 7237.000000 577.000000 237.000000 87.000000 30279.000000 4068.000000
800528 33.888522 9.787112 8267.000000 38133.000000 41994.000000 7200.000000 714.000000 249.000000 104.000000 29866.000000 3861.000000
801528 33.182769 9.552131 8258.000000 37833.000000 41530.000000 7013.000000 853.000000 270.000000 122.000000 29575.000000 3697.000000
802528 32.748389 9.391258 8210.000000 37548.000000 41134.000000 6742.000000 1035.000000 277.000000 156.000000 29338.000000 3586.000000
803528 33.124140 9.448491 8104.000000 37251.000000 40779.000000 6398.000000 1180.000000 325.000000 201.000000 29147.000000 3528.000000
804528 34.119387 9.689137 7923.000000 36899.000000 40468.000000 5970.000000 1343.000000 352.000000 258.000000 28976.000000 3569.000000
805528 35.888164 10.114343 7693.000000 36585.000000 40230.000000 5342.000000 1616.000000 424.000000 311.000000 28892.000000 3645.000000
806528 37.261714 10.444966 7407.000000 36229.000000 40048.000000 4746.000000 1913.000000 364.000000 384.000000 28822.000000 3819.000000
807528 39.831269 11.112780 7157.000000 35951.000000 39936.000000 4011.000000 2182.000000 453.000000 511.000000 28794.000000 3985.000000
808528 41.565561 11.590026 6926.000000 35704.000000 39905.000000 3325.000000 2560.000000 424.000000 617.000000 28778.000000 4201.000000
809528 42.309071 11.824240 6767.000000 35529.000000 39918.000000 2873.000000 2840.000000 331.000000 723.000000 28762.000000 4389.000000
810528 43.554287 12.217829 6670.000000 35419.000000 39958.000000 2408.000000 3062.000000 343.000000 857.000000 28749.000000 4539.000000
811528 45.510042 12.847795 6354.000000 35089.000000 40038.000000 2200.000000 2961.000000 195.000000 998.000000 28735.000000 4949.000000
812528 46.579890 13.270944 6265.000000 34996.000000 40178.000000 2219.000000 2794.000000 150.000000 1102.000000 28731.000000 5182.000000
813528 47.418408 13.621370 6240.000000 34977.000000 40319.000000 2291.000000 2456.000000 150.000000 1343.000000 28737.000000 5342.000000
814528 48.060032 13.926021 6218.000000 34962.000000 40471.000000 2410.000000 2111.000000 127.000000 1570.000000 28744.000000 5509.000000
815528 47.892752 14.059425 6329.000000 35050.000000 40656.000000 2705.000000 1659.000000 110.000000 1855.000000 28721.000000 5606.000000
816528 47.571853 14.105892 6430.000000 35156.000000 40834.000000 3034.000000 1173.000000 82.000000 2141.000000 28726.000000 5678.000000
817528 47.155397 14.139494 6577.000000 35307.000000 41034.000000 3425.000000 782.000000 75.000000 2295.000000 28730.000000 5727.000000
818528 46.059642 14.018782 6851.000000 35592.000000 41316.000000 4061.000000 576.000000 68.000000 2146.000000 28741.000000 5724.000000
819528 45.111319 13.926606 7138.000000 35903.000000 41611.000000 4732.000000 478.000000 87.000000 1841.000000 28765.000000 5708.000000
820528 43.719936 13.665871 7464.000000 36267.000000 41900.000000 5516.000000 428.000000 93.000000 1427.000000 28803.000000 5633.000000
821528 42.573735 13.394722 7699.000000 36578.000000 42136.000000 6221.000000 417.000000 86.000000 975.000000 28879.000000 5558.000000
822528 41.732461 13.135784 7871.000000 36823.000000 42251.000000 6719.000000 397.000000 122.000000 633.000000 28952.000000 5428.000000
823528 41.473045 12.954179 7893.000000 36887.000000 42164.000000 6837.000000 439.000000 185.000000 432.000000 28994.000000 5277.000000
824528 41.506386 12.854726 7807.000000 36778.000000 41969.000000 6763.000000 486.000000 204.000000 354.000000 28971.000000 5191.000000
825528 41.669274 12.757448 7639.000000 36611.000000 41756.000000 6613.000000 553.000000 182.000000 291.000000 28972.000000 5145.000000
826528 42.289386 12.847021 7539.000000 36429.000000 41496.000000 6342.000000 664.000000 264.000000 269.000000 28890.000000 5067.000000
827528 42.790548 12.906980 7378.000000 36185.000000 41249.000000 6092.000000 800.000000 260.000000 226.000000 28807.000000 5064.000000
828528 43.557629 12.990723 7189.000000 35933.000000 40960.000000 5726.000000 938.000000 294.000000 231.000000 28744.000000 5027.000000
829528 44.943914 13.291886 6999.000000 35658.000000 40694.000000 5226.000000 1157.000000 373.000000 243.000000 28659.000000 5036.000000
830528 46.507508 13.653475 6760.000000 35284.000000 40378.000000 4668.000000 1413.000000 419.000000 260.000000 28524.000000 5094.000000
831528 48.792971 14.261850 6517.000000 34901.000000 40107.000000 3919.000000 1753.000000 514.000000 331.000000 28384.000000 5206.000000
832528 50.370179 14.669308 6220.000000 34490.000000 39886.000000 3222.000000 2148.000000 455.000000 395.000000 28270.000000 5396.000000
833528 51.517247 15.008563 6028.000000 34165.000000 39704.000000 2712.000000 2446.000000 420.000000 450.000000 28137.000000 5539.000000
834528 50.780708 14.815377 5910.000000 33895.000000 39513.000000 2524.000000 2598.000000 236.000000 552.000000 27985.000000 5618.000000
835528 49.930398 14.626128 5904.000000 33648.000000 39238.000000 2566.000000 2505.000000 149.000000 684.000000 27744.000000 5590.000000
836528 48.911063 14.423520 6009.000000 33566.000000 39082.000000 2746.000000 2327.000000 121.000000 815.000000 27557.000000 5516.000000
837528 48.181425 14.305869 6109.000000 33518.000000 38984.000000 2894.000000 2097.000000 111.000000 1007.000000 27409.000000 5466.000000
838528 47.606383 14.257085 6213.000000 33478.000000 38921.000000 3051.000000 1806.000000 106.000000 1250.000000 27265.000000 5443.000000
839528 47.120775 14.247926 6320.000000 33485.000000 38939.000000 3263.000000 1364.000000 94.000000 1599.000000 27165.000000 5454.000000
840528 46.581663 14.238827 6479.000000 33557.000000 38999.000000 3534.000000 976.000000 111.000000 1858.000000 27078.000000 5442.000000
841528 46.039196 14.287175 6683.000000 33672.000000 39133.000000 3890.000000 643.000000 130.000000 2020.000000 26989.000000 5461.000000
842528 45.616870 14.360566 6859.000000 33798.000000 39316.000000 4298.000000 529.000000 128.000000 1904.000000 26939.000000 5518.000000
843528 44.867131 14.336981 7075.000000 34000.000000 39569.000000 4842.000000 516.000000 104.000000 1613.000000 26925.000000 5569.000000
844528 43.854941 14.322199 7450.000000 34345.000000 39938.000000 5610.000000 524.000000 127.000000 1189.000000 26895.000000 5593.000000
845528 43.146487 14.341432 7758.000000 34632.000000 40254.000000 6264.000000 546.000000 151.000000 797.000000 26874.000000 5622.000000
846528 42.948576 14.419799 7934.000000 34827.000000 40486.000000 6700.000000 579.000000 179.000000 476.000000 26893.000000 5659.000000
847528 43.315273 14.601278 7947.000000 34806.000000 40517.000000 6726.000000 668.000000 205.000000 348.000000 26859.000000 5711.000000
848528 43.735679 14.658013 7785.000000 34623.000000 40367.000000 6533.000000 732.000000 173.000000 347.000000 26838.000000 5744.000000
849528 44.178057 14.710637 7679.000000 34499.000000 40209.000000 6337.000000 803.000000 205.000000 334.000000 26820.000000 5710.000000
850528 44.428539 14.733660 7588.000000 34339.000000 40024.000000 6126.000000 924.000000 212.000000 326.000000 26751.000000 5685.000000
851528 44.985498 14.808673 7464.000000 34163.000000 39801.000000 5830.000000 1041.000000 256.000000 337.000000 26699.000000 5638.000000
852528 45.871773 14.957405 7285.000000 33945.000000 39559.000000 5441.000000 1191.000000 303.000000 350.000000 26660.000000 5614.000000
853528 46.759807 15.075326 7058.000000 33685.000000 39296.000000 5045.000000 1339.000000 313.000000 361.000000 26627.000000 5611.000000
854528 48.172650 15.322829 6843.000000 33416.000000 38968.000000 4437.000000 1567.000000 419.000000 420.000000 26573.000000 5552.000000
855528 50.206237 15.756226 6570.000000 33074.000000 38626.000000 3646.000000 1872.000000 534.000000 518.000000 26504.000000 5552.000000
856528 51.511303 15.899647 6227.000000 32681.000000 38265.000000 2903.000000 2229.000000 500.000000 595.000000 26454.000000 5584.000000
857528 52.080990 15.848649 5920.000000 32341.000000 37978.000000 2328.000000 2565.000000 382.000000 645.000000 26421.000000 5637.000000
858528 51.115029 15.361996 5741.000000 32145.000000 37749.000000 2091.000000 2723.000000 195.000000 732.000000 26404.000000 5604.000000
859528 50.312779 14.984164 5662.000000 32045.000000 37573.000000 2146.000000 2597.000000 102.000000 817.000000 26383.000000 5528.000000
860528 49.516129 14.728538 5712.000000 32071.000000 37519.000000 2321.000000 2395.000000 78.000000 918.000000 26359.000000 5448.000000
861528 49.183124 14.618463 5758.000000 32098.000000 37480.000000 2445.000000 2177.000000 97.000000 1039.000000 26340.000000 5382.000000
862528 48.749107 14.557874 5823.000000 32109.000000 37478.000000 2598.000000 1848.000000 87.000000 1290.000000 26286.000000 5369.000000
863528 48.373622 14.514280 5908.000000 32157.000000 37501.000000 2809.000000 1363.000000 99.000000 1637.000000 26249.000000 5344.000000
864528 48.008460 14.503634 6001.000000 32216.000000 37563.000000 3063.000000 939.000000 101.000000 1898.000000 26215.000000 5347.000000
865528 47.402881 14.418481 6118.000000 32323.000000 37660.000000 3375.000000 578.000000 93.000000 2072.000000 26205.000000 5337.000000
866528 46.730504 14.344729 6295.000000 32466.000000 37763.000000 3755.000000 427.000000 120.000000 1993.000000 26171.000000 5297.000000
867528 45.357866 14.148807 6568.000000 32702.000000 37982.000000 4388.000000 421.000000 94.000000 1665.000000 26134.000000 5280.000000
868528 43.762815 13.929933 6961.000000 33074.000000 38306.000000 5226.000000 420.000000 104.000000 1211.000000 26113.000000 5232.000000
869528 42.418903 13.734084 7302.000000 33378.000000 38561.000000 5935.000000 431.000000 113.000000 823.000000 26076.000000 5183.000000
870528 41.064281 13.499149 7644.000000 33661.000000 38758.000000 6564.000000 483.000000 135.000000 462.000000 26017.000000 5097.000000
871528 40.572588 13.421935 7786.000000 33717.000000 38750.000000 6779.000000 547.000000 168.000000 292.000000 25931.000000 5033.000000
872528 40.860636 13.498887 7730.000000 33590.000000 38618.000000 6661.000000 612.000000 185.000000 272.000000 25860.000000 5028.000000
873528 40.847739 13.462189 7659.000000 33431.000000 38441.000000 6533.000000 698.000000 165.000000 263.000000 25772.000000 5010.000000
874528 41.391679 13.569021 7559.000000 33284.000000 38271.000000 6306.000000 791.000000 206.000000 256.000000 25725.000000 4987.000000
875528 42.127317 13.725748 7428.000000 33107.000000 38089.000000 6015.000000 905.000000 246.000000 262.000000 25679.000000 4982.000000
876528 42.693222 13.768767 7248.000000 32879.000000 37832.000000 5693.000000 1032.000000 256.000000 267.000000 25631.000000 4953.000000
877528 43.336386 13.861228 7098.000000 32643.000000 37558.000000 5309.000000 1179.000000 291.000000 319.000000 25545.000000 4915.000000
878528 45.668023 14.443908 6877.000000 32377.000000 37296.000000 4636.000000 1404.000000 468.000000 369.000000 25500.000000 4919.000000
879528 48.287254 15.027463 6497.000000 31954.000000 36959.000000 3770.000000 1747.000000 549.000000 431.000000 25457.000000 5005.000000
880528 50.071608 15.276223 6069.000000 31516.000000 36619.000000 2974.000000 2109.000000 491.000000 495.000000 25447.000000 5103.000000
881528 51.822198 15.516244 5690.000000 31115.000000 36291.000000 2218.000000 2448.000000 455.000000 569.000000 25425.000000 5176.000000
882528 51.462207 15.259309 5465.000000 30858.000000 36096.000000 1895.000000 2668.000000 270.000000 632.000000 25393.000000 5238.000000
883528 51.438815 15.157497 5278.000000 30648.000000 35969.000000 1866.000000 2570.000000 131.000000 711.000000 25370.000000 5321.000000
884528 51.352625 15.153538 5269.000000 30612.000000 35952.000000 1950.000000 2409.000000 108.000000 802.000000 25343.000000 5340.000000
885528 51.035977 15.077908 5271.000000 30593.000000 35940.000000 2045.000000 2208.000000 72.000000 946.000000 25322.000000 5347.000000
886528 50.572233 14.998748 5349.000000 30632.000000 35943.000000 2211.000000 1848.000000 80.000000 1210.000000 25283.000000 5311.000000
887528 50.266032 14.964984 5410.000000 30681.000000 35984.000000 2376.000000 1402.000000 82.000000 1550.000000 25271.000000 5303.000000
888528 49.916574 14.950028 5503.000000 30735.000000 36020.000000 2570.000000 983.000000 100.000000 1850.000000 25232.000000 5285.000000
889528 49.127800 14.821072 5621.000000 30833.000000 36104.000000 2870.000000 603.000000 80.000000 2068.000000 25212.000000 5271.000000
890528 48.167918 14.696627 5812.000000 30985.000000 36226.000000 3276.000000 430.000000 83.000000 2023.000000 25173.000000 5241.000000
891528 46.308547 14.396183 6154.000000 31285.000000 36468.000000 3994.000000 399.000000 67.000000 1694.000000 25131.000000 5183.000000
892528 44.523422 14.129637 6557.000000 31675.000000 36795.000000 4816.000000 376.000000 79.000000 1286.000000 25118.000000 5120.000000
893528 43.440646 14.061448 6918.000000 32034.000000 37137.000000 5553.000000 398.000000 119.000000 848.000000 25116.000000 5103.000000
894528 42.401562 13.936574 7196.000000 32302.000000 37398.000000 6184.000000 426.000000 116.000000 470.000000 25106.000000 5096.000000
895528 42.172085 13.923746 7294.000000 32382.000000 37454.000000 6393.000000 465.000000 143.000000 293.000000 25088.000000 5072.000000
896528 42.234155 13.901609 7242.000000 32292.000000 37341.000000 6324.000000 499.000000 142.000000 277.000000 25050.000000 5049.000000
897528 42.377324 13.900309 7196.000000 32204.000000 37215.000000 6211.000000 563.000000 162.000000 260.000000 25008.000000 5011.000000
898528 42.544403 13.899010 7129.000000 32077.000000 37053.000000 6050.000000 644.000000 174.000000 261.000000 24948.000000 4976.000000
899528 42.939554 13.933048 7022.000000 31923.000000 36862.000000 5814.000000 760.000000 197.000000 251.000000 24901.000000 4939.000000
900528 43.701255 14.057046 6886.000000 31762.000000 36672.000000 5512.000000 889.000000 245.000000 240.000000 24876.000000 4910.000000
901528 45.014688 14.296691 6686.000000 31554.000000 36442.000000 5059.000000 1050.000000 322.000000 255.000000 24868.000000 4888.000000
902528 47.398180 14.836836 6406.000000 31247.000000 36160.000000 4376.000000 1294.000000 452.000000 284.000000 24841.000000 4913.000000
903528 49.690007 15.233250 6011.000000 30820.000000 35777.000000 3584.000000 1594.000000 493.000000 340.000000 24809.000000 4957.000000
904528 51.645234 15.451639 5619.000000 30392.000000 35349.000000 2731.000000 1980.000000 505.000000 403.000000 24773.000000 4957.000000
905528 53.053249 15.532481 5275.000000 29999.000000 34959.000000 2012.000000 2313.000000 470.000000 480.000000 24724.000000 4960.000000
906528 52.031625 14.989188 5010.000000 29703.000000 34685.000000 1689.000000 2567.000000 217.000000 537.000000 24693.000000 4982.000000
907528 51.349425 14.631457 4885.000000 29526.000000 34460.000000 1665.000000 2491.000000 108.000000 621.000000 24641.000000 4934.000000
908528 50.997034 14.507636 4895.000000 29491.000000 34375.000000 1728.000000 2351.000000 103.000000 713.000000 24596.000000 4884.000000
909528 50.703794 14.472880 4914.000000 29457.000000 34347.000000 1835.000000 2125.000000 81.000000 873.000000 24543.000000 4890.000000
910528 50.319246 14.446158 4981.000000 29483.000000 34369.000000 1993.000000 1791.000000 79.000000 1118.000000 24502.000000 4886.000000
911528 49.929478 14.413681 5047.000000 29505.000000 34384.000000 2142.000000 1389.000000 77.000000 1439.000000 24458.000000 4879.000000
912528 49.159120 14.340455 5184.000000 29583.000000 34448.000000 2396.000000 957.000000 75.000000 1756.000000 24399.000000 4865.000000
913528 48.045459 14.205023 5374.000000 29690.000000 34523.000000 2749.000000 535.000000 71.000000 2019.000000 24316.000000 4833.000000
914528 47.167630 14.117647 5552.000000 29852.000000 34680.000000 3130.000000 400.000000 68.000000 1954.000000 24300.000000 4828.000000
915528 45.574723 13.910431 5859.000000 30138.000000 34945.000000 3796.000000 347.000000 54.000000 1662.000000 24279.000000 4807.000000
916528 44.139311 13.763965 6222.000000 30491.000000 35266.000000 4530.000000 341.000000 79.000000 1272.000000 24269.000000 4775.000000
917528 42.759106 13.644020 6609.000000 30863.000000 35620.000000 5305.000000 356.000000 103.000000 845.000000 24254.000000 4757.000000
918528 41.338245 13.440860 6949.000000 31175.000000 35898.000000 6022.000000 381.000000 102.000000 444.000000 24226.000000 4723.000000
919528 41.259454 13.493983 7053.000000 31265.000000 35979.000000 6230.000000 412.000000 141.000000 270.000000 24212.000000 4714.000000
920528 41.352161 13.465611 6976.000000 31175.000000 35884.000000 6169.000000 456.000000 123.000000 228.000000 24199.000000 4709.000000
921528 41.918280 13.618579 6924.000000 31081.000000 35782.000000 6018.000000 511.000000 172.000000 223.000000 24157.000000 4701.000000
922528 42.234783 13.630241 6793.000000 30927.000000 35634.000000 5829.000000 585.000000 150.000000 229.000000 24134.000000 4707.000000
923528 43.090574 13.823521 6672.000000 30772.000000 35483.000000 5558.000000 696.000000 194.000000 224.000000 24100.000000 4711.000000
924528 44.003205 13.998414 6537.000000 30610.000000 35304.000000 5216.000000 849.000000 248.000000 224.000000 24073.000000 4694.000000
925528 44.914639 14.106038 6363.000000 30414.000000 35063.000000 4790.000000 1039.000000 297.000000 237.000000 24051.000000 4649.000000
926528 46.971673 14.504805 6132.000000 30154.000000 34754.000000 4191.000000 1246.000000 441.000000 254.000000 24022.000000 4600.000000
927528 49.237599 14.846069 5735.000000 29739.000000 34366.000000 3412.000000 1546.000000 475.000000 302.000000 24004.000000 4627.000000
928528 51.644836 15.204145 5329.000000 29299.000000 33971.000000 2575.000000 1908.000000 493.000000 353.000000 23970.000000 4672.000000
929528 53.889982 15.477536 4947.000000 28904.000000 33610.000000 1788.000000 2255.000000 496.000000 408.000000 23957.000000 4706.000000
930528 52.921109 14.897512 4622.000000 28563.000000 33321.000000 1408.000000 2524.000000 206.000000 484.000000 23941.000000 4758.000000
931528 52.669271 14.652258 4471.000000 28383.000000 33128.000000 1361.000000 2406.000000 109.000000 595.000000 23912.000000 4745.000000
932528 52.003484 14.450832 4482.000000 28348.000000 33050.000000 1458.000000 2228.000000 74.000000 722.000000 23866.000000 4702.000000
933528 51.598869 14.369661 4521.000000 28341.000000 33014.000000 1552.000000 2007.000000 71.000000 891.000000 23820.000000 4673.000000
934528 51.000757 14.275332 4592.000000 28371.000000 33022.000000 1713.000000 1721.000000 63.000000 1095.000000 23779.000000 4651.000000
935528 50.247099 14.151714 4692.000000 28433.000000 33049.000000 1906.000000 1346.000000 61.000000 1379.000000 23741.000000 4616.000000
936528 49.552239 14.038055 4790.000000 28520.000000 33110.000000 2148.000000 894.000000 58.000000 1690.000000 23730.000000 4590.000000
937528 48.771267 13.971119 4946.000000 28664.000000 33240.000000 2464.000000 490.000000 68.000000 1924.000000 23718.000000 4576.000000
938528 47.906111 13.874996 5099.000000 28819.000000 33391.000000 2840.000000 316.000000 61.000000 1882.000000 23720.000000 4572.000000
939528 46.476883 13.700750 5349.000000 29047.000000 33604.000000 3390.000000 298.000000 47.000000 1614.000000 23698.000000 4557.000000
940528 44.849430 13.565217 5730.000000 29394.000000 33925.000000 4113.000000 303.000000 71.000000 1243.000000 23664.000000 4531.000000
941528 43.029163 13.347340 6128.000000 29767.000000 34269.000000 4946.000000 289.000000 72.000000 821.000000 23639.000000 4502.000000
942528 41.526815 13.163144 6498.000000 30123.000000 34589.000000 5710.000000 304.000000 87.000000 397.000000 23625.000000 4466.000000
943528 41.191874 13.162147 6652.000000 30237.000000 34660.000000 5974.000000 328.000000 139.000000 211.000000 23585.000000 4423.000000
944528 41.275320 13.145486 6581.000000 30139.000000 34567.000000 5900.000000 375.000000 116.000000 190.000000 23558.000000 4428.000000
945528 41.608775 13.211435 6525.000000 30040.000000 34455.000000 5769.000000 425.000000 137.000000 194.000000 23515.000000 4415.000000
946528 42.083910 13.306122 6466.000000 29921.000000 34300.000000 5581.000000 502.000000 185.000000 198.000000 23455.000000 4379.000000
947528 42.626621 13.387234 6347.000000 29763.000000 34137.000000 5360.000000 601.000000 196.000000 190.000000 23416.000000 4374.000000
948528 43.757667 13.650682 6193.000000 29565.000000 33969.000000 5030.000000 730.000000 233.000000 200.000000 23372.000000 4404.000000
949528 44.926703 13.892510 6029.000000 29344.000000 33752.000000 4656.000000 901.000000 281.000000 191.000000 23315.000000 4408.000000
950528 46.380934 14.121476 5803.000000 29095.000000 33488.000000 4124.000000 1139.000000 336.000000 204.000000 23292.000000 4393.000000
951528 48.669510 14.465978 5504.000000 28784.000000 33126.000000 3386.000000 1433.000000 450.000000 235.000000 23280.000000 4342.000000
952528 50.897123 14.671767 5114.000000 28370.000000 32675.000000 2551.000000 1792.000000 489.000000 282.000000 23256.000000 4305.000000
953528 53.473522 15.025522 4710.000000 27952.000000 32325.000000 1739.000000 2138.000000 484.000000 349.000000 23242.000000 4373.000000
954528 53.047249 14.530449 4358.000000 27584.000000 31988.000000 1283.000000 2381.000000 244.000000 450.000000 23226.000000 4404.000000
955528 52.456731 14.199918 4163.000000 27357.000000 31803.000000 1259.000000 2307.000000 70.000000 527.000000 23194.000000 4446.000000
956528 52.113831 14.037412 4164.000000 27326.000000 31701.000000 1288.000000 2157.000000 75.000000 644.000000 23162.000000 4375.000000
957528 51.876096 14.007954 4188.000000 27315.000000 31682.000000 1360.000000 1954.000000 71.000000 803.000000 23127.000000 4367.000000
958528 51.442196 13.956203 4236.000000 27330.000000 31692.000000 1494.000000 1648.000000 61.000000 1033.000000 23094.000000 4362.000000
959528 50.916427 13.912687 4317.000000 27390.000000 31748.000000 1670.000000 1312.000000 59.000000 1276.000000 23073.000000 4358.000000
960528 50.832573 14.007794 4397.000000 27447.000000 31818.000000 1830.000000 869.000000 86.000000 1612.000000 23050.000000 4371.000000
961528 50.022497 13.932577 4510.000000 27538.000000 31918.000000 2118.000000 443.000000 67.000000 1882.000000 23028.000000 4380.000000
962528 48.818463 13.785899 4678.000000 27691.000000 32069.000000 2504.000000 292.000000 43.000000 1839.000000 23013.000000 4378.000000
963528 47.199571 13.609925 4971.000000 27973.000000 32322.000000 3098.000000 272.000000 50.000000 1551.000000 23002.000000 4349.000000
964528 45.621689 13.464958 5293.000000 28284.000000 32618.000000 3753.000000 267.000000 58.000000 1215.000000 22991.000000 4334.000000
965528 43.577660 13.182480 5677.000000 28672.000000 32968.000000 4569.000000 259.000000 50.000000 799.000000 22995.000000 4296.000000
966528 41.899874 12.990483 6063.000000 29045.000000 33309.000000 5344.000000 276.000000 63.000000 380.000000 22982.000000 4264.000000
967528 41.352592 12.942726 6224.000000 29171.000000 33401.000000 5634.000000 287.000000 93.000000 210.000000 22947.000000 4230.000000
968528 41.430629 12.951346 6213.000000 29115.000000 33317.000000 5593.000000 319.000000 113.000000 188.000000 22902.000000 4202.000000
969528 41.726966 13.014564 6154.000000 29021.000000 33232.000000 5478.000000 393.000000 114.000000 169.000000 22867.000000 4211.000000
970528 42.366115 13.143030 6094.000000 28929.000000 33105.000000 5298.000000 455.000000 175.000000 166.000000 22835.000000 4176.000000
971528 42.519452 13.109626 5993.000000 28770.000000 32930.000000 5130.000000 535.000000 157.000000 171.000000 22777.000000 4160.000000
972528 43.387726 13.237225 5867.000000 28619.000000 32741.000000 4846.000000 643.000000 212.000000 166.000000 22752.000000 4122.000000
973528 44.754817 13.489015 5691.000000 28427.000000 32545.000000 4456.000000 798.000000 272.000000 165.000000 22736.000000 4118.000000
974528 46.836371 13.857980 5427.000000 28144.000000 32263.000000 3862.000000 1033.000000 352.000000 180.000000 22717.000000 4119.000000
975528 49.313588 14.277220 5112.000000 27814.000000 31953.000000 3171.000000 1305.000000 423.000000 213.000000 22702.000000 4139.000000
976528 52.170002 14.698429 4733.000000 27407.000000 31568.000000 2377.000000 1621.000000 479.000000 256.000000 22674.000000 4161.000000
977528 54.588180 14.911098 4342.000000 26989.000000 31158.000000 1563.000000 1984.000000 477.000000 318.000000 22647.000000 4169.000000
978528 53.479053 14.279693 4036.000000 26642.000000 30841.000000 1205.000000 2234.000000 205.000000 392.000000 22606.000000 4199.000000
979528 52.923613 13.897419 3870.000000 26442.000000 30610.000000 1146.000000 2166.000000 86.000000 472.000000 22572.000000 4168.000000
980528 52.598622 13.758312 3851.000000 26393.000000 30527.000000 1176.000000 2043.000000 66.000000 566.000000 22542.000000 4134.000000
981528 52.098426 13.675410 3889.000000 26383.000000 30500.000000 1272.000000 1863.000000 54.000000 700.000000 22494.000000 4117.000000
982528 51.757982 13.654092 3939.000000 26401.000000 30511.000000 1365.000000 1586.000000 56.000000 932.000000 22462.000000 4110.000000
983528 51.365715 13.608828 3992.000000 26440.000000 30539.000000 1489.000000 1271.000000 57.000000 1175.000000 22448.000000 4099.000000
984528 50.600343 13.505118 4080.000000 26499.000000 30581.000000 1685.000000 876.000000 48.000000 1471.000000 22419.000000 4082.000000
985528 49.443099 13.327677 4210.000000 26593.000000 30643.000000 1964.000000 430.000000 34.000000 1782.000000 22383.000000 4050.000000
986528 48.376353 13.215272 4390.000000 26758.000000 30775.000000 2314.000000 276.000000 50.000000 1750.000000 22368.000000 4017.000000
987528 46.950306 13.124053 4653.000000 27007.000000 31027.000000 2855.000000 258.000000 52.000000 1488.000000 22354.000000 4020.000000
988528 45.265152 12.972542 4964.000000 27308.000000 31320.000000 3510.000000 243.000000 51.000000 1160.000000 22344.000000 4012.000000
989528 43.630130 12.859218 5315.000000 27648.000000 31666.000000 4224.000000 247.000000 54.000000 790.000000 22333.000000 4018.000000
990528 41.949763 12.721653 5703.000000 28021.000000 32032.000000 5023.000000 239.000000 64.000000 377.000000 22318.000000 4011.000000
991528 41.592201 12.741073 5833.000000 28133.000000 32148.000000 5276.000000 260.000000 81.000000 216.000000 22300.000000 4015.000000
992528 41.824476 12.801496 5826.000000 28094.000000 32090.000000 5225.000000 301.000000 112.000000 188.000000 22268.000000 3996.000000
993528 42.313609 12.894153 5746.000000 27994.000000 31999.000000 5111.000000 345.000000 121.000000 169.000000 22248.000000 4005.000000
994528 42.684063 12.926493 5653.000000 27884.000000 31888.000000 4978.000000 399.000000 118.000000 158.000000 22231.000000 4004.000000
995528 43.291536 13.043889 5591.000000 27783.000000 31762.000000 4822.000000 463.000000 164.000000 142.000000 22192.000000 3979.000000
996528 43.743361 13.037422 5474.000000 27646.000000 31586.000000 4576.000000 579.000000 178.000000 141.000000 22172.000000 3940.000000
997528 44.918281 13.214456 5323.000000 27489.000000 31405.000000 4202.000000 741.000000 234.000000 146.000000 22166.000000 3916.000000
998528 47.189135 13.618840 5091.000000 27234.000000 31126.000000 3634.000000 939.000000 347.000000 171.000000 22143.000000 3892.000000
999528 49.398148 13.871104 4774.000000 26903.000000 30769.000000 2955.000000 1214.000000 402.000000 203.000000 22129.000000 3866.000000
1000528 52.006285 14.159263 4424.000000 26540.000000 30390.000000 2234.000000 1492.000000 453.000000 245.000000 22116.000000 3850.000000
1001528 55.202532 14.533760 4033.000000 26139.000000 30006.000000 1412.000000 1842.000000 494.000000 285.000000 22106.000000 3867.000000
1002528 53.921053 13.804022 3709.000000 25796.000000 29687.000000 1047.000000 2131.000000 207.000000 324.000000 22087.000000 3891.000000
1003528 53.437374 13.468516 3543.000000 25601.000000 29491.000000 999.000000 2057.000000 82.000000 405.000000 22058.000000 3890.000000
1004528 52.906029 13.249898 3522.000000 25562.000000 29404.000000 1035.000000 1934.000000 54.000000 499.000000 22040.000000 3842.000000
1005528 52.607341 13.219877 3563.000000 25560.000000 29380.000000 1102.000000 1759.000000 64.000000 638.000000 21997.000000 3820.000000
1006528 52.434255 13.237097 3590.000000 25547.000000 29372.000000 1160.000000 1500.000000 63.000000 867.000000 21957.000000 3825.000000
1007528 51.896020 13.180643 3628.000000 25549.000000 29384.000000 1281.000000 1182.000000 38.000000 1127.000000 21921.000000 3835.000000
1008528 51.261620 13.118097 3715.000000 25610.000000 29425.000000 1451.000000 810.000000 45.000000 1409.000000 21895.000000 3815.000000
1009528 50.379979 13.027716 3817.000000 25699.000000 29514.000000 1695.000000 400.000000 30.000000 1692.000000 21882.000000 3815.000000
1010528 49.085561 12.932138 4013.000000 25872.000000 29678.000000 2085.000000 245.000000 32.000000 1651.000000 21859.000000 3806.000000
1011528 47.391952 12.759981 4269.000000 26123.000000 29906.000000 2624.000000 219.000000 33.000000 1393.000000 21854.000000 3783.000000
1012528 45.650870 12.613120 4570.000000 26402.000000 30167.000000 3227.000000 212.000000 40.000000 1091.000000 21832.000000 3765.000000
1013528 43.788211 12.455703 4925.000000 26732.000000 30476.000000 3929.000000 202.000000 52.000000 742.000000 21807.000000 3744.000000
1014528 41.954405 12.303249 5314.000000 27091.000000 30813.000000 4688.000000 203.000000 69.000000 354.000000 21777.000000 3722.000000
1015528 41.351824 12.252095 5450.000000 27201.000000 30909.000000 4965.000000 215.000000 79.000000 191.000000 21751.000000 3708.000000
1016528 41.646621 12.340040 5430.000000 27151.000000 30867.000000 4921.000000 257.000000 93.000000 159.000000 21721.000000 3716.000000
1017528 41.650121 12.279675 5388.000000 27072.000000 30750.000000 4848.000000 294.000000 98.000000 148.000000 21684.000000 3678.000000
1018528 41.796527 12.252823 5335.000000 26997.000000 30646.000000 4754.000000 346.000000 106.000000 129.000000 21662.000000 3649.000000
1019528 42.245448 12.309657 5272.000000 26911.000000 30537.000000 4603.000000 419.000000 133.000000 117.000000 21639.000000 3626.000000
1020528 43.151308 12.476153 5167.000000 26779.000000 30402.000000 4382.000000 501.000000 170.000000 114.000000 21612.000000 3623.000000
1021528 44.738369 12.766521 5021.000000 26606.000000 30204.000000 3993.000000 644.000000 258.000000 126.000000 21585.000000 3598.000000
1022528 47.105860 13.180391 4773.000000 26340.000000 29946.000000 3452.000000 839.000000 341.000000 141.000000 21567.000000 3606.000000
1023528 49.328692 13.404047 4454.000000 26013.000000 29603.000000 2833.000000 1073.000000 378.000000 170.000000 21559.000000 3590.000000
1024528 51.945525 13.687628 4092.000000 25642.000000 29260.000000 2101.000000 1400.000000 387.000000 204.000000 21550.000000 3618.000000
1025528 55.300353 14.086409 3755.000000 25283.000000 28886.000000 1317.000000 1725.000000 466.000000 247.000000 21528.000000 3603.000000
1026528 54.235610 13.416597 3430.000000 24943.000000 28584.000000 953.000000 1991.000000 194.000000 292.000000 21513.000000 3641.000000
1027528 54.205878 13.179386 3249.000000 24750.000000 28408.000000 868.000000 1931.000000 86.000000 364.000000 21501.000000 3658.000000
1028528 53.825896 12.997244 3224.000000 24695.000000 28306.000000 892.000000 1822.000000 68.000000 442.000000 21471.000000 3611.000000
1029528 53.621068 12.960605 3227.000000 24670.000000 28278.000000 932.000000 1659.000000 57.000000 579.000000 21443.000000 3608.000000
1030528 53.230276 12.913954 3253.000000 24660.000000 28264.000000 1015.000000 1415.000000 46.000000 777.000000 21407.000000 3604.000000
1031528 52.946299 12.900488 3296.000000 24684.000000 28278.000000 1113.000000 1125.000000 54.000000 1004.000000 21388.000000 3594.000000
1032528 52.242668 12.829203 3365.000000 24735.000000 28326.000000 1277.000000 749.000000 43.000000 1296.000000 21370.000000 3591.000000
1033528 51.385928 12.735600 3449.000000 24799.000000 28385.000000 1473.000000 348.000000 29.000000 1599.000000 21350.000000 3586.000000
1034528 50.104239 12.633165 3617.000000 24958.000000 28536.000000 1827.000000 190.000000 27.000000 1573.000000 21341.000000 3578.000000
1035528 48.349724 12.482176 3858.000000 25188.000000 28753.000000 2318.000000 169.000000 24.000000 1347.000000 21330.000000 3565.000000
1036528 46.823222 12.375435 4118.000000 25454.000000 29001.000000 2839.000000 168.000000 42.000000 1069.000000 21336.000000 3547.000000
1037528 44.838790 12.231957 4463.000000 25794.000000 29333.000000 3563.000000 156.000000 49.000000 695.000000 21331.000000 3539.000000
1038528 43.002636 12.100064 4810.000000 26125.000000 29661.000000 4294.000000 160.000000 53.000000 303.000000 21315.000000 3536.000000
1039528 42.349049 12.043820 4956.000000 26251.000000 29758.000000 4573.000000 171.000000 77.000000 135.000000 21295.000000 3507.000000
1040528 42.432144 12.053466 4941.000000 26205.000000 29701.000000 4544.000000 192.000000 84.000000 121.000000 21264.000000 3496.000000
1041528 42.751550 12.106276 4896.000000 26129.000000 29621.000000 4453.000000 233.000000 94.000000 116.000000 21233.000000 3492.000000
1042528 42.975306 12.134854 4845.000000 26046.000000 29543.000000 4372.000000 279.000000 88.000000 106.000000 21201.000000 3497.000000
1043528 43.396683 12.182275 4802.000000 25969.000000 29428.000000 4208.000000 365.000000 126.000000 103.000000 21167.000000 3459.000000
1044528 44.164619 12.276328 4693.000000 25837.000000 29284.000000 3998.000000 441.000000 148.000000 106.000000 21144.000000 3447.000000
1045528 45.502380 12.477669 4562.000000 25688.000000 29108.000000 3677.000000 576.000000 212.000000 97.000000 21126.000000 3420.000000
1046528 47.307095 12.674737 4363.000000 25468.000000 28829.000000 3215.000000 756.000000 293.000000 99.000000 21105.000000 3361.000000
1047528 49.427764 12.877539 4086.000000 25166.000000 28507.000000 2680.000000 958.000000 330.000000 118.000000 21080.000000 3341.000000
1048528 52.942005 13.354875 3781.000000 24839.000000 28162.000000 1936.000000 1245.000000 438.000000 162.000000 21058.000000 3323.000000
1049528 55.920956 13.627543 3414.000000 24459.000000 27826.000000 1206.000000 1589.000000 425.000000 194.000000 21045.000000 3367.000000
1050528 55.167103 13.024981 3126.000000 24134.000000 27501.000000 855.000000 1801.000000 215.000000 255.000000 21008.000000 3367.000000
1051528 54.801455 12.688180 2915.000000 23895.000000 27301.000000 775.000000 1758.000000 58.000000 324.000000 20980.000000 3406.000000
1052528 54.213393 12.441176 2904.000000 23862.000000 27200.000000 800.000000 1638.000000 46.000000 420.000000 20958.000000 3338.000000
1053528 53.963415 12.378078 2919.000000 23856.000000 27169.000000 830.000000 1509.000000 50.000000 530.000000 20937.000000 3313.000000
1054528 53.517065 12.304745 2939.000000 23842.000000 27144.000000 904.000000 1288.000000 38.000000 709.000000 20903.000000 3302.000000
1055528 53.055689 12.244071 2986.000000 23875.000000 27156.000000 1012.000000 1028.000000 44.000000 902.000000 20889.000000 3281.000000
1056528 52.456944 12.209473 3046.000000 23909.000000 27192.000000 1155.000000 655.000000 37.000000 1199.000000 20863.000000 3283.000000
1057528 51.506679 12.153198 3156.000000 24003.000000 27285.000000 1390.000000 308.000000 34.000000 1424.000000 20847.000000 3282.000000
1058528 50.479525 12.102631 3289.000000 24119.000000 27399.000000 1661.000000 170.000000 36.000000 1422.000000 20830.000000 3280.000000
1059528 49.024246 12.019719 3477.000000 24301.000000 27588.000000 2059.000000 155.000000 29.000000 1234.000000 20824.000000 3287.000000
1060528 47.334664 11.929736 3732.000000 24554.000000 27838.000000 2580.000000 150.000000 37.000000 965.000000 20822.000000 3284.000000
1061528 44.992526 11.761989 4086.000000 24877.000000 28150.000000 3285.000000 139.000000 38.000000 624.000000 20791.000000 3273.000000
1062528 43.141361 11.594611 4384.000000 25171.000000 28427.000000 3902.000000 150.000000 40.000000 292.000000 20787.000000 3256.000000
1063528 42.259683 11.507867 4542.000000 25308.000000 28537.000000 4201.000000 166.000000 55.000000 120.000000 20766.000000 3229.000000
1064528 42.494197 11.563432 4529.000000 25270.000000 28495.000000 4172.000000 183.000000 70.000000 104.000000 20741.000000 3225.000000
1065528 42.747794 11.593948 4488.000000 25200.000000 28420.000000 4102.000000 211.000000 75.000000 100.000000 20712.000000 3220.000000
1066528 42.888889 11.580136 4457.000000 25140.000000 28333.000000 4017.000000 266.000000 88.000000 86.000000 20683.000000 3193.000000
1067528 43.850620 11.765747 4387.000000 25052.000000 28243.000000 3841.000000 323.000000 132.000000 91.000000 20665.000000 3191.000000
1068528 44.934926 11.916877 4259.000000 24909.000000 28103.000000 3605.000000 407.000000 155.000000 92.000000 20650.000000 3194.000000
1069528 46.159113 12.064276 4131.000000 24770.000000 27942.000000 3324.000000 518.000000 199.000000 90.000000 20639.000000 3172.000000
1070528 47.853624 12.258437 3939.000000 24570.000000 27736.000000 2920.000000 682.000000 234.000000 103.000000 20631.000000 3166.000000
1071528 50.499266 12.539196 3708.000000 24324.000000 27426.000000 2376.000000 879.000000 337.000000 116.000000 20616.000000 3102.000000
1072528 54.155784 12.999226 3381.000000 23989.000000 27117.000000 1694.000000 1148.000000 397.000000 142.000000 20608.000000 3128.000000
1073528 57.182142 13.203601 3055.000000 23646.000000 26773.000000 1021.000000 1439.000000 408.000000 187.000000 20591.000000 3127.000000
1074528 56.298679 12.559492 2765.000000 23333.000000 26474.000000 705.000000 1645.000000 184.000000 231.000000 20568.000000 3141.000000
1075528 55.214510 12.054982 2628.000000 23157.000000 26263.000000 673.000000 1600.000000 60.000000 295.000000 20529.000000 3106.000000
1076528 54.508558 11.805396 2614.000000 23113.000000 26166.000000 687.000000 1529.000000 36.000000 362.000000 20499.000000 3053.000000
1077528 54.101252 11.738365 2642.000000 23101.000000 26128.000000 732.000000 1398.000000 40.000000 472.000000 20459.000000 3027.000000
1078528 53.617843 11.683441 2665.000000 23102.000000 26131.000000 816.000000 1199.000000 24.000000 626.000000 20437.000000 3029.000000
1079528 52.949389 11.604513 2716.000000 23131.000000 26145.000000 930.000000 929.000000 20.000000 837.000000 20415.000000 3014.000000
1080528 52.012437 11.502464 2811.000000 23199.000000 26177.000000 1079.000000 599.000000 33.000000 1100.000000 20388.000000 2978.000000
1081528 51.150503 11.440662 2895.000000 23259.000000 26231.000000 1258.000000 281.000000 29.000000 1327.000000 20364.000000 2972.000000
1082528 49.933222 11.352336 3022.000000 23379.000000 26347.000000 1533.000000 163.000000 23.000000 1303.000000 20357.000000 2968.000000
1083528 48.157168 11.194988 3219.000000 23554.000000 26494.000000 1907.000000 137.000000 26.000000 1149.000000 20335.000000 2940.000000
1084528 45.927426 11.031310 3495.000000 23807.000000 26733.000000 2457.000000 120.000000 23.000000 895.000000 20312.000000 2926.000000
1085528 43.895911 10.922411 3812.000000 24114.000000 27027.000000 3072.000000 126.000000 39.000000 575.000000 20302.000000 2913.000000
1086528 42.341061 10.903564 4109.000000 24381.000000 27303.000000 3642.000000 143.000000 55.000000 269.000000 20272.000000 2922.000000
1087528 41.602573 10.858853 4225.000000 24471.000000 27397.000000 3888.000000 160.000000 49.000000 128.000000 20246.000000 2926.000000
1088528 41.785814 10.891885 4222.000000 24457.000000 27369.000000 3866.000000 189.000000 69.000000 98.000000 20235.000000 2912.000000
1089528 41.731066 10.869565 4206.000000 24413.000000 27324.000000 3847.000000 226.000000 59.000000 74.000000 20207.000000 2911.000000
1090528 42.380076 10.990826 4160.000000 24343.000000 27250.000000 3735.000000 266.000000 88.000000 71.000000 20183.000000 2907.000000
1091528 43.133879 11.076719 4071.000000 24240.000000 27138.000000 3563.000000 319.000000 108.000000 81.000000 20169.000000 2898.000000
1092528 43.524602 11.039514 3980.000000 24134.000000 27003.000000 3366.000000 421.000000 112.000000 81.000000 20154.000000 2869.000000
1093528 45.014118 11.271117 3860.000000 24005.000000 26874.000000 3117.000000 494.000000 160.000000 89.000000 20145.000000 2869.000000
1094528 47.270776 11.565442 3679.000000 23814.000000 26657.000000 2720.000000 617.000000 240.000000 102.000000 20135.000000 2843.000000
1095528 50.159795 11.896460 3436.000000 23564.000000 26386.000000 2175.000000 816.000000 317.000000 128.000000 20128.000000 2822.000000
1096528 53.613953 12.258906 3121.000000 23237.000000 26079.000000 1555.000000 1055.000000 355.000000 156.000000 20116.000000 2842.000000
1097528 56.704305 12.473803 2802.000000 22900.000000 25766.000000 955.000000 1305.000000 348.000000 194.000000 20098.000000 2866.000000
1098528 55.777039 11.851445 2557.000000 22638.000000 25499.000000 662.000000 1504.000000 161.000000 230.000000 20081.000000 2861.000000
745752 1.050420 0.237500 9044.000000 40000.000000 40000.000000 7459.000000 498.000000 95.000000 992.000000 30956.000000 0.000000
746752 2.160494 0.487392 9023.000000 40165.000000 40214.000000 7618.000000 626.000000 147.000000 632.000000 31142.000000 49.000000
747752 4.016285 0.904249 8914.000000 40191.000000 40365.000000 7516.000000 820.000000 191.000000 387.000000 31277.000000 174.000000
748752 7.278516 1.639020 8724.000000 40066.000000 40451.000000 7181.000000 994.000000 278.000000 271.000000 31342.000000 385.000000
749752 11.366623 2.562457 8440.000000 39816.000000 40508.000000 6697.000000 1185.000000 346.000000 212.000000 31376.000000 692.000000
750752 16.706783 3.766372 8039.000000 39442.000000 40543.000000 6009.000000 1406.000000 426.000000 198.000000 31403.000000 1101.000000
751752 22.607459 5.095777 7545.000000 38965.000000 40563.000000 5192.000000 1632.000000 469.000000 252.000000 31420.000000 1598.000000
752752 29.177139 6.578299 6984.000000 38421.000000 40588.000000 4326.000000 1797.000000 503.000000 358.000000 31437.000000 2167.000000
753752 34.944766 7.868877 6344.000000 37804.000000 40603.000000 3558.000000 1919.000000 396.000000 471.000000 31460.000000 2799.000000
754752 40.222853 9.063385 5889.000000 37360.000000 40625.000000 2845.000000 2012.000000 417.000000 615.000000 31471.000000 3265.000000
755752 44.613199 10.044528 5418.000000 36915.000000 40649.000000 2267.000000 2013.000000 349.000000 789.000000 31497.000000 3734.000000
756752 48.242742 10.859951 5024.000000 36562.000000 40700.000000 1828.000000 2011.000000 282.000000 903.000000 31538.000000 4138.000000
757752 51.768945 11.628363 4687.000000 36300.000000 40771.000000 1479.000000 1942.000000 270.000000 996.000000 31613.000000 4471.000000
758752 53.779863 12.067953 4417.000000 36102.000000 40852.000000 1328.000000 1822.000000 180.000000 1087.000000 31685.000000 4750.000000
759752 54.883366 12.297885 4245.000000 36013.000000 40942.000000 1319.000000 1558.000000 106.000000 1262.000000 31768.000000 4929.000000
760752 55.346254 12.379746 4176.000000 36051.000000 41059.000000 1466.000000 1320.000000 75.000000 1315.000000 31875.000000 5008.000000
761752 55.414220 12.381276 4143.000000 36112.000000 41167.000000 1633.000000 1097.000000 42.000000 1371.000000 31969.000000 5055.000000
762752 55.436081 12.361347 4136.000000 36219.000000 41290.000000 1866.000000 852.000000 33.000000 1385.000000 32083.000000 5071.000000
763752 55.179132 12.305687 4164.000000 36353.000000 41428.000000 2132.000000 654.000000 23.000000 1355.000000 32189.000000 5075.000000
764752 55.143321 12.255397 4171.000000 36524.000000 41598.000000 2468.000000 488.000000 24.000000 1191.000000 32353.000000 5074.000000
765752 54.741703 12.201661 4226.000000 36688.000000 41773.000000 2803.000000 337.000000 12.000000 1074.000000 32462.000000 5085.000000
766752 54.721213 12.218565 4274.000000 36840.000000 41928.000000 3075.000000 240.000000 35.000000 924.000000 32566.000000 5088.000000
767752 54.874297 12.292375 4313.000000 36969.000000 42083.000000 3288.000000 221.000000 59.000000 745.000000 32656.000000 5114.000000
768752 54.910199 12.377187 4362.000000 37080.000000 42239.000000 3482.000000 247.000000 69.000000 564.000000 32718.000000 5159.000000
769752 55.595027 12.568203 4353.000000 37119.000000 42337.000000 3518.000000 301.000000 103.000000 431.000000 32766.000000 5218.000000
770752 55.327064 12.629741 4427.000000 37142.000000 42392.000000 3653.000000 382.000000 104.000000 288.000000 32715.000000 5250.000000
771752 54.268970 12.686303 4664.000000 37104.000000 42337.000000 3874.000000 459.000000 138.000000 193.000000 32440.000000 5233.000000
772752 51.382241 12.474801 5089.000000 37017.000000 42165.000000 4278.000000 558.000000 112.000000 141.000000 31928.000000 5148.000000
773752 48.499810 12.192095 5564.000000 36928.000000 41896.000000 4662.000000 638.000000 140.000000 124.000000 31364.000000 4968.000000
774752 45.812348 11.827595 5974.000000 36782.000000 41530.000000 4973.000000 719.000000 164.000000 118.000000 30808.000000 4748.000000
775752 43.406492 11.456178 6345.000000 36588.000000 41087.000000 5192.000000 794.000000 208.000000 151.000000 30243.000000 4499.000000
776752 40.094942 10.839894 6788.000000 36351.000000 40517.000000 5507.000000 841.000000 226.000000 214.000000 29563.000000 4166.000000
777752 37.606838 10.232046 6989.000000 36100.000000 39992.000000 5641.000000 854.000000 200.000000 294.000000 29111.000000 3892.000000
778752 35.504826 9.681664 7143.000000 35885.000000 39518.000000 5707.000000 894.000000 193.000000 349.000000 28742.000000 3633.000000
779752 34.238467 9.314690 7186.000000 35664.000000 39121.000000 5659.000000 909.000000 187.000000 431.000000 28478.000000 3457.000000
780752 32.871250 8.921301 7229.000000 35503.000000 38806.000000 5697.000000 900.000000 159.000000 473.000000 28274.000000 3303.000000
781752 32.608071 8.814842 7219.000000 35380.000000 38594.000000 5605.000000 914.000000 188.000000 512.000000 28161.000000 3214.000000
782752 33.683602 9.090200 7167.000000 35231.000000 38437.000000 5397.000000 965.000000 288.000000 517.000000 28064.000000 3206.000000
783752 35.790794 9.681798 7018.000000 34964.000000 38309.000000 5011.000000 1072.000000 364.000000 571.000000 27946.000000 3345.000000
784752 38.396381 10.413784 6758.000000 34674.000000 38305.000000 4605.000000 1219.000000 358.000000 576.000000 27916.000000 3631.000000
785752 40.314538 10.969914 6530.000000 34425.000000 38323.000000 4237.000000 1396.000000 306.000000 591.000000 27895.000000 3898.000000
786752 42.645382 11.688718 6364.000000 34236.000000 38396.000000 3858.000000 1590.000000 328.000000 588.000000 27872.000000 4160.000000
787752 45.642527 12.565309 6141.000000 34021.000000 38471.000000 3381.000000 1762.000000 384.000000 614.000000 27880.000000 4450.000000
788752 46.571750 12.893188 5981.000000 33868.000000 38563.000000 3096.000000 2035.000000 277.000000 573.000000 27887.000000 4695.000000
789752 46.969697 13.076107 5916.000000 33801.000000 38643.000000 2923.000000 2188.000000 211.000000 594.000000 27885.000000 4842.000000
790752 47.186147 13.225082 5911.000000 33791.000000 38737.000000 2837.000000 2225.000000 177.000000 672.000000 27880.000000 4946.000000
791752 47.332784 13.332131 5917.000000 33789.000000 38801.000000 2759.000000 2176.000000 161.000000 821.000000 27872.000000 5012.000000
792752 47.469792 13.439823 5947.000000 33817.000000 38877.000000 2731.000000 2085.000000 165.000000 966.000000 27870.000000 5060.000000
793752 47.516511 13.495041 5952.000000 33817.000000 38918.000000 2647.000000 1988.000000 151.000000 1166.000000 27865.000000 5101.000000
794752 47.721131 13.602403 5928.000000 33775.000000 38949.000000 2667.000000 1789.000000 124.000000 1348.000000 27847.000000 5174.000000
795752 47.661211 13.663402 5980.000000 33801.000000 39002.000000 2820.000000 1504.000000 128.000000 1528.000000 27821.000000 5201.000000
796752 47.337278 13.700381 6091.000000 33891.000000 39123.000000 3129.000000 1252.000000 128.000000 1582.000000 27800.000000 5232.000000
797752 46.936638 13.701213 6217.000000 34011.000000 39252.000000 3466.000000 1053.000000 137.000000 1561.000000 27794.000000 5241.000000
798752 46.148526 13.564404 6326.000000 34112.000000 39353.000000 3843.000000 911.000000 97.000000 1475.000000 27786.000000 5241.000000
799752 45.291829 13.303533 6460.000000 34268.000000 39373.000000 4194.000000 767.000000 133.000000 1366.000000 27808.000000 5105.000000
800752 44.154498 12.965594 6589.000000 34428.000000 39412.000000 4623.000000 621.000000 126.000000 1219.000000 27839.000000 4984.000000
801752 43.243008 12.606045 6638.000000 34531.000000 39370.000000 4949.000000 567.000000 124.000000 998.000000 27893.000000 4839.000000
802752 42.444717 12.305696 6664.000000 34575.000000 39307.000000 5163.000000 555.000000 105.000000 841.000000 27911.000000 4732.000000
803752 42.243816 12.187787 6665.000000 34581.000000 39236.000000 5267.000000 556.000000 127.000000 715.000000 27916.000000 4655.000000
804752 41.576837 11.921122 6650.000000 34574.000000 39149.000000 5432.000000 557.000000 92.000000 569.000000 27924.000000 4575.000000
805752 41.639727 11.862976 6656.000000 34608.000000 39088.000000 5516.000000 561.000000 157.000000 422.000000 27952.000000 4480.000000
806752 42.490209 11.983354 6516.000000 34466.000000 38929.000000 5340.000000 594.000000 202.000000 380.000000 27950.000000 4463.000000
807752 43.606800 12.191027 6393.000000 34286.000000 38717.000000 5062.000000 702.000000 289.000000 340.000000 27893.000000 4431.000000
808752 44.573898 12.339064 6190.000000 33994.000000 38447.000000 4754.000000 823.000000 291.000000 322.000000 27804.000000 4453.000000
809752 45.513369 12.522909 6031.000000 33716.000000 38194.000000 4433.000000 965.000000 305.000000 328.000000 27685.000000 4478.000000
810752 46.499568 12.749822 5870.000000 33434.000000 37977.000000 4129.000000 1093.000000 299.000000 349.000000 27564.000000 4543.000000
811752 47.348595 12.986807 5792.000000 33185.000000 37746.000000 3808.000000 1270.000000 341.000000 373.000000 27393.000000 4561.000000
812752 47.858869 13.178418 5671.000000 32895.000000 37569.000000 3519.000000 1508.000000 277.000000 367.000000 27224.000000 4674.000000
813752 48.531685 13.411997 5594.000000 32701.000000 37459.000000 3263.000000 1690.000000 266.000000 375.000000 27107.000000 4758.000000
814752 49.054237 13.593817 5505.000000 32535.000000 37392.000000 3060.000000 1769.000000 226.000000 450.000000 27030.000000 4857.000000
815752 49.189137 13.719455 5491.000000 32433.000000 37363.000000 2940.000000 1810.000000 196.000000 545.000000 26942.000000 4930.000000
816752 49.660968 13.916395 5460.000000 32355.000000 37366.000000 2817.000000 1820.000000 189.000000 634.000000 26895.000000 5011.000000
817752 49.335628 13.828676 5415.000000 32275.000000 37321.000000 2728.000000 1785.000000 115.000000 787.000000 26860.000000 5046.000000
818752 49.790236 14.024063 5438.000000 32186.000000 37236.000000 2704.000000 1606.000000 172.000000 956.000000 26748.000000 5050.000000
819752 49.214461 13.982253 5488.000000 32112.000000 37190.000000 2850.000000 1397.000000 122.000000 1119.000000 26624.000000 5078.000000
820752 48.701663 14.013115 5633.000000 32135.000000 37208.000000 3078.000000 1178.000000 141.000000 1236.000000 26502.000000 5073.000000
821752 48.301466 13.978726 5692.000000 32146.000000 37228.000000 3274.000000 1003.000000 122.000000 1293.000000 26454.000000 5082.000000
822752 48.557251 14.171919 5781.000000 32184.000000 37285.000000 3417.000000 872.000000 183.000000 1309.000000 26403.000000 5101.000000
823752 48.117914 14.197399 5867.000000 32208.000000 37366.000000 3710.000000 753.000000 147.000000 1257.000000 26341.000000 5158.000000
824752 47.636494 14.216000 5999.000000 32308.000000 37500.000000 4066.000000 629.000000 139.000000 1165.000000 26309.000000 5192.000000
825752 46.929941 14.124654 6136.000000 32425.000000 37608.000000 4441.000000 591.000000 129.000000 975.000000 26289.000000 5183.000000
826752 46.436059 14.104911 6271.000000 32512.000000 37689.000000 4753.000000 593.000000 139.000000 786.000000 26241.000000 5177.000000
827752 46.014619 14.023177 6312.000000 32529.000000 37709.000000 4987.000000 569.000000 108.000000 648.000000 26217.000000 5180.000000
828752 45.390010 13.892790 6400.000000 32588.000000 37739.000000 5236.000000 557.000000 92.000000 515.000000 26188.000000 5151.000000
829752 45.181920 13.859654 6489.000000 32639.000000 37721.000000 5395.000000 544.000000 146.000000 404.000000 26150.000000 5082.000000
830752 45.958892 14.025995 6420.000000 32561.000000 37623.000000 5254.000000 572.000000 215.000000 379.000000 26141.000000 5062.000000
831752 46.873339 14.143304 6230.000000 32357.000000 37417.000000 4949.000000 657.000000 232.000000 392.000000 26127.000000 5060.000000
832752 47.235002 14.089282 6076.000000 32154.000000 37163.000000 4737.000000 717.000000 227.000000 395.000000 26078.000000 5009.000000
833752 47.965009 14.112707 5896.000000 31946.000000 36910.000000 4438.000000 838.000000 245.000000 375.000000 26050.000000 4964.000000
834752 48.803603 14.192545 5756.000000 31745.000000 36646.000000 4102.000000 985.000000 300.000000 369.000000 25989.000000 4901.000000
835752 50.190223 14.476572 5572.000000 31510.000000 36452.000000 3706.000000 1185.000000 335.000000 346.000000 25938.000000 4942.000000
836752 50.932039 14.500525 5376.000000 31254.000000 36178.000000 3334.000000 1389.000000 322.000000 331.000000 25878.000000 4924.000000
837752 51.942418 14.641061 5176.000000 31015.000000 35981.000000 2981.000000 1552.000000 302.000000 341.000000 25839.000000 4966.000000
838752 52.710094 14.797856 5018.000000 30779.000000 35816.000000 2681.000000 1665.000000 263.000000 409.000000 25761.000000 5037.000000
839752 53.495593 14.957851 4884.000000 30607.000000 35707.000000 2407.000000 1745.000000 241.000000 491.000000 25723.000000 5100.000000
840752 53.594507 14.917655 4822.000000 30500.000000 35582.000000 2181.000000 1831.000000 226.000000 584.000000 25678.000000 5082.000000
841752 53.220408 14.772791 4743.000000 30402.000000 35518.000000 2084.000000 1810.000000 131.000000 718.000000 25659.000000 5116.000000
842752 52.986748 14.662906 4707.000000 30347.000000 35450.000000 2128.000000 1629.000000 95.000000 855.000000 25640.000000 5103.000000
843752 52.665986 14.571558 4733.000000 30327.000000 35384.000000 2224.000000 1400.000000 99.000000 1010.000000 25594.000000 5057.000000
844752 52.450331 14.553473 4774.000000 30332.000000 35373.000000 2351.000000 1185.000000 107.000000 1131.000000 25558.000000 5041.000000
845752 52.096660 14.515262 4837.000000 30337.000000 35349.000000 2496.000000 996.000000 119.000000 1226.000000 25500.000000 5012.000000
846752 51.575439 14.443690 4904.000000 30360.000000 35358.000000 2715.000000 808.000000 109.000000 1272.000000 25456.000000 4998.000000
847752 50.365695 14.211806 5050.000000 30441.000000 35372.000000 3045.000000 623.000000 96.000000 1286.000000 25391.000000 4931.000000
848752 49.315612 14.031325 5205.000000 30558.000000 35435.000000 3415.000000 481.000000 95.000000 1214.000000 25353.000000 4877.000000
849752 48.045459 13.813306 5405.000000 30700.000000 35502.000000 3808.000000 450.000000 102.000000 1045.000000 25295.000000 4802.000000
850752 47.095898 13.654381 5542.000000 30800.000000 35571.000000 4148.000000 461.000000 86.000000 847.000000 25258.000000 4771.000000
851752 45.970063 13.445024 5724.000000 30936.000000 35634.000000 4523.000000 462.000000 93.000000 646.000000 25212.000000 4698.000000
852752 45.090009 13.257533 5849.000000 31058.000000 35708.000000 4853.000000 456.000000 84.000000 456.000000 25209.000000 4650.000000
853752 44.602138 13.187490 5964.000000 31141.000000 35746.000000 5096.000000 442.000000 109.000000 317.000000 25177.000000 4605.000000
854752 44.569964 13.167859 5975.000000 31096.000000 35655.000000 5079.000000 487.000000 136.000000 273.000000 25121.000000 4559.000000
855752 44.829899 13.190469 5932.000000 30962.000000 35465.000000 4957.000000 517.000000 175.000000 283.000000 25030.000000 4503.000000
856752 45.479345 13.249695 5806.000000 30773.000000 35231.000000 4738.000000 550.000000 210.000000 308.000000 24967.000000 4458.000000
857752 46.160697 13.314876 5662.000000 30592.000000 35036.000000 4457.000000 677.000000 221.000000 307.000000 24930.000000 4444.000000
858752 47.179126 13.455350 5485.000000 30363.000000 34804.000000 4142.000000 798.000000 242.000000 303.000000 24878.000000 4441.000000
859752 48.549383 13.655304 5286.000000 30124.000000 34558.000000 3703.000000 997.000000 285.000000 301.000000 24838.000000 4434.000000
860752 49.646736 13.734356 5081.000000 29877.000000 34279.000000 3293.000000 1192.000000 306.000000 290.000000 24796.000000 4402.000000
861752 50.332689 13.769818 4926.000000 29668.000000 34060.000000 2951.000000 1389.000000 298.000000 288.000000 24742.000000 4392.000000
862752 51.105033 13.798706 4726.000000 29437.000000 33851.000000 2580.000000 1567.000000 257.000000 322.000000 24711.000000 4414.000000
863752 51.635150 13.792899 4594.000000 29259.000000 33655.000000 2247.000000 1742.000000 246.000000 359.000000 24665.000000 4396.000000
864752 52.208610 13.856572 4480.000000 29105.000000 33522.000000 1941.000000 1863.000000 228.000000 448.000000 24625.000000 4417.000000
865752 52.308041 13.795579 4340.000000 28954.000000 33431.000000 1762.000000 1874.000000 135.000000 569.000000 24614.000000 4477.000000
866752 52.359243 13.773048 4281.000000 28862.000000 33355.000000 1755.000000 1727.000000 101.000000 698.000000 24581.000000 4493.000000
867752 52.274286 13.732024 4259.000000 28818.000000 33309.000000 1790.000000 1514.000000 83.000000 872.000000 24559.000000 4491.000000
868752 51.894677 13.627755 4278.000000 28806.000000 33263.000000 1870.000000 1301.000000 76.000000 1031.000000 24528.000000 4457.000000
869752 51.526238 13.558557 4341.000000 28835.000000 33241.000000 2002.000000 1069.000000 101.000000 1169.000000 24494.000000 4406.000000
870752 50.766784 13.435753 4415.000000 28874.000000 33262.000000 2224.000000 845.000000 81.000000 1265.000000 24459.000000 4388.000000
871752 49.808515 13.274097 4537.000000 28972.000000 33313.000000 2499.000000 602.000000 81.000000 1355.000000 24435.000000 4341.000000
872752 48.859610 13.199533 4724.000000 29125.000000 33433.000000 2866.000000 439.000000 105.000000 1314.000000 24401.000000 4308.000000
873752 47.810934 13.082998 4870.000000 29243.000000 33555.000000 3238.000000 390.000000 78.000000 1164.000000 24373.000000 4312.000000
874752 46.782311 12.968625 5052.000000 29402.000000 33689.000000 3636.000000 390.000000 82.000000 944.000000 24350.000000 4287.000000
875752 45.454545 12.771996 5245.000000 29565.000000 33824.000000 4058.000000 397.000000 61.000000 729.000000 24320.000000 4259.000000
876752 43.927355 12.529064 5491.000000 29777.000000 33977.000000 4570.000000 385.000000 57.000000 479.000000 24286.000000 4200.000000
877752 43.531576 12.502935 5626.000000 29912.000000 34072.000000 4822.000000 391.000000 100.000000 313.000000 24286.000000 4160.000000
878752 43.447922 12.448548 5627.000000 29894.000000 34012.000000 4835.000000 424.000000 116.000000 252.000000 24267.000000 4118.000000
879752 43.572759 12.421444 5563.000000 29794.000000 33893.000000 4755.000000 455.000000 111.000000 242.000000 24231.000000 4099.000000
880752 44.013420 12.444049 5515.000000 29712.000000 33735.000000 4608.000000 491.000000 175.000000 241.000000 24197.000000 4023.000000
881752 44.755394 12.500373 5377.000000 29534.000000 33519.000000 4363.000000 559.000000 205.000000 250.000000 24157.000000 3985.000000
882752 45.472377 12.536802 5234.000000 29343.000000 33286.000000 4078.000000 664.000000 230.000000 262.000000 24109.000000 3943.000000
883752 47.167076 12.795764 5031.000000 29115.000000 33050.000000 3672.000000 806.000000 294.000000 259.000000 24084.000000 3935.000000
884752 48.636983 13.046525 4847.000000 28864.000000 32821.000000 3285.000000 986.000000 325.000000 251.000000 24017.000000 3957.000000
885752 49.727347 13.158137 4628.000000 28582.000000 32573.000000 2893.000000 1167.000000 295.000000 273.000000 23954.000000 3991.000000
886752 51.201610 13.363614 4428.000000 28345.000000 32364.000000 2473.000000 1367.000000 306.000000 282.000000 23917.000000 4019.000000
887752 53.087313 13.678454 4210.000000 28100.000000 32182.000000 2019.000000 1561.000000 320.000000 310.000000 23890.000000 4082.000000
888752 53.799095 13.725613 4018.000000 27880.000000 32035.000000 1687.000000 1724.000000 242.000000 365.000000 23862.000000 4155.000000
889752 52.816814 13.320996 3893.000000 27734.000000 31882.000000 1544.000000 1780.000000 99.000000 470.000000 23841.000000 4148.000000
890752 52.161419 13.137193 3911.000000 27687.000000 31780.000000 1609.000000 1648.000000 82.000000 572.000000 23776.000000 4093.000000
891752 52.069225 13.092836 3895.000000 27633.000000 31712.000000 1619.000000 1488.000000 73.000000 715.000000 23738.000000 4079.000000
892752 51.393576 12.976521 3941.000000 27628.000000 31688.000000 1729.000000 1302.000000 52.000000 858.000000 23687.000000 4060.000000
893752 51.185721 12.950390 4001.000000 27656.000000 31667.000000 1814.000000 1077.000000 90.000000 1020.000000 23655.000000 4011.000000
894752 50.389514 12.859352 4084.000000 27686.000000 31689.000000 2022.000000 843.000000 72.000000 1147.000000 23602.000000 4003.000000
895752 49.743840 12.840455 4207.000000 27768.000000 31759.000000 2270.000000 587.000000 87.000000 1263.000000 23561.000000 3991.000000
896752 49.093093 12.830011 4331.000000 27861.000000 31855.000000 2549.000000 389.000000 93.000000 1300.000000 23530.000000 3994.000000
897752 48.011834 12.699953 4465.000000 27960.000000 31945.000000 2870.000000 339.000000 72.000000 1184.000000 23495.000000 3985.000000
898752 47.092956 12.646078 4645.000000 28117.000000 32089.000000 3255.000000 334.000000 86.000000 970.000000 23472.000000 3972.000000
899752 45.518493 12.441082 4852.000000 28286.000000 32248.000000 3733.000000 321.000000 50.000000 748.000000 23434.000000 3962.000000
900752 44.402571 12.344005 5072.000000 28503.000000 32453.000000 4210.000000 312.000000 56.000000 494.000000 23431.000000 3950.000000
901752 44.176400 12.422494 5219.000000 28636.000000 32578.000000 4487.000000 335.000000 105.000000 292.000000 23417.000000 3942.000000
902752 43.980424 12.408334 5241.000000 28637.000000 32591.000000 4591.000000 356.000000 90.000000 204.000000 23396.000000 3954.000000
903752 44.481018 12.476917 5190.000000 28568.000000 32492.000000 4465.000000 399.000000 130.000000 196.000000 23378.000000 3924.000000
904752 44.797432 12.494597 5109.000000 28465.000000 32390.000000 4349.000000 442.000000 122.000000 196.000000 23356.000000 3925.000000
905752 45.480099 12.556652 5032.000000 28352.000000 32214.000000 4140.000000 503.000000 183.000000 206.000000 23320.000000 3862.000000
906752 46.516159 12.679224 4876.000000 28163.000000 32013.000000 3843.000000 607.000000 209.000000 217.000000 23287.000000 3850.000000
907752 47.601736 12.768166 4688.000000 27951.000000 31790.000000 3507.000000 747.000000 220.000000 214.000000 23263.000000 3839.000000
908752 48.781959 12.834751 4518.000000 27742.000000 31516.000000 3144.000000 884.000000 271.000000 219.000000 23224.000000 3774.000000
909752 49.808002 12.861438 4316.000000 27507.000000 31264.000000 2752.000000 1071.000000 264.000000 229.000000 23191.000000 3757.000000
910752 51.763959 13.141955 4095.000000 27253.000000 31038.000000 2303.000000 1258.000000 294.000000 240.000000 23158.000000 3785.000000
911752 53.066841 13.161060 3861.000000 26996.000000 30765.000000 1831.000000 1463.000000 280.000000 287.000000 23135.000000 3769.000000
912752 54.035935 13.190626 3688.000000 26782.000000 30552.000000 1457.000000 1629.000000 260.000000 342.000000 23094.000000 3770.000000
913752 53.286257 12.893051 3561.000000 26632.000000 30435.000000 1283.000000 1742.000000 121.000000 415.000000 23071.000000 3803.000000
914752 52.999178 12.750395 3492.000000 26542.000000 30352.000000 1290.000000 1599.000000 60.000000 543.000000 23050.000000 3810.000000
915752 52.737276 12.657643 3511.000000 26531.000000 30290.000000 1331.000000 1459.000000 75.000000 646.000000 23020.000000 3759.000000
916752 52.397966 12.593302 3524.000000 26525.000000 30278.000000 1402.000000 1310.000000 60.000000 752.000000 23001.000000 3753.000000
917752 51.972603 12.530550 3561.000000 26539.000000 30278.000000 1514.000000 1081.000000 55.000000 911.000000 22978.000000 3739.000000
918752 51.123519 12.396803 3646.000000 26585.000000 30282.000000 1690.000000 821.000000 57.000000 1078.000000 22939.000000 3697.000000
919752 50.348900 12.355924 3767.000000 26681.000000 30366.000000 1941.000000 573.000000 67.000000 1186.000000 22914.000000 3685.000000
920752 49.337397 12.239463 3890.000000 26762.000000 30418.000000 2186.000000 359.000000 67.000000 1278.000000 22872.000000 3656.000000
921752 48.264614 12.128664 4021.000000 26855.000000 30498.000000 2480.000000 279.000000 56.000000 1206.000000 22834.000000 3643.000000
922752 46.886961 11.989430 4222.000000 27036.000000 30652.000000 2901.000000 274.000000 59.000000 988.000000 22814.000000 3616.000000
923752 45.327859 11.819480 4444.000000 27229.000000 30822.000000 3375.000000 274.000000 50.000000 745.000000 22785.000000 3593.000000
924752 44.088371 11.715751 4672.000000 27435.000000 31001.000000 3822.000000 271.000000 66.000000 513.000000 22763.000000 3566.000000
925752 42.789318 11.570805 4878.000000 27609.000000 31156.000000 4258.000000 286.000000 58.000000 276.000000 22731.000000 3547.000000
926752 42.337998 11.545122 4985.000000 27664.000000 31182.000000 4424.000000 316.000000 82.000000 163.000000 22679.000000 3518.000000
927752 42.381683 11.549595 4988.000000 27607.000000 31092.000000 4371.000000 350.000000 106.000000 161.000000 22619.000000 3485.000000
928752 42.442276 11.511395 4935.000000 27511.000000 30978.000000 4281.000000 384.000000 99.000000 171.000000 22576.000000 3467.000000
929752 43.260452 11.667315 4875.000000 27415.000000 30864.000000 4113.000000 439.000000 152.000000 171.000000 22540.000000 3449.000000
930752 44.602030 11.887383 4734.000000 27243.000000 30688.000000 3830.000000 514.000000 203.000000 187.000000 22509.000000 3445.000000
931752 45.202052 11.861847 4573.000000 27039.000000 30459.000000 3551.000000 641.000000 193.000000 188.000000 22466.000000 3420.000000
932752 46.414368 11.968639 4411.000000 26845.000000 30229.000000 3243.000000 742.000000 234.000000 192.000000 22434.000000 3384.000000
933752 48.233285 12.235106 4236.000000 26635.000000 30012.000000 2830.000000 913.000000 295.000000 198.000000 22399.000000 3377.000000
934752 49.688853 12.341241 4013.000000 26383.000000 29762.000000 2401.000000 1102.000000 294.000000 216.000000 22370.000000 3379.000000
935752 51.748154 12.582131 3777.000000 26124.000000 29526.000000 1906.000000 1308.000000 313.000000 250.000000 22347.000000 3402.000000
936752 53.423088 12.723427 3536.000000 25870.000000 29316.000000 1428.000000 1519.000000 284.000000 305.000000 22334.000000 3446.000000
937752 53.402605 12.518440 3351.000000 25667.000000 29149.000000 1190.000000 1631.000000 167.000000 363.000000 22316.000000 3482.000000
938752 53.654215 12.500000 3216.000000 25515.000000 29072.000000 1131.000000 1552.000000 77.000000 456.000000 22299.000000 3557.000000
939752 53.466667 12.435394 3207.000000 25479.000000 29022.000000 1155.000000 1441.000000 66.000000 545.000000 22272.000000 3543.000000
940752 53.024491 12.385416 3231.000000 25471.000000 29018.000000 1233.000000 1317.000000 47.000000 634.000000 22240.000000 3547.000000
941752 52.707475 12.342361 3271.000000 25497.000000 29022.000000 1316.000000 1102.000000 57.000000 796.000000 22226.000000 3525.000000
942752 52.168200 12.300330 3327.000000 25526.000000 29048.000000 1454.000000 859.000000 51.000000 963.000000 22199.000000 3522.000000
943752 51.304975 12.229326 3433.000000 25592.000000 29094.000000 1663.000000 588.000000 56.000000 1126.000000 22159.000000 3502.000000
944752 50.448143 12.157992 3540.000000 25677.000000 29166.000000 1885.000000 358.000000 57.000000 1240.000000 22137.000000 3489.000000
945752 49.719652 12.130643 3650.000000 25756.000000 29240.000000 2107.000000 290.000000 63.000000 1190.000000 22106.000000 3484.000000
946752 48.366370 12.033195 3838.000000 25925.000000 29402.000000 2512.000000 257.000000 61.000000 1008.000000 22087.000000 3477.000000
947752 46.498935 11.808255 4052.000000 26121.000000 29581.000000 2996.000000 245.000000 33.000000 778.000000 22069.000000 3460.000000
948752 44.818686 11.659449 4327.000000 26365.000000 29787.000000 3517.000000 235.000000 51.000000 524.000000 22038.000000 3422.000000
949752 43.719413 11.618755 4551.000000 26568.000000 29986.000000 3958.000000 235.000000 66.000000 292.000000 22017.000000 3418.000000
950752 43.248971 11.561792 4627.000000 26610.000000 30004.000000 4094.000000 262.000000 75.000000 196.000000 21983.000000 3394.000000
951752 43.436486 11.617662 4617.000000 26566.000000 29963.000000 4081.000000 298.000000 84.000000 154.000000 21949.000000 3397.000000
952752 43.960745 11.692658 4562.000000 26496.000000 29882.000000 3987.000000 309.000000 108.000000 158.000000 21934.000000 3386.000000
953752 44.290084 11.675570 4482.000000 26399.000000 29763.000000 3862.000000 350.000000 111.000000 159.000000 21917.000000 3364.000000
954752 45.042126 11.741452 4397.000000 26278.000000 29596.000000 3664.000000 418.000000 157.000000 158.000000 21881.000000 3318.000000
955752 46.023778 11.843894 4282.000000 26128.000000 29416.000000 3406.000000 521.000000 196.000000 159.000000 21846.000000 3288.000000
956752 46.913413 11.890171 4134.000000 25940.000000 29209.000000 3154.000000 616.000000 204.000000 160.000000 21806.000000 3269.000000
957752 48.906423 12.178139 3963.000000 25750.000000 29011.000000 2752.000000 776.000000 272.000000 163.000000 21787.000000 3261.000000
958752 50.745627 12.311278 3731.000000 25503.000000 28746.000000 2267.000000 988.000000 296.000000 180.000000 21772.000000 3243.000000
959752 52.808656 12.504826 3506.000000 25252.000000 28493.000000 1774.000000 1208.000000 322.000000 202.000000 21746.000000 3241.000000
960752 53.999387 12.473012 3272.000000 24999.000000 28253.000000 1320.000000 1452.000000 270.000000 230.000000 21727.000000 3254.000000
961752 53.846154 12.195817 3086.000000 24796.000000 28067.000000 1060.000000 1572.000000 152.000000 302.000000 21710.000000 3271.000000
962752 53.384542 11.954418 3000.000000 24657.000000 27906.000000 1025.000000 1521.000000 87.000000 367.000000 21657.000000 3249.000000
963752 52.567394 11.772316 3000.000000 24596.000000 27828.000000 1087.000000 1424.000000 44.000000 445.000000 21596.000000 3232.000000
964752 52.101646 11.722824 3047.000000 24599.000000 27809.000000 1161.000000 1299.000000 50.000000 537.000000 21552.000000 3210.000000
965752 52.038866 11.753067 3067.000000 24586.000000 27797.000000 1204.000000 1105.000000 56.000000 702.000000 21519.000000 3211.000000
966752 51.380780 11.705493 3131.000000 24610.000000 27816.000000 1345.000000 822.000000 50.000000 914.000000 21479.000000 3206.000000
967752 50.655022 11.658291 3206.000000 24654.000000 27860.000000 1506.000000 568.000000 42.000000 1090.000000 21448.000000 3206.000000
968752 49.907749 11.628573 3314.000000 24724.000000 27914.000000 1696.000000 338.000000 56.000000 1224.000000 21410.000000 3190.000000
969752 48.956127 11.558381 3424.000000 24811.000000 27997.000000 1935.000000 234.000000 50.000000 1205.000000 21387.000000 3186.000000
970752 47.649226 11.489392 3602.000000 24956.000000 28139.000000 2302.000000 210.000000 50.000000 1040.000000 21354.000000 3183.000000
971752 45.545118 11.281111 3852.000000 25192.000000 28366.000000 2857.000000 208.000000 26.000000 761.000000 21340.000000 3174.000000
972752 43.936683 11.164352 4111.000000 25437.000000 28591.000000 3365.000000 201.000000 38.000000 507.000000 21326.000000 3154.000000
973752 43.078983 11.182542 4333.000000 25640.000000 28777.000000 3757.000000 218.000000 81.000000 277.000000 21307.000000 3137.000000
974752 42.908319 11.215537 4386.000000 25684.000000 28835.000000 3890.000000 249.000000 83.000000 164.000000 21298.000000 3151.000000
975752 43.245404 11.279450 4350.000000 25622.000000 28778.000000 3846.000000 276.000000 90.000000 138.000000 21272.000000 3156.000000
976752 43.217835 11.215670 4298.000000 25544.000000 28692.000000 3790.000000 302.000000 70.000000 136.000000 21246.000000 3148.000000
977752 43.990221 11.327551 4248.000000 25479.000000 28594.000000 3644.000000 350.000000 124.000000 130.000000 21231.000000 3115.000000
978752 44.753129 11.428772 4153.000000 25354.000000 28472.000000 3472.000000 411.000000 136.000000 134.000000 21201.000000 3118.000000
979752 45.307036 11.436339 4054.000000 25227.000000 28322.000000 3274.000000 509.000000 144.000000 127.000000 21173.000000 3095.000000
980752 46.108811 11.468656 3937.000000 25089.000000 28155.000000 3036.000000 611.000000 163.000000 127.000000 21152.000000 3066.000000
981752 47.992916 11.649233 3776.000000 24916.000000 27916.000000 2623.000000 749.000000 252.000000 152.000000 21140.000000 3000.000000
982752 50.830413 12.048106 3540.000000 24666.000000 27689.000000 2099.000000 945.000000 313.000000 183.000000 21126.000000 3023.000000
983752 52.516619 12.098450 3291.000000 24398.000000 27425.000000 1607.000000 1175.000000 291.000000 218.000000 21107.000000 3027.000000
984752 54.335355 12.195122 3052.000000 24134.000000 27183.000000 1146.000000 1400.000000 266.000000 240.000000 21082.000000 3049.000000
985752 53.495031 11.763834 2896.000000 23957.000000 26998.000000 909.000000 1555.000000 135.000000 297.000000 21061.000000 3041.000000
986752 53.007906 11.484750 2804.000000 23839.000000 26853.000000 871.000000 1517.000000 70.000000 346.000000 21035.000000 3014.000000
987752 52.460715 11.334129 2800.000000 23813.000000 26804.000000 915.000000 1434.000000 47.000000 404.000000 21013.000000 2991.000000
988752 51.987556 11.230166 2814.000000 23813.000000 26785.000000 969.000000 1304.000000 36.000000 505.000000 20999.000000 2972.000000
989752 51.724733 11.203257 2836.000000 23807.000000 26769.000000 1020.000000 1115.000000 37.000000 664.000000 20971.000000 2962.000000
990752 50.803419 11.103639 2925.000000 23841.000000 26766.000000 1162.000000 864.000000 47.000000 852.000000 20916.000000 2925.000000
991752 50.126882 11.054320 2984.000000 23877.000000 26804.000000 1297.000000 588.000000 36.000000 1063.000000 20893.000000 2927.000000
992752 49.166389 10.976291 3079.000000 23948.000000 26867.000000 1495.000000 332.000000 30.000000 1222.000000 20869.000000 2919.000000
993752 48.015743 10.863758 3200.000000 24054.000000 26952.000000 1736.000000 230.000000 30.000000 1204.000000 20854.000000 2898.000000
994752 46.464000 10.719823 3390.000000 24230.000000 27090.000000 2114.000000 191.000000 44.000000 1041.000000 20840.000000 2860.000000
995752 44.745395 10.594789 3602.000000 24428.000000 27287.000000 2576.000000 177.000000 32.000000 817.000000 20826.000000 2859.000000
996752 42.818951 10.467269 3883.000000 24693.000000 27543.000000 3132.000000 194.000000 33.000000 524.000000 20810.000000 2850.000000
997752 41.660671 10.436569 4131.000000 24921.000000 27739.000000 3572.000000 202.000000 77.000000 280.000000 20790.000000 2818.000000
998752 41.158104 10.433531 4223.000000 24972.000000 27795.000000 3768.000000 219.000000 77.000000 159.000000 20749.000000 2823.000000
999752 40.940643 10.409538 4239.000000 24943.000000 27763.000000 3800.000000 240.000000 70.000000 129.000000 20704.000000 2820.000000
1000752 40.577854 10.296880 4237.000000 24899.000000 27688.000000 3793.000000 265.000000 62.000000 117.000000 20662.000000 2789.000000
1001752 41.327192 10.410850 4201.000000 24831.000000 27577.000000 3644.000000 309.000000 125.000000 123.000000 20630.000000 2746.000000
1002752 41.751527 10.444339 4110.000000 24715.000000 27479.000000 3505.000000 387.000000 106.000000 112.000000 20605.000000 2764.000000
1003752 42.566071 10.542290 4040.000000 24614.000000 27347.000000 3317.000000 459.000000 150.000000 114.000000 20574.000000 2733.000000
1004752 43.563167 10.662157 3938.000000 24480.000000 27199.000000 3102.000000 529.000000 181.000000 126.000000 20542.000000 2719.000000
1005752 45.639445 10.961844 3767.000000 24298.000000 27021.000000 2722.000000 675.000000 239.000000 131.000000 20531.000000 2723.000000
1006752 47.751196 11.178315 3555.000000 24069.000000 26784.000000 2269.000000 856.000000 279.000000 151.000000 20514.000000 2715.000000
1007752 51.027851 11.603272 3311.000000 23806.000000 26527.000000 1698.000000 1068.000000 357.000000 188.000000 20495.000000 2721.000000
1008752 53.228022 11.786624 3004.000000 23481.000000 26301.000000 1198.000000 1310.000000 280.000000 216.000000 20477.000000 2820.000000
1009752 53.325101 11.567750 2824.000000 23288.000000 26133.000000 939.000000 1458.000000 178.000000 249.000000 20464.000000 2845.000000
1010752 53.654157 11.487448 2664.000000 23106.000000 26011.000000 850.000000 1400.000000 83.000000 331.000000 20442.000000 2905.000000
1011752 53.532609 11.391673 2631.000000 23051.000000 25940.000000 837.000000 1329.000000 66.000000 399.000000 20420.000000 2889.000000
1012752 53.073030 11.321919 2627.000000 23027.000000 25932.000000 893.000000 1233.000000 31.000000 470.000000 20400.000000 2905.000000
1013752 53.158845 11.359691 2643.000000 23028.000000 25925.000000 916.000000 1060.000000 48.000000 619.000000 20385.000000 2897.000000
1014752 52.842030 11.357768 2680.000000 23050.000000 25947.000000 1014.000000 843.000000 50.000000 773.000000 20370.000000 2897.000000
1015752 52.201592 11.350354 2748.000000 23101.000000 26008.000000 1170.000000 570.000000 45.000000 963.000000 20353.000000 2907.000000
1016752 51.132404 11.261175 2831.000000 23154.000000 26063.000000 1361.000000 318.000000 26.000000 1126.000000 20323.000000 2909.000000
1017752 50.307903 11.244934 2937.000000 23245.000000 26154.000000 1583.000000 209.000000 32.000000 1113.000000 20308.000000 2909.000000
1018752 48.750000 11.124634 3102.000000 23395.000000 26293.000000 1926.000000 174.000000 27.000000 975.000000 20293.000000 2898.000000
1019752 46.989508 10.999849 3318.000000 23587.000000 26464.000000 2337.000000 159.000000 34.000000 788.000000 20269.000000 2877.000000
1020752 45.283897 10.927264 3568.000000 23835.000000 26713.000000 2848.000000 161.000000 41.000000 518.000000 20267.000000 2878.000000
1021752 43.810953 10.847760 3791.000000 24044.000000 26918.000000 3305.000000 175.000000 46.000000 265.000000 20253.000000 2874.000000
1022752 43.339783 10.804393 3866.000000 24099.000000 26952.000000 3457.000000 187.000000 59.000000 163.000000 20233.000000 2853.000000
1023752 43.153032 10.758600 3870.000000 24077.000000 26918.000000 3485.000000 197.000000 55.000000 133.000000 20207.000000 2841.000000
1024752 43.354241 10.800253 3864.000000 24047.000000 26879.000000 3467.000000 215.000000 71.000000 111.000000 20183.000000 2832.000000
1025752 43.719952 10.852540 3838.000000 23996.000000 26814.000000 3388.000000 266.000000 92.000000 92.000000 20158.000000 2818.000000
1026752 44.606724 10.985388 3777.000000 23894.000000 26690.000000 3223.000000 323.000000 136.000000 95.000000 20117.000000 2796.000000
1027752 45.485414 11.087284 3660.000000 23761.000000 26580.000000 3037.000000 396.000000 128.000000 99.000000 20101.000000 2819.000000
1028752 46.087366 11.093041 3582.000000 23658.000000 26440.000000 2837.000000 494.000000 151.000000 100.000000 20076.000000 2782.000000
1029752 48.148744 11.386911 3443.000000 23498.000000 26267.000000 2505.000000 599.000000 222.000000 117.000000 20055.000000 2769.000000
1030752 50.325815 11.572153 3225.000000 23268.000000 26028.000000 2082.000000 746.000000 252.000000 145.000000 20043.000000 2760.000000
1031752 53.855505 12.027771 2996.000000 23020.000000 25782.000000 1548.000000 952.000000 339.000000 157.000000 20024.000000 2762.000000
1032752 55.480699 11.947614 2715.000000 22726.000000 25503.000000 1071.000000 1198.000000 270.000000 176.000000 20011.000000 2777.000000
1033752 54.329819 11.408918 2554.000000 22538.000000 25296.000000 870.000000 1345.000000 128.000000 211.000000 19984.000000 2758.000000
1034752 53.863943 11.123935 2464.000000 22401.000000 25126.000000 819.000000 1310.000000 70.000000 265.000000 19937.000000 2725.000000
1035752 53.479782 10.985106 2446.000000 22345.000000 25043.000000 831.000000 1229.000000 53.000000 333.000000 19899.000000 2698.000000
1036752 53.142635 10.928809 2456.000000 22306.000000 24989.000000 856.000000 1113.000000 48.000000 439.000000 19850.000000 2683.000000
1037752 52.981030 10.954573 2465.000000 22284.000000 24985.000000 892.000000 983.000000 36.000000 554.000000 19819.000000 2701.000000
1038752 52.229912 10.872784 2515.000000 22302.000000 24989.000000 1001.000000 799.000000 30.000000 685.000000 19787.000000 2687.000000
1039752 51.529546 10.841062 2595.000000 22348.000000 25016.000000 1127.000000 542.000000 44.000000 882.000000 19753.000000 2668.000000
1040752 50.741227 10.783219 2654.000000 22401.000000 25076.000000 1286.000000 288.000000 29.000000 1051.000000 19747.000000 2675.000000
1041752 49.420636 10.674135 2772.000000 22508.000000 25173.000000 1542.000000 181.000000 22.000000 1027.000000 19736.000000 2665.000000
1042752 48.233184 10.631820 2918.000000 22635.000000 25292.000000 1825.000000 150.000000 32.000000 911.000000 19717.000000 2657.000000
1043752 46.878804 10.594569 3087.000000 22783.000000 25447.000000 2165.000000 149.000000 32.000000 741.000000 19696.000000 2664.000000
1044752 45.143525 10.535540 3332.000000 23015.000000 25675.000000 2647.000000 151.000000 45.000000 489.000000 19683.000000 2660.000000
1045752 43.853714 10.521027 3543.000000 23208.000000 25872.000000 3086.000000 154.000000 58.000000 245.000000 19665.000000 2664.000000
1046752 43.232484 10.471305 3622.000000 23270.000000 25928.000000 3244.000000 184.000000 57.000000 137.000000 19648.000000 2658.000000
1047752 43.553785 10.550901 3605.000000 23233.000000 25903.000000 3229.000000 195.000000 63.000000 118.000000 19628.000000 2670.000000
1048752 43.796088 10.565804 3579.000000 23198.000000 25857.000000 3176.000000 223.000000 73.000000 107.000000 19619.000000 2659.000000
1049752 44.205592 10.604063 3534.000000 23139.000000 25792.000000 3085.000000 273.000000 82.000000 94.000000 19605.000000 2653.000000
1050752 45.322211 10.781262 3461.000000 23049.000000 25702.000000 2937.000000 327.000000 118.000000 79.000000 19588.000000 2653.000000
1051752 46.015338 10.795166 3347.000000 22916.000000 25567.000000 2769.000000 378.000000 109.000000 91.000000 19569.000000 2651.000000
1052752 47.199593 10.931174 3275.000000 22824.000000 25441.000000 2573.000000 449.000000 164.000000 89.000000 19549.000000 2617.000000
1053752 48.809317 11.103203 3140.000000 22677.000000 25290.000000 2271.000000 563.000000 195.000000 111.000000 19537.000000 2613.000000
1054752 50.703210 11.218831 2953.000000 22472.000000 25065.000000 1895.000000 702.000000 219.000000 137.000000 19519.000000 2593.000000
1055752 53.390945 11.451827 2749.000000 22243.000000 24817.000000 1421.000000 889.000000 268.000000 171.000000 19494.000000 2574.000000
1056752 56.040728 11.640771 2534.000000 22013.000000 24586.000000 959.000000 1096.000000 289.000000 190.000000 19479.000000 2573.000000
1057752 55.630081 11.228257 2328.000000 21784.000000 24376.000000 715.000000 1239.000000 145.000000 229.000000 19456.000000 2592.000000
1058752 54.985459 10.915014 2224.000000 21661.000000 24251.000000 694.000000 1210.000000 57.000000 263.000000 19437.000000 2590.000000
1059752 54.250842 10.665674 2201.000000 21620.000000 24171.000000 711.000000 1154.000000 27.000000 309.000000 19419.000000 2551.000000
1060752 53.575195 10.526316 2245.000000 21634.000000 24130.000000 770.000000 1042.000000 44.000000 389.000000 19389.000000 2496.000000
1061752 53.105917 10.458221 2268.000000 21634.000000 24115.000000 822.000000 906.000000 41.000000 499.000000 19366.000000 2481.000000
1062752 52.567850 10.434711 2309.000000 21650.000000 24131.000000 918.000000 719.000000 37.000000 635.000000 19341.000000 2481.000000
1063752 52.018216 10.403212 2349.000000 21674.000000 24156.000000 1021.000000 481.000000 31.000000 816.000000 19325.000000 2482.000000
1064752 51.277857 10.366206 2411.000000 21714.000000 24194.000000 1149.000000 251.000000 28.000000 983.000000 19303.000000 2480.000000
1065752 50.190495 10.310170 2510.000000 21800.000000 24277.000000 1365.000000 147.000000 26.000000 972.000000 19290.000000 2477.000000
1066752 48.847656 10.249160 2650.000000 21932.000000 24402.000000 1642.000000 128.000000 31.000000 849.000000 19282.000000 2470.000000
1067752 47.567670 10.235836 2818.000000 22086.000000 24551.000000 1975.000000 116.000000 48.000000 679.000000 19268.000000 2465.000000
1068752 45.466133 10.089297 3035.000000 22292.000000 24749.000000 2433.000000 123.000000 40.000000 439.000000 19257.000000 2457.000000
1069752 43.966274 10.041321 3243.000000 22477.000000 24927.000000 2839.000000 131.000000 53.000000 220.000000 19234.000000 2450.000000
1070752 42.884316 9.930328 3345.000000 22536.000000 24974.000000 3037.000000 151.000000 42.000000 115.000000 19191.000000 2438.000000
1071752 43.145718 10.018040 3366.000000 22519.000000 24945.000000 3039.000000 161.000000 73.000000 93.000000 19153.000000 2426.000000
1072752 43.288996 10.068705 3352.000000 22452.000000 24889.000000 3014.000000 189.000000 69.000000 80.000000 19100.000000 2437.000000
1073752 44.166232 10.229973 3307.000000 22385.000000 24829.000000 2919.000000 213.000000 96.000000 79.000000 19078.000000 2444.000000
1074752 44.264317 10.158936 3246.000000 22298.000000 24727.000000 2816.000000 279.000000 83.000000 68.000000 19052.000000 2429.000000
1075752 44.725511 10.133322 3188.000000 22216.000000 24602.000000 2680.000000 324.000000 107.000000 77.000000 19028.000000 2386.000000
1076752 46.024493 10.280069 3095.000000 22118.000000 24494.000000 2475.000000 403.000000 142.000000 75.000000 19023.000000 2376.000000
1077752 47.650376 10.420092 2956.000000 21964.000000 24328.000000 2205.000000 487.000000 171.000000 93.000000 19008.000000 2364.000000
1078752 49.669518 10.586724 2804.000000 21794.000000 24134.000000 1847.000000 627.000000 215.000000 115.000000 18990.000000 2340.000000
1079752 53.131968 10.960107 2592.000000 21573.000000 23914.000000 1363.000000 810.000000 280.000000 139.000000 18981.000000 2341.000000
1080752 55.555556 11.077352 2351.000000 21323.000000 23697.000000 935.000000 1006.000000 251.000000 159.000000 18972.000000 2374.000000
1081752 54.745651 10.581425 2191.000000 21144.000000 23494.000000 685.000000 1185.000000 136.000000 185.000000 18953.000000 2350.000000
