759375 2.857796 0.625000 8748.000000 40000.000000 40000.000000 1541.000000 5366.000000 250.000000 1591.000000 31252.000000 0.000000
760375 3.795737 0.830465 8595.000000 39920.000000 40098.000000 1459.000000 4964.000000 155.000000 2017.000000 31325.000000 178.000000
761375 5.563773 1.215964 8450.000000 39876.000000 40215.000000 1462.000000 4296.000000 150.000000 2542.000000 31426.000000 339.000000
762375 6.225241 1.361926 8366.000000 39915.000000 40384.000000 1710.000000 3513.000000 81.000000 3062.000000 31549.000000 469.000000
763375 6.461817 1.409041 8326.000000 40069.000000 40595.000000 2102.000000 2661.000000 46.000000 3517.000000 31743.000000 526.000000
764375 6.549232 1.420107 8306.000000 40292.000000 40842.000000 2586.000000 1880.000000 30.000000 3810.000000 31986.000000 550.000000
765375 6.399010 1.382410 8337.000000 40605.000000 41160.000000 3247.000000 1171.000000 14.000000 3905.000000 32268.000000 555.000000
766375 6.513195 1.396547 8349.000000 40975.000000 41531.000000 3976.000000 630.000000 24.000000 3719.000000 32626.000000 556.000000
767375 6.832298 1.467261 8432.000000 41399.000000 41983.000000 4834.000000 354.000000 32.000000 3212.000000 32967.000000 584.000000
768375 7.206318 1.547193 8493.000000 41840.000000 42464.000000 5736.000000 258.000000 33.000000 2466.000000 33347.000000 624.000000
769375 7.734146 1.657343 8532.000000 42239.000000 42900.000000 6521.000000 199.000000 50.000000 1762.000000 33707.000000 661.000000
770375 8.736603 1.865335 8505.000000 42531.000000 43263.000000 7104.000000 196.000000 75.000000 1130.000000 34026.000000 732.000000
771375 10.078520 2.150414 8481.000000 42757.000000 43573.000000 7539.000000 220.000000 121.000000 601.000000 34276.000000 816.000000
772375 11.733706 2.495311 8334.000000 42758.000000 43722.000000 7587.000000 297.000000 127.000000 323.000000 34424.000000 964.000000
773375 14.029434 2.982620 8200.000000 42678.000000 43787.000000 7375.000000 407.000000 197.000000 221.000000 34478.000000 1109.000000
774375 16.543210 3.515135 7989.000000 42513.000000 43839.000000 7074.000000 564.000000 215.000000 136.000000 34524.000000 1326.000000
775375 19.693232 4.185188 7759.000000 42305.000000 43869.000000 6631.000000 753.000000 272.000000 103.000000 34546.000000 1564.000000
776375 23.737536 5.044774 7446.000000 42006.000000 43887.000000 6049.000000 972.000000 333.000000 92.000000 34560.000000 1881.000000
777375 28.471999 6.056396 7101.000000 41666.000000 43904.000000 5318.000000 1251.000000 421.000000 111.000000 34565.000000 2238.000000
778375 33.440308 7.117973 6685.000000 41254.000000 43917.000000 4435.000000 1640.000000 463.000000 147.000000 34569.000000 2663.000000
779375 39.326203 8.371278 6208.000000 40782.000000 43924.000000 3442.000000 2029.000000 535.000000 202.000000 34574.000000 3142.000000
780375 43.796791 9.320799 5712.000000 40296.000000 43934.000000 2566.000000 2402.000000 457.000000 287.000000 34584.000000 3638.000000
781375 47.493319 10.109905 5327.000000 39919.000000 43947.000000 1792.000000 2703.000000 415.000000 417.000000 34592.000000 4028.000000
782375 50.705731 10.785607 4979.000000 39593.000000 43966.000000 1120.000000 2936.000000 369.000000 554.000000 34614.000000 4373.000000
783375 51.732250 10.998954 4721.000000 39355.000000 43986.000000 776.000000 3017.000000 207.000000 721.000000 34634.000000 4631.000000
784375 51.764706 10.918860 4568.000000 39227.000000 43924.000000 704.000000 2840.000000 99.000000 925.000000 34659.000000 4697.000000
785375 51.144289 10.700198 4551.000000 39234.000000 43859.000000 773.000000 2521.000000 68.000000 1189.000000 34683.000000 4625.000000
786375 50.619450 10.531238 4550.000000 39270.000000 43841.000000 907.000000 2102.000000 46.000000 1495.000000 34720.000000 4571.000000
787375 49.634319 10.354565 4636.000000 39388.000000 43913.000000 1184.000000 1661.000000 22.000000 1769.000000 34752.000000 4525.000000
788375 48.793421 10.239350 4758.000000 39553.000000 44036.000000 1528.000000 1175.000000 26.000000 2029.000000 34795.000000 4483.000000
789375 47.764228 10.100667 4904.000000 39761.000000 44205.000000 1961.000000 752.000000 21.000000 2170.000000 34857.000000 4444.000000
790375 46.534445 9.925296 5075.000000 40038.000000 44442.000000 2552.000000 390.000000 7.000000 2126.000000 34963.000000 4404.000000
791375 45.153247 9.722160 5296.000000 40373.000000 44702.000000 3206.000000 209.000000 17.000000 1864.000000 35077.000000 4329.000000
792375 44.020460 9.566049 5487.000000 40694.000000 44982.000000 3852.000000 146.000000 15.000000 1474.000000 35207.000000 4288.000000
793375 42.949495 9.398554 5680.000000 41021.000000 45241.000000 4479.000000 120.000000 32.000000 1049.000000 35341.000000 4220.000000
794375 42.005177 9.275789 5875.000000 41315.000000 45484.000000 5040.000000 114.000000 50.000000 671.000000 35440.000000 4169.000000
795375 41.204344 9.146889 6010.000000 41513.000000 45633.000000 5458.000000 127.000000 54.000000 371.000000 35503.000000 4120.000000
796375 41.130469 9.102261 6052.000000 41598.000000 45648.000000 5598.000000 161.000000 105.000000 188.000000 35546.000000 4050.000000
797375 41.238761 9.059188 5990.000000 41547.000000 45567.000000 5507.000000 253.000000 108.000000 122.000000 35557.000000 4020.000000
798375 41.553023 8.995968 5902.000000 41463.000000 45387.000000 5280.000000 374.000000 159.000000 89.000000 35561.000000 3924.000000
799375 42.064072 8.927622 5738.000000 41307.000000 45152.000000 4972.000000 512.000000 186.000000 68.000000 35569.000000 3845.000000
800375 42.512390 8.798216 5577.000000 41145.000000 44850.000000 4602.000000 683.000000 241.000000 51.000000 35568.000000 3705.000000
801375 43.825368 8.815272 5351.000000 40920.000000 44525.000000 4073.000000 899.000000 320.000000 59.000000 35569.000000 3605.000000
802375 44.863094 8.690724 5033.000000 40603.000000 44116.000000 3451.000000 1180.000000 321.000000 81.000000 35570.000000 3513.000000
803375 46.285785 8.588634 4725.000000 40295.000000 43674.000000 2781.000000 1460.000000 372.000000 112.000000 35570.000000 3379.000000
804375 47.573578 8.416644 4409.000000 39976.000000 43212.000000 2084.000000 1761.000000 401.000000 163.000000 35567.000000 3236.000000
805375 49.133106 8.390842 4087.000000 39654.000000 42892.000000 1428.000000 2026.000000 361.000000 272.000000 35567.000000 3238.000000
806375 50.270040 8.302232 3800.000000 39367.000000 42603.000000 856.000000 2273.000000 301.000000 370.000000 35567.000000 3236.000000
807375 49.634823 8.011883 3623.000000 39189.000000 42412.000000 572.000000 2349.000000 175.000000 527.000000 35566.000000 3223.000000
808375 49.622054 7.912649 3468.000000 39033.000000 42312.000000 493.000000 2235.000000 69.000000 671.000000 35565.000000 3279.000000
809375 49.351230 7.827506 3439.000000 39008.000000 42274.000000 532.000000 1954.000000 43.000000 910.000000 35569.000000 3266.000000
810375 48.807584 7.785917 3491.000000 39060.000000 42320.000000 684.000000 1668.000000 35.000000 1104.000000 35569.000000 3260.000000
811375 48.255729 7.794780 3579.000000 39141.000000 42413.000000 884.000000 1359.000000 34.000000 1302.000000 35562.000000 3272.000000
812375 47.006842 7.747058 3727.000000 39282.000000 42571.000000 1233.000000 977.000000 9.000000 1508.000000 35555.000000 3289.000000
813375 45.779944 7.692668 3899.000000 39448.000000 42729.000000 1586.000000 610.000000 6.000000 1697.000000 35549.000000 3281.000000
814375 44.101048 7.633978 4170.000000 39720.000000 42992.000000 2138.000000 265.000000 10.000000 1757.000000 35550.000000 3272.000000
815375 42.609146 7.600055 4444.000000 40001.000000 43276.000000 2706.000000 135.000000 14.000000 1589.000000 35557.000000 3275.000000
816375 40.932901 7.532706 4746.000000 40298.000000 43570.000000 3330.000000 91.000000 10.000000 1315.000000 35552.000000 3272.000000
817375 39.272901 7.477061 5103.000000 40662.000000 43921.000000 4048.000000 85.000000 25.000000 945.000000 35559.000000 3259.000000
818375 37.902017 7.432692 5419.000000 40981.000000 44237.000000 4709.000000 89.000000 32.000000 589.000000 35562.000000 3256.000000
819375 36.770297 7.386274 5699.000000 41272.000000 44515.000000 5296.000000 94.000000 45.000000 264.000000 35573.000000 3243.000000
820375 36.477778 7.364785 5789.000000 41366.000000 44577.000000 5471.000000 129.000000 72.000000 117.000000 35577.000000 3211.000000
821375 37.230357 7.481190 5735.000000 41313.000000 44525.000000 5360.000000 178.000000 119.000000 78.000000 35578.000000 3212.000000
822375 38.135593 7.596561 5616.000000 41194.000000 44428.000000 5148.000000 271.000000 141.000000 56.000000 35578.000000 3234.000000
823375 39.339166 7.719417 5469.000000 41048.000000 44265.000000 4823.000000 400.000000 200.000000 46.000000 35579.000000 3217.000000
824375 40.446796 7.803639 5280.000000 40857.000000 44082.000000 4482.000000 544.000000 215.000000 39.000000 35577.000000 3225.000000
825375 42.722551 8.064847 5058.000000 40636.000000 43857.000000 3953.000000 734.000000 316.000000 55.000000 35578.000000 3221.000000
826375 44.768826 8.202103 4741.000000 40322.000000 43562.000000 3365.000000 981.000000 333.000000 62.000000 35581.000000 3240.000000
827375 47.160719 8.370706 4404.000000 39984.000000 43258.000000 2732.000000 1242.000000 347.000000 83.000000 35580.000000 3274.000000
828375 49.823129 8.530165 4093.000000 39673.000000 42930.000000 1996.000000 1564.000000 405.000000 128.000000 35580.000000 3257.000000
829375 52.595841 8.717263 3738.000000 39320.000000 42651.000000 1310.000000 1850.000000 387.000000 191.000000 35582.000000 3331.000000
830375 54.397875 8.703043 3431.000000 39008.000000 42353.000000 710.000000 2102.000000 341.000000 278.000000 35577.000000 3345.000000
831375 53.477073 8.352899 3202.000000 38781.000000 42165.000000 407.000000 2249.000000 138.000000 408.000000 35579.000000 3384.000000
832375 53.284672 8.165354 3065.000000 38645.000000 42019.000000 339.000000 2126.000000 57.000000 543.000000 35580.000000 3374.000000
833375 52.764291 8.028310 3041.000000 38620.000000 41964.000000 376.000000 1899.000000 25.000000 741.000000 35579.000000 3344.000000
834375 51.968750 7.923575 3094.000000 38670.000000 41976.000000 505.000000 1629.000000 20.000000 940.000000 35576.000000 3306.000000
835375 51.265724 7.855783 3164.000000 38745.000000 42020.000000 669.000000 1313.000000 26.000000 1156.000000 35581.000000 3275.000000
836375 50.038267 7.762080 3270.000000 38852.000000 42115.000000 926.000000 950.000000 6.000000 1388.000000 35582.000000 3263.000000
837375 48.710645 7.689031 3426.000000 39011.000000 42255.000000 1254.000000 583.000000 5.000000 1584.000000 35585.000000 3244.000000
838375 47.074198 7.633803 3653.000000 39235.000000 42469.000000 1715.000000 230.000000 8.000000 1700.000000 35582.000000 3234.000000
839375 45.232754 7.552205 3910.000000 39494.000000 42716.000000 2243.000000 91.000000 4.000000 1572.000000 35584.000000 3222.000000
840375 43.469470 7.498954 4209.000000 39796.000000 43006.000000 2847.000000 61.000000 15.000000 1286.000000 35587.000000 3210.000000
841375 41.829221 7.472020 4533.000000 40127.000000 43335.000000 3509.000000 58.000000 30.000000 936.000000 35594.000000 3208.000000
842375 39.769059 7.338420 4866.000000 40459.000000 43647.000000 4212.000000 68.000000 15.000000 571.000000 35593.000000 3188.000000
843375 38.432881 7.279266 5156.000000 40768.000000 43933.000000 4818.000000 68.000000 33.000000 237.000000 35612.000000 3165.000000
844375 38.074815 7.261656 5245.000000 40863.000000 44012.000000 5005.000000 103.000000 47.000000 90.000000 35618.000000 3149.000000
845375 38.332132 7.259735 5222.000000 40841.000000 43941.000000 4927.000000 150.000000 90.000000 55.000000 35619.000000 3100.000000
846375 38.838960 7.292712 5138.000000 40756.000000 43852.000000 4783.000000 218.000000 102.000000 35.000000 35618.000000 3096.000000
847375 39.774138 7.337454 5004.000000 40626.000000 43680.000000 4514.000000 308.000000 151.000000 31.000000 35622.000000 3054.000000
848375 40.720927 7.354497 4823.000000 40442.000000 43470.000000 4199.000000 425.000000 169.000000 30.000000 35619.000000 3028.000000
849375 42.536432 7.493755 4635.000000 40254.000000 43236.000000 3751.000000 590.000000 258.000000 36.000000 35619.000000 2982.000000
850375 44.229459 7.556394 4370.000000 39988.000000 42957.000000 3222.000000 820.000000 277.000000 51.000000 35618.000000 2969.000000
851375 46.390870 7.628610 4080.000000 39699.000000 42629.000000 2642.000000 1052.000000 322.000000 64.000000 35619.000000 2930.000000
852375 49.319982 7.799759 3771.000000 39389.000000 42309.000000 1930.000000 1351.000000 380.000000 110.000000 35618.000000 2920.000000
853375 52.268802 7.928645 3417.000000 39035.000000 41987.000000 1208.000000 1675.000000 377.000000 157.000000 35618.000000 2952.000000
854375 54.419525 7.917087 3117.000000 38735.000000 41682.000000 586.000000 1959.000000 353.000000 219.000000 35618.000000 2947.000000
855375 53.075481 7.508376 2887.000000 38505.000000 41487.000000 325.000000 2130.000000 133.000000 299.000000 35618.000000 2982.000000
856375 52.875371 7.317545 2742.000000 38360.000000 41339.000000 244.000000 2011.000000 46.000000 441.000000 35618.000000 2979.000000
857375 52.258292 7.174345 2732.000000 38350.000000 41286.000000 289.000000 1812.000000 26.000000 605.000000 35618.000000 2936.000000
858375 51.535896 7.106722 2770.000000 38386.000000 41313.000000 400.000000 1582.000000 9.000000 779.000000 35616.000000 2927.000000
859375 51.028950 7.075666 2819.000000 38438.000000 41353.000000 510.000000 1288.000000 11.000000 1010.000000 35619.000000 2915.000000
860375 50.103306 7.024404 2908.000000 38527.000000 41427.000000 705.000000 924.000000 10.000000 1269.000000 35619.000000 2900.000000
861375 48.846995 6.982676 3045.000000 38664.000000 41560.000000 993.000000 551.000000 6.000000 1495.000000 35619.000000 2896.000000
862375 47.146119 6.924883 3242.000000 38858.000000 41748.000000 1401.000000 191.000000 1.000000 1649.000000 35616.000000 2890.000000
863375 45.539092 6.883980 3460.000000 39083.000000 41967.000000 1849.000000 69.000000 5.000000 1537.000000 35623.000000 2884.000000
864375 43.438914 6.816891 3761.000000 39379.000000 42248.000000 2435.000000 49.000000 11.000000 1266.000000 35618.000000 2869.000000
865375 41.332182 6.749360 4091.000000 39707.000000 42567.000000 3108.000000 45.000000 13.000000 925.000000 35616.000000 2860.000000
866375 39.420170 6.686710 4430.000000 40058.000000 42906.000000 3816.000000 55.000000 21.000000 538.000000 35628.000000 2848.000000
867375 37.648613 6.597375 4734.000000 40363.000000 43199.000000 4450.000000 66.000000 14.000000 204.000000 35629.000000 2836.000000
868375 37.472284 6.635564 4849.000000 40479.000000 43297.000000 4654.000000 76.000000 55.000000 64.000000 35630.000000 2818.000000
869375 37.601679 6.626283 4818.000000 40448.000000 43252.000000 4590.000000 129.000000 62.000000 37.000000 35630.000000 2804.000000
870375 37.745358 6.592236 4763.000000 40395.000000 43172.000000 4493.000000 179.000000 69.000000 22.000000 35632.000000 2777.000000
871375 38.604777 6.646687 4664.000000 40297.000000 43044.000000 4287.000000 241.000000 114.000000 22.000000 35633.000000 2747.000000
872375 39.540675 6.668067 4544.000000 40177.000000 42861.000000 4006.000000 341.000000 174.000000 23.000000 35633.000000 2684.000000
873375 40.579090 6.671513 4376.000000 40009.000000 42644.000000 3635.000000 501.000000 210.000000 30.000000 35633.000000 2635.000000
874375 42.572357 6.798566 4160.000000 39794.000000 42406.000000 3175.000000 673.000000 271.000000 41.000000 35634.000000 2612.000000
875375 45.304549 6.975474 3881.000000 39515.000000 42119.000000 2591.000000 891.000000 334.000000 65.000000 35634.000000 2604.000000
876375 48.746563 7.207595 3566.000000 39200.000000 41817.000000 1902.000000 1182.000000 397.000000 85.000000 35634.000000 2617.000000
877375 51.622822 7.284034 3215.000000 38849.000000 41488.000000 1182.000000 1518.000000 383.000000 132.000000 35634.000000 2639.000000
878375 54.171142 7.341097 2901.000000 38535.000000 41220.000000 551.000000 1838.000000 341.000000 171.000000 35634.000000 2685.000000
879375 53.124417 6.947358 2662.000000 38295.000000 40994.000000 243.000000 2029.000000 149.000000 241.000000 35633.000000 2699.000000
880375 52.670736 6.754410 2521.000000 38156.000000 40877.000000 202.000000 1918.000000 40.000000 361.000000 35635.000000 2721.000000
881375 51.951314 6.589233 2505.000000 38138.000000 40809.000000 225.000000 1753.000000 18.000000 509.000000 35633.000000 2671.000000
882375 51.175337 6.506614 2535.000000 38165.000000 40820.000000 310.000000 1554.000000 1.000000 670.000000 35630.000000 2655.000000
883375 50.592281 6.480190 2594.000000 38223.000000 40863.000000 419.000000 1297.000000 8.000000 870.000000 35629.000000 2640.000000
884375 49.933950 6.465328 2663.000000 38290.000000 40926.000000 559.000000 934.000000 10.000000 1160.000000 35627.000000 2636.000000
885375 48.598820 6.420968 2789.000000 38418.000000 41053.000000 839.000000 545.000000 1.000000 1404.000000 35629.000000 2635.000000
886375 46.888412 6.361607 2970.000000 38594.000000 41216.000000 1199.000000 188.000000 0.000000 1583.000000 35624.000000 2622.000000
887375 45.374373 6.336787 3169.000000 38795.000000 41409.000000 1590.000000 62.000000 10.000000 1507.000000 35626.000000 2614.000000
888375 43.530192 6.299666 3410.000000 39035.000000 41653.000000 2096.000000 33.000000 6.000000 1275.000000 35625.000000 2618.000000
889375 41.358704 6.263844 3749.000000 39377.000000 41987.000000 2779.000000 30.000000 20.000000 920.000000 35628.000000 2610.000000
890375 39.116813 6.194335 4095.000000 39721.000000 42329.000000 3493.000000 33.000000 14.000000 555.000000 35626.000000 2608.000000
891375 37.444619 6.145762 4403.000000 40037.000000 42631.000000 4121.000000 45.000000 26.000000 211.000000 35634.000000 2594.000000
892375 36.977628 6.148375 4513.000000 40149.000000 42743.000000 4365.000000 50.000000 34.000000 64.000000 35636.000000 2594.000000
893375 37.270675 6.181537 4509.000000 40147.000000 42724.000000 4328.000000 88.000000 64.000000 29.000000 35638.000000 2577.000000
894375 37.489301 6.161926 4444.000000 40083.000000 42649.000000 4228.000000 137.000000 62.000000 17.000000 35639.000000 2566.000000
895375 38.160554 6.209035 4372.000000 40013.000000 42567.000000 4087.000000 181.000000 89.000000 15.000000 35641.000000 2554.000000
896375 39.380987 6.297728 4277.000000 39920.000000 42428.000000 3824.000000 277.000000 164.000000 12.000000 35643.000000 2508.000000
897375 40.744102 6.375275 4119.000000 39764.000000 42257.000000 3466.000000 433.000000 201.000000 19.000000 35645.000000 2493.000000
898375 41.945574 6.379790 3923.000000 39568.000000 42039.000000 3069.000000 611.000000 211.000000 32.000000 35645.000000 2471.000000
899375 43.859362 6.422414 3702.000000 39347.000000 41760.000000 2543.000000 847.000000 269.000000 43.000000 35645.000000 2413.000000
900375 47.111417 6.608461 3434.000000 39080.000000 41462.000000 1891.000000 1125.000000 358.000000 60.000000 35646.000000 2382.000000
901375 50.819672 6.782380 3106.000000 38752.000000 41136.000000 1143.000000 1467.000000 406.000000 90.000000 35646.000000 2384.000000
902375 53.592121 6.797639 2758.000000 38403.000000 40823.000000 497.000000 1770.000000 355.000000 136.000000 35645.000000 2420.000000
903375 52.981467 6.476078 2483.000000 38130.000000 40611.000000 201.000000 1947.000000 149.000000 186.000000 35647.000000 2481.000000
904375 52.659905 6.284895 2330.000000 37977.000000 40478.000000 127.000000 1843.000000 43.000000 317.000000 35647.000000 2501.000000
905375 51.784215 6.104773 2309.000000 37956.000000 40411.000000 146.000000 1684.000000 12.000000 467.000000 35647.000000 2455.000000
906375 51.234310 6.058132 2334.000000 37979.000000 40425.000000 214.000000 1493.000000 3.000000 624.000000 35645.000000 2446.000000
907375 50.662526 6.046305 2389.000000 38030.000000 40471.000000 314.000000 1218.000000 6.000000 851.000000 35641.000000 2441.000000
908375 49.928381 6.020678 2449.000000 38089.000000 40527.000000 445.000000 873.000000 2.000000 1129.000000 35640.000000 2438.000000
909375 48.520592 5.971802 2576.000000 38215.000000 40641.000000 707.000000 508.000000 1.000000 1360.000000 35639.000000 2426.000000
910375 46.792890 5.934384 2754.000000 38391.000000 40813.000000 1068.000000 166.000000 0.000000 1520.000000 35637.000000 2422.000000
911375 45.272795 5.911342 2933.000000 38570.000000 40989.000000 1424.000000 49.000000 4.000000 1456.000000 35637.000000 2419.000000
912375 42.928482 5.836000 3203.000000 38840.000000 41244.000000 1975.000000 28.000000 3.000000 1197.000000 35637.000000 2404.000000
913375 40.790808 5.808609 3520.000000 39161.000000 41559.000000 2613.000000 17.000000 16.000000 874.000000 35641.000000 2398.000000
914375 38.397436 5.721108 3856.000000 39496.000000 41880.000000 3295.000000 25.000000 12.000000 524.000000 35640.000000 2384.000000
915375 36.530238 5.669590 4168.000000 39810.000000 42190.000000 3938.000000 27.000000 12.000000 191.000000 35642.000000 2380.000000
916375 35.944077 5.653819 4293.000000 39931.000000 42290.000000 4170.000000 36.000000 32.000000 55.000000 35638.000000 2359.000000
917375 36.091019 5.665421 4288.000000 39926.000000 42274.000000 4151.000000 66.000000 47.000000 24.000000 35638.000000 2348.000000
918375 36.392597 5.680796 4254.000000 39892.000000 42230.000000 4081.000000 103.000000 61.000000 9.000000 35638.000000 2338.000000
919375 36.693301 5.665884 4189.000000 39828.000000 42147.000000 3954.000000 160.000000 69.000000 6.000000 35639.000000 2319.000000
920375 37.943429 5.775727 4100.000000 39739.000000 42038.000000 3715.000000 249.000000 129.000000 7.000000 35639.000000 2299.000000
921375 39.820599 5.935724 3954.000000 39593.000000 41882.000000 3354.000000 384.000000 197.000000 19.000000 35639.000000 2289.000000
922375 41.117171 5.967858 3751.000000 39390.000000 41690.000000 2978.000000 561.000000 188.000000 24.000000 35639.000000 2300.000000
923375 44.041096 6.200728 3556.000000 39195.000000 41479.000000 2447.000000 794.000000 288.000000 27.000000 35639.000000 2284.000000
924375 47.117794 6.384475 3274.000000 38913.000000 41225.000000 1816.000000 1093.000000 320.000000 45.000000 35639.000000 2312.000000
925375 50.647126 6.507385 2958.000000 38596.000000 40892.000000 1102.000000 1421.000000 365.000000 70.000000 35638.000000 2296.000000
926375 52.923387 6.465517 2677.000000 38317.000000 40600.000000 489.000000 1737.000000 342.000000 109.000000 35640.000000 2283.000000
927375 51.752709 6.037923 2423.000000 38061.000000 40345.000000 178.000000 1924.000000 152.000000 169.000000 35638.000000 2284.000000
928375 51.000220 5.772868 2262.000000 37901.000000 40188.000000 108.000000 1840.000000 33.000000 281.000000 35639.000000 2287.000000
929375 50.344828 5.638751 2247.000000 37885.000000 40133.000000 119.000000 1696.000000 15.000000 417.000000 35638.000000 2248.000000
930375 49.966615 5.594318 2256.000000 37893.000000 40130.000000 155.000000 1496.000000 8.000000 597.000000 35637.000000 2237.000000
931375 49.382444 5.574089 2297.000000 37931.000000 40168.000000 252.000000 1222.000000 2.000000 821.000000 35634.000000 2237.000000
932375 48.608090 5.555556 2364.000000 37996.000000 40230.000000 393.000000 877.000000 1.000000 1093.000000 35632.000000 2234.000000
933375 47.334891 5.526081 2480.000000 38107.000000 40336.000000 621.000000 498.000000 0.000000 1361.000000 35627.000000 2229.000000
934375 45.745993 5.498197 2642.000000 38262.000000 40486.000000 939.000000 169.000000 2.000000 1532.000000 35620.000000 2224.000000
935375 43.873518 5.458032 2842.000000 38456.000000 40674.000000 1342.000000 44.000000 2.000000 1454.000000 35614.000000 2218.000000
936375 41.972044 5.430373 3078.000000 38702.000000 40918.000000 1841.000000 20.000000 6.000000 1211.000000 35624.000000 2216.000000
937375 39.713775 5.384690 3376.000000 39014.000000 41228.000000 2473.000000 18.000000 6.000000 879.000000 35638.000000 2214.000000
938375 37.117756 5.285697 3726.000000 39372.000000 41565.000000 3188.000000 17.000000 4.000000 517.000000 35646.000000 2193.000000
939375 35.016077 5.201815 4047.000000 39697.000000 41870.000000 3833.000000 25.000000 5.000000 184.000000 35650.000000 2173.000000
940375 34.480581 5.201610 4167.000000 39820.000000 41987.000000 4069.000000 34.000000 17.000000 47.000000 35653.000000 2167.000000
941375 34.556962 5.203345 4170.000000 39823.000000 41973.000000 4062.000000 56.000000 34.000000 18.000000 35653.000000 2150.000000
942375 34.920382 5.229771 4140.000000 39793.000000 41933.000000 3984.000000 92.000000 53.000000 11.000000 35653.000000 2140.000000
943375 35.638469 5.292446 4090.000000 39743.000000 41871.000000 3851.000000 147.000000 88.000000 4.000000 35653.000000 2128.000000
944375 36.903984 5.409675 4006.000000 39659.000000 41777.000000 3622.000000 237.000000 142.000000 5.000000 35653.000000 2118.000000
945375 37.935074 5.445723 3875.000000 39528.000000 41629.000000 3330.000000 368.000000 166.000000 11.000000 35653.000000 2101.000000
946375 39.917199 5.582630 3709.000000 39362.000000 41450.000000 2921.000000 545.000000 226.000000 17.000000 35653.000000 2088.000000
947375 42.475815 5.749970 3504.000000 39157.000000 41235.000000 2431.000000 758.000000 293.000000 22.000000 35653.000000 2078.000000
948375 45.860710 5.961445 3223.000000 38876.000000 40980.000000 1824.000000 1023.000000 339.000000 37.000000 35653.000000 2104.000000
949375 49.682035 6.144922 2905.000000 38557.000000 40684.000000 1106.000000 1364.000000 373.000000 62.000000 35652.000000 2127.000000
950375 52.954736 6.251237 2600.000000 38252.000000 40424.000000 441.000000 1698.000000 355.000000 106.000000 35652.000000 2172.000000
951375 51.459934 5.829831 2353.000000 38005.000000 40207.000000 154.000000 1891.000000 142.000000 166.000000 35652.000000 2202.000000
952375 50.478796 5.529609 2205.000000 37858.000000 40039.000000 91.000000 1819.000000 33.000000 262.000000 35653.000000 2181.000000
953375 49.884527 5.402161 2181.000000 37835.000000 39984.000000 97.000000 1660.000000 11.000000 413.000000 35654.000000 2149.000000
954375 49.619377 5.378979 2193.000000 37847.000000 39989.000000 137.000000 1463.000000 9.000000 584.000000 35654.000000 2142.000000
955375 48.936657 5.346792 2234.000000 37885.000000 40024.000000 236.000000 1222.000000 1.000000 775.000000 35651.000000 2139.000000
956375 48.139797 5.326315 2300.000000 37949.000000 40084.000000 373.000000 901.000000 0.000000 1026.000000 35649.000000 2135.000000
957375 47.138122 5.309404 2392.000000 38041.000000 40174.000000 565.000000 515.000000 0.000000 1312.000000 35649.000000 2133.000000
958375 45.338442 5.280381 2570.000000 38210.000000 40338.000000 907.000000 163.000000 2.000000 1498.000000 35640.000000 2128.000000
959375 43.541453 5.248482 2758.000000 38399.000000 40526.000000 1303.000000 35.000000 0.000000 1420.000000 35641.000000 2127.000000
960375 41.542386 5.197260 2980.000000 38617.000000 40733.000000 1756.000000 14.000000 1.000000 1209.000000 35637.000000 2116.000000
961375 39.066567 5.121892 3280.000000 38922.000000 41020.000000 2360.000000 14.000000 3.000000 903.000000 35642.000000 2098.000000
962375 36.778594 5.083640 3626.000000 39276.000000 41368.000000 3068.000000 14.000000 11.000000 533.000000 35650.000000 2092.000000
963375 34.624938 5.014990 3953.000000 39609.000000 41695.000000 3747.000000 18.000000 5.000000 183.000000 35656.000000 2086.000000
964375 34.017261 4.996771 4069.000000 39735.000000 41807.000000 3985.000000 28.000000 17.000000 39.000000 35666.000000 2072.000000
965375 34.055728 4.999641 4077.000000 39743.000000 41803.000000 3989.000000 48.000000 30.000000 10.000000 35666.000000 2060.000000
966375 34.611603 5.056503 4048.000000 39714.000000 41768.000000 3896.000000 87.000000 58.000000 7.000000 35666.000000 2054.000000
967375 35.293143 5.109944 3989.000000 39654.000000 41703.000000 3763.000000 139.000000 82.000000 5.000000 35665.000000 2049.000000
968375 35.998656 5.149214 3908.000000 39573.000000 41618.000000 3582.000000 222.000000 98.000000 6.000000 35665.000000 2045.000000
969375 38.053553 5.343327 3792.000000 39457.000000 41491.000000 3249.000000 351.000000 183.000000 9.000000 35665.000000 2034.000000
970375 40.331980 5.526520 3601.000000 39266.000000 41328.000000 2859.000000 506.000000 222.000000 14.000000 35665.000000 2062.000000
971375 42.191228 5.591769 3387.000000 39052.000000 41114.000000 2403.000000 728.000000 237.000000 19.000000 35665.000000 2062.000000
972375 45.757168 5.819588 3142.000000 38807.000000 40862.000000 1786.000000 1002.000000 323.000000 31.000000 35665.000000 2055.000000
973375 49.816626 6.026175 2846.000000 38511.000000 40573.000000 1104.000000 1305.000000 383.000000 54.000000 35665.000000 2062.000000
974375 53.177691 6.105582 2522.000000 38187.000000 40291.000000 445.000000 1619.000000 356.000000 102.000000 35665.000000 2104.000000
975375 51.898159 5.698525 2266.000000 37930.000000 40063.000000 119.000000 1832.000000 150.000000 165.000000 35664.000000 2133.000000
976375 50.843882 5.432006 2121.000000 37785.000000 39930.000000 78.000000 1776.000000 24.000000 243.000000 35664.000000 2145.000000
977375 50.355450 5.327951 2102.000000 37766.000000 39884.000000 86.000000 1622.000000 7.000000 387.000000 35664.000000 2118.000000
978375 49.834123 5.273188 2123.000000 37784.000000 39881.000000 134.000000 1432.000000 6.000000 551.000000 35661.000000 2097.000000
979375 49.095607 5.235864 2168.000000 37828.000000 39917.000000 237.000000 1189.000000 1.000000 741.000000 35660.000000 2089.000000
980375 48.434964 5.226158 2224.000000 37883.000000 39972.000000 355.000000 877.000000 0.000000 992.000000 35659.000000 2089.000000
981375 47.409091 5.207839 2315.000000 37970.000000 40055.000000 537.000000 524.000000 1.000000 1253.000000 35655.000000 2085.000000
982375 45.822339 5.184209 2465.000000 38116.000000 40199.000000 837.000000 161.000000 1.000000 1466.000000 35651.000000 2083.000000
983375 44.062765 5.146749 2640.000000 38299.000000 40375.000000 1204.000000 35.000000 2.000000 1399.000000 35659.000000 2076.000000
984375 42.030744 5.117974 2871.000000 38529.000000 40602.000000 1668.000000 11.000000 5.000000 1187.000000 35658.000000 2073.000000
985375 39.481707 5.066139 3179.000000 38830.000000 40899.000000 2284.000000 11.000000 3.000000 881.000000 35651.000000 2069.000000
986375 37.200504 5.010433 3489.000000 39152.000000 41214.000000 2940.000000 13.000000 3.000000 533.000000 35663.000000 2062.000000
987375 35.093115 4.946299 3812.000000 39485.000000 41526.000000 3592.000000 20.000000 13.000000 187.000000 35673.000000 2041.000000
988375 34.388080 4.930981 3933.000000 39615.000000 41655.000000 3854.000000 28.000000 14.000000 37.000000 35682.000000 2040.000000
989375 34.565836 4.959074 3936.000000 39620.000000 41661.000000 3854.000000 48.000000 25.000000 9.000000 35684.000000 2041.000000
990375 34.944426 4.985225 3908.000000 39593.000000 41623.000000 3762.000000 96.000000 45.000000 5.000000 35685.000000 2030.000000
991375 35.573324 5.030917 3862.000000 39547.000000 41563.000000 3635.000000 147.000000 75.000000 5.000000 35685.000000 2016.000000
992375 36.591262 5.108979 3779.000000 39464.000000 41476.000000 3462.000000 203.000000 107.000000 7.000000 35685.000000 2012.000000
993375 38.099436 5.225234 3678.000000 39363.000000 41357.000000 3175.000000 328.000000 167.000000 8.000000 35685.000000 1994.000000
994375 39.723032 5.294732 3507.000000 39192.000000 41173.000000 2810.000000 486.000000 199.000000 12.000000 35685.000000 1981.000000
995375 42.457995 5.487909 3308.000000 38992.000000 40981.000000 2336.000000 695.000000 260.000000 17.000000 35684.000000 1989.000000
996375 46.083861 5.719195 3054.000000 38738.000000 40740.000000 1736.000000 957.000000 328.000000 33.000000 35684.000000 2002.000000
997375 49.727120 5.856903 2736.000000 38420.000000 40448.000000 1091.000000 1252.000000 341.000000 52.000000 35684.000000 2028.000000
998375 52.805723 5.881913 2431.000000 38115.000000 40157.000000 448.000000 1554.000000 320.000000 109.000000 35684.000000 2042.000000
999375 52.265790 5.573221 2181.000000 37863.000000 39941.000000 115.000000 1760.000000 148.000000 158.000000 35682.000000 2078.000000
1000375 51.181486 5.280619 2030.000000 37712.000000 39787.000000 67.000000 1702.000000 26.000000 235.000000 35682.000000 2075.000000
1001375 50.493097 5.153757 2014.000000 37696.000000 39738.000000 82.000000 1569.000000 6.000000 357.000000 35682.000000 2042.000000
1002375 50.073819 5.120141 2030.000000 37711.000000 39745.000000 125.000000 1387.000000 1.000000 517.000000 35681.000000 2034.000000
1003375 49.150073 5.086450 2095.000000 37769.000000 39792.000000 250.000000 1135.000000 1.000000 709.000000 35674.000000 2023.000000
1004375 48.572799 5.082449 2146.000000 37820.000000 39843.000000 354.000000 831.000000 2.000000 959.000000 35674.000000 2023.000000
1005375 47.577611 5.067381 2230.000000 37900.000000 39922.000000 524.000000 510.000000 1.000000 1195.000000 35670.000000 2022.000000
1006375 46.111745 5.048437 2366.000000 38033.000000 40052.000000 793.000000 160.000000 3.000000 1410.000000 35667.000000 2019.000000
1007375 44.234571 5.007334 2539.000000 38207.000000 40221.000000 1149.000000 31.000000 0.000000 1359.000000 35668.000000 2014.000000
1008375 42.035029 4.982453 2784.000000 38450.000000 40462.000000 1644.000000 3.000000 4.000000 1133.000000 35666.000000 2012.000000
1009375 39.477304 4.930303 3086.000000 38745.000000 40748.000000 2236.000000 5.000000 6.000000 839.000000 35659.000000 2003.000000
1010375 37.196366 4.886604 3391.000000 39049.000000 41051.000000 2861.000000 8.000000 4.000000 518.000000 35658.000000 2002.000000
1011375 35.111966 4.850521 3720.000000 39381.000000 41377.000000 3523.000000 13.000000 11.000000 173.000000 35661.000000 1996.000000
1012375 34.556051 4.858417 3833.000000 39494.000000 41495.000000 3755.000000 24.000000 15.000000 39.000000 35661.000000 2001.000000
1013375 34.685841 4.881457 3846.000000 39509.000000 41504.000000 3773.000000 38.000000 31.000000 4.000000 35663.000000 1995.000000
1014375 35.382231 4.955389 3804.000000 39466.000000 41470.000000 3669.000000 81.000000 51.000000 3.000000 35662.000000 2004.000000
1015375 35.979847 5.000241 3750.000000 39412.000000 41418.000000 3549.000000 134.000000 65.000000 2.000000 35662.000000 2006.000000
1016375 36.832834 5.058178 3687.000000 39349.000000 41339.000000 3384.000000 199.000000 101.000000 3.000000 35662.000000 1990.000000
1017375 38.261182 5.166266 3581.000000 39243.000000 41229.000000 3117.000000 315.000000 144.000000 5.000000 35662.000000 1986.000000
1018375 40.081421 5.274436 3436.000000 39098.000000 41066.000000 2763.000000 466.000000 198.000000 9.000000 35662.000000 1968.000000
1019375 43.147793 5.500098 3249.000000 38911.000000 40872.000000 2263.000000 684.000000 287.000000 15.000000 35662.000000 1961.000000
1020375 46.070569 5.653137 2996.000000 38658.000000 40650.000000 1693.000000 967.000000 306.000000 30.000000 35662.000000 1992.000000
1021375 49.411513 5.724557 2711.000000 38373.000000 40335.000000 1038.000000 1277.000000 347.000000 49.000000 35662.000000 1962.000000
1022375 52.734731 5.777778 2437.000000 38099.000000 40050.000000 399.000000 1583.000000 363.000000 92.000000 35662.000000 1951.000000
1023375 51.127639 5.350373 2169.000000 37830.000000 39829.000000 110.000000 1776.000000 132.000000 151.000000 35661.000000 1999.000000
1024375 49.975000 5.040216 2033.000000 37694.000000 39661.000000 51.000000 1713.000000 32.000000 237.000000 35661.000000 1967.000000
1025375 49.355898 4.931977 2012.000000 37672.000000 39619.000000 66.000000 1586.000000 7.000000 353.000000 35660.000000 1947.000000
1026375 48.954923 4.905375 2029.000000 37688.000000 39630.000000 109.000000 1406.000000 2.000000 512.000000 35659.000000 1942.000000
1027375 48.354935 4.890592 2074.000000 37730.000000 39668.000000 199.000000 1131.000000 2.000000 742.000000 35656.000000 1938.000000
1028375 47.676420 4.880934 2128.000000 37787.000000 39726.000000 317.000000 832.000000 0.000000 979.000000 35659.000000 1939.000000
1029375 46.557535 4.857588 2220.000000 37880.000000 39814.000000 506.000000 488.000000 0.000000 1226.000000 35660.000000 1934.000000
1030375 45.224719 4.838467 2341.000000 37999.000000 39930.000000 747.000000 146.000000 1.000000 1447.000000 35658.000000 1931.000000
1031375 43.349865 4.795511 2513.000000 38177.000000 40100.000000 1110.000000 32.000000 0.000000 1371.000000 35664.000000 1923.000000
1032375 40.934300 4.755650 2771.000000 38435.000000 40352.000000 1632.000000 8.000000 2.000000 1129.000000 35664.000000 1917.000000
1033375 38.526570 4.710109 3056.000000 38724.000000 40636.000000 2221.000000 3.000000 2.000000 830.000000 35668.000000 1912.000000
1034375 36.244541 4.662694 3362.000000 39037.000000 40942.000000 2853.000000 5.000000 4.000000 500.000000 35675.000000 1905.000000
1035375 34.117436 4.606507 3678.000000 39355.000000 41246.000000 3493.000000 8.000000 9.000000 168.000000 35677.000000 1891.000000
1036375 33.480021 4.598868 3794.000000 39471.000000 41358.000000 3727.000000 17.000000 15.000000 35.000000 35677.000000 1887.000000
1037375 33.685508 4.625465 3794.000000 39473.000000 41358.000000 3730.000000 27.000000 28.000000 9.000000 35679.000000 1885.000000
1038375 34.254829 4.677782 3762.000000 39442.000000 41323.000000 3649.000000 59.000000 52.000000 2.000000 35680.000000 1881.000000
1039375 34.918648 4.731907 3703.000000 39383.000000 41273.000000 3537.000000 102.000000 63.000000 1.000000 35680.000000 1890.000000
1040375 36.130790 4.829428 3636.000000 39316.000000 41185.000000 3342.000000 171.000000 120.000000 3.000000 35680.000000 1869.000000
1041375 37.442162 4.924178 3516.000000 39196.000000 41083.000000 3101.000000 275.000000 136.000000 4.000000 35680.000000 1887.000000
1042375 39.399125 5.061189 3386.000000 39066.000000 40939.000000 2743.000000 438.000000 199.000000 6.000000 35680.000000 1873.000000
1043375 42.325949 5.253339 3204.000000 38884.000000 40736.000000 2257.000000 647.000000 288.000000 12.000000 35680.000000 1852.000000
1044375 46.080465 5.486149 2910.000000 38590.000000 40502.000000 1669.000000 913.000000 310.000000 18.000000 35680.000000 1912.000000
1045375 50.524934 5.738845 2624.000000 38304.000000 40252.000000 1023.000000 1204.000000 362.000000 35.000000 35680.000000 1948.000000
1046375 53.716138 5.800145 2319.000000 37999.000000 39999.000000 413.000000 1512.000000 320.000000 74.000000 35680.000000 2000.000000
1047375 52.885086 5.438773 2062.000000 37742.000000 39770.000000 94.000000 1713.000000 135.000000 120.000000 35680.000000 2028.000000
1048375 51.787072 5.155836 1929.000000 37609.000000 39625.000000 45.000000 1660.000000 27.000000 197.000000 35680.000000 2016.000000
1049375 51.245826 5.041316 1903.000000 37583.000000 39573.000000 39.000000 1535.000000 5.000000 324.000000 35680.000000 1990.000000
1050375 50.821777 5.000884 1918.000000 37597.000000 39573.000000 75.000000 1344.000000 3.000000 496.000000 35679.000000 1976.000000
1051375 50.178026 4.981443 1959.000000 37634.000000 39607.000000 158.000000 1103.000000 0.000000 698.000000 35675.000000 1973.000000
1052375 49.535059 4.970369 2008.000000 37684.000000 39655.000000 258.000000 831.000000 0.000000 919.000000 35676.000000 1971.000000
1053375 48.449803 4.955204 2095.000000 37767.000000 39736.000000 428.000000 491.000000 0.000000 1176.000000 35672.000000 1969.000000
1054375 47.071480 4.940037 2215.000000 37890.000000 39858.000000 679.000000 144.000000 1.000000 1391.000000 35675.000000 1968.000000
1055375 45.207998 4.913692 2384.000000 38064.000000 40031.000000 1034.000000 31.000000 0.000000 1319.000000 35680.000000 1967.000000
1056375 42.757569 4.874596 2631.000000 38310.000000 40270.000000 1530.000000 9.000000 3.000000 1089.000000 35679.000000 1960.000000
1057375 40.450599 4.829833 2882.000000 38563.000000 40519.000000 2051.000000 2.000000 1.000000 828.000000 35681.000000 1956.000000
1058375 37.948518 4.767621 3184.000000 38873.000000 40817.000000 2671.000000 3.000000 2.000000 508.000000 35689.000000 1944.000000
1059375 35.712971 4.719986 3506.000000 39194.000000 41123.000000 3309.000000 6.000000 12.000000 179.000000 35688.000000 1929.000000
1060375 34.737221 4.679355 3631.000000 39320.000000 41245.000000 3579.000000 10.000000 5.000000 37.000000 35689.000000 1925.000000
1061375 34.844396 4.695871 3645.000000 39335.000000 41249.000000 3592.000000 20.000000 23.000000 10.000000 35690.000000 1914.000000
1062375 35.164438 4.720551 3626.000000 39316.000000 41224.000000 3538.000000 49.000000 38.000000 1.000000 35690.000000 1908.000000
1063375 35.727339 4.749526 3580.000000 39270.000000 41162.000000 3427.000000 89.000000 63.000000 1.000000 35690.000000 1892.000000
1064375 36.581292 4.798189 3514.000000 39204.000000 41078.000000 3268.000000 149.000000 97.000000 0.000000 35690.000000 1874.000000
1065375 38.272538 4.941314 3400.000000 39090.000000 40981.000000 3017.000000 248.000000 134.000000 1.000000 35690.000000 1891.000000
1066375 40.548959 5.102016 3257.000000 38947.000000 40827.000000 2656.000000 395.000000 203.000000 3.000000 35690.000000 1880.000000
1067375 43.549364 5.307187 3062.000000 38752.000000 40643.000000 2196.000000 592.000000 266.000000 8.000000 35690.000000 1891.000000
1068375 46.523038 5.401456 2790.000000 38480.000000 40378.000000 1685.000000 809.000000 283.000000 13.000000 35690.000000 1898.000000
1069375 49.716103 5.459806 2525.000000 38215.000000 40093.000000 1069.000000 1120.000000 311.000000 25.000000 35690.000000 1878.000000
1070375 53.728814 5.572577 2250.000000 37940.000000 39820.000000 409.000000 1438.000000 339.000000 64.000000 35690.000000 1880.000000
1071375 52.616799 5.203626 1999.000000 37689.000000 39607.000000 91.000000 1658.000000 143.000000 107.000000 35690.000000 1918.000000
1072375 51.377848 4.913463 1863.000000 37552.000000 39463.000000 41.000000 1615.000000 28.000000 179.000000 35689.000000 1911.000000
1073375 50.926672 4.810718 1835.000000 37524.000000 39412.000000 35.000000 1503.000000 8.000000 289.000000 35689.000000 1888.000000
1074375 50.617615 4.782807 1841.000000 37529.000000 39412.000000 61.000000 1322.000000 2.000000 456.000000 35688.000000 1883.000000
1075375 50.093209 4.769028 1874.000000 37561.000000 39442.000000 129.000000 1108.000000 0.000000 637.000000 35687.000000 1881.000000
1076375 49.447950 4.763352 1924.000000 37609.000000 39489.000000 227.000000 849.000000 1.000000 847.000000 35685.000000 1880.000000
1077375 48.566262 4.752635 1991.000000 37677.000000 39557.000000 369.000000 524.000000 0.000000 1098.000000 35686.000000 1880.000000
1078375 47.209653 4.734533 2100.000000 37788.000000 39666.000000 593.000000 168.000000 0.000000 1339.000000 35688.000000 1878.000000
1079375 45.089071 4.701305 2281.000000 37967.000000 39840.000000 959.000000 27.000000 0.000000 1295.000000 35686.000000 1873.000000
1080375 42.975207 4.675091 2485.000000 38171.000000 40042.000000 1375.000000 6.000000 1.000000 1103.000000 35686.000000 1871.000000
1081375 40.648108 4.639214 2729.000000 38418.000000 40287.000000 1873.000000 5.000000 0.000000 851.000000 35689.000000 1869.000000
1082375 38.115675 4.595067 3030.000000 38724.000000 40587.000000 2488.000000 3.000000 2.000000 537.000000 35694.000000 1863.000000
1083375 35.589645 4.536677 3364.000000 39060.000000 40911.000000 3156.000000 6.000000 5.000000 197.000000 35696.000000 1851.000000
1084375 34.508487 4.505931 3516.000000 39212.000000 41057.000000 3467.000000 10.000000 5.000000 34.000000 35696.000000 1845.000000
1085375 34.489187 4.505492 3533.000000 39230.000000 41061.000000 3489.000000 16.000000 19.000000 9.000000 35697.000000 1831.000000
1086375 35.049616 4.561737 3508.000000 39204.000000 41037.000000 3427.000000 39.000000 39.000000 3.000000 35696.000000 1833.000000
1087375 35.641509 4.607767 3463.000000 39159.000000 40996.000000 3338.000000 73.000000 52.000000 0.000000 35696.000000 1837.000000
1088375 36.368854 4.645309 3406.000000 39102.000000 40923.000000 3192.000000 134.000000 80.000000 0.000000 35696.000000 1821.000000
1089375 37.436399 4.688036 3323.000000 39019.000000 40806.000000 2978.000000 216.000000 126.000000 3.000000 35696.000000 1787.000000
1090375 39.971780 4.877389 3185.000000 38881.000000 40657.000000 2610.000000 363.000000 207.000000 5.000000 35696.000000 1776.000000
1091375 42.356888 4.991968 2986.000000 38682.000000 40465.000000 2193.000000 549.000000 237.000000 7.000000 35696.000000 1783.000000
1092375 44.979033 5.066249 2755.000000 38451.000000 40227.000000 1705.000000 776.000000 262.000000 12.000000 35696.000000 1776.000000
1093375 48.734177 5.202442 2502.000000 38198.000000 39962.000000 1099.000000 1063.000000 315.000000 25.000000 35696.000000 1764.000000
1094375 53.765846 5.445756 2199.000000 37895.000000 39719.000000 442.000000 1371.000000 339.000000 47.000000 35696.000000 1824.000000
1095375 53.728992 5.179222 1914.000000 37610.000000 39504.000000 98.000000 1573.000000 152.000000 91.000000 35696.000000 1894.000000
