765018 1.704004 0.357500 8392.000000 40000.000000 40000.000000 1983.000000 3803.000000 143.000000 2463.000000 31608.000000 0.000000
766018 2.127154 0.445651 8312.000000 40063.000000 40166.000000 2193.000000 3169.000000 76.000000 2874.000000 31751.000000 103.000000
767018 2.980290 0.621672 8253.000000 40206.000000 40375.000000 2500.000000 2593.000000 82.000000 3078.000000 31953.000000 169.000000
768018 3.419005 0.713618 8238.000000 40394.000000 40638.000000 2961.000000 2006.000000 46.000000 3225.000000 32156.000000 244.000000
769018 3.720168 0.776348 8259.000000 40672.000000 40961.000000 3570.000000 1454.000000 29.000000 3206.000000 32413.000000 289.000000
770018 4.224369 0.878637 8275.000000 40996.000000 41314.000000 4220.000000 1034.000000 45.000000 2976.000000 32721.000000 318.000000
771018 4.509284 0.937245 8313.000000 41360.000000 41718.000000 4977.000000 695.000000 33.000000 2608.000000 33047.000000 358.000000
772018 5.048655 1.048652 8346.000000 41665.000000 42054.000000 5564.000000 463.000000 52.000000 2267.000000 33319.000000 389.000000
773018 5.964872 1.234247 8314.000000 41920.000000 42374.000000 6078.000000 333.000000 69.000000 1834.000000 33606.000000 454.000000
774018 7.240638 1.499005 8309.000000 42165.000000 42695.000000 6533.000000 318.000000 110.000000 1348.000000 33856.000000 530.000000
775018 8.999662 1.858840 8217.000000 42280.000000 42930.000000 6747.000000 350.000000 148.000000 972.000000 34063.000000 650.000000
776018 10.719892 2.216657 8108.000000 42318.000000 43128.000000 6853.000000 449.000000 146.000000 660.000000 34210.000000 810.000000
777018 13.333333 2.741626 7928.000000 42292.000000 43259.000000 6751.000000 559.000000 219.000000 399.000000 34364.000000 967.000000
778018 16.006286 3.288973 7715.000000 42163.000000 43357.000000 6525.000000 719.000000 232.000000 239.000000 34448.000000 1194.000000
779018 19.394619 3.985349 7466.000000 41955.000000 43409.000000 6102.000000 908.000000 276.000000 180.000000 34489.000000 1454.000000
780018 23.174958 4.770782 7211.000000 41718.000000 43452.000000 5554.000000 1162.000000 339.000000 156.000000 34507.000000 1734.000000
781018 27.177194 5.592363 6909.000000 41434.000000 43470.000000 4894.000000 1446.000000 395.000000 174.000000 34525.000000 2036.000000
782018 31.296089 6.441302 6561.000000 41096.000000 43485.000000 4111.000000 1810.000000 412.000000 228.000000 34535.000000 2389.000000
783018 34.461573 7.092280 6219.000000 40765.000000 43498.000000 3443.000000 2111.000000 352.000000 313.000000 34546.000000 2733.000000
784018 37.594908 7.737206 5948.000000 40509.000000 43517.000000 2827.000000 2350.000000 359.000000 412.000000 34561.000000 3008.000000
785018 41.012177 8.432490 5673.000000 40256.000000 43534.000000 2161.000000 2582.000000 393.000000 537.000000 34583.000000 3278.000000
786018 42.976775 8.835682 5417.000000 40023.000000 43562.000000 1654.000000 2778.000000 310.000000 675.000000 34606.000000 3539.000000
787018 43.754182 8.996262 5270.000000 39911.000000 43607.000000 1325.000000 2879.000000 227.000000 839.000000 34641.000000 3696.000000
788018 44.481568 9.147123 5171.000000 39856.000000 43664.000000 1110.000000 2789.000000 186.000000 1086.000000 34685.000000 3808.000000
789018 44.160746 9.096522 5142.000000 39865.000000 43731.000000 1072.000000 2637.000000 112.000000 1321.000000 34723.000000 3866.000000
790018 43.185063 8.982911 5239.000000 39906.000000 43772.000000 1315.000000 2294.000000 66.000000 1564.000000 34667.000000 3866.000000
791018 41.999351 8.859373 5407.000000 39982.000000 43818.000000 1660.000000 1905.000000 46.000000 1796.000000 34575.000000 3836.000000
792018 40.643306 8.688129 5596.000000 40129.000000 43922.000000 2113.000000 1543.000000 23.000000 1917.000000 34533.000000 3793.000000
793018 39.399958 8.547261 5816.000000 40346.000000 44096.000000 2690.000000 1129.000000 19.000000 1978.000000 34530.000000 3750.000000
794018 37.893018 8.377531 6102.000000 40615.000000 44309.000000 3356.000000 792.000000 18.000000 1936.000000 34513.000000 3694.000000
795018 36.728981 8.249321 6348.000000 40882.000000 44537.000000 4021.000000 530.000000 19.000000 1778.000000 34534.000000 3655.000000
796018 35.756327 8.142158 6570.000000 41143.000000 44767.000000 4640.000000 306.000000 21.000000 1603.000000 34573.000000 3624.000000
797018 34.592940 8.043062 6871.000000 41376.000000 44958.000000 5270.000000 211.000000 34.000000 1356.000000 34505.000000 3582.000000
798018 32.835821 7.888795 7337.000000 41661.000000 45178.000000 6121.000000 177.000000 47.000000 992.000000 34324.000000 3517.000000
799018 31.796488 7.795735 7649.000000 41838.000000 45294.000000 6684.000000 174.000000 75.000000 716.000000 34189.000000 3456.000000
800018 30.618665 7.725890 8044.000000 41954.000000 45354.000000 7248.000000 208.000000 104.000000 484.000000 33910.000000 3400.000000
801018 29.956695 7.773493 8421.000000 42029.000000 45385.000000 7659.000000 316.000000 172.000000 274.000000 33608.000000 3356.000000
802018 29.221587 7.786098 8738.000000 41948.000000 45273.000000 7908.000000 470.000000 200.000000 160.000000 33210.000000 3325.000000
803018 29.159856 7.917101 8940.000000 41771.000000 45067.000000 7884.000000 666.000000 272.000000 118.000000 32831.000000 3296.000000
804018 28.981407 7.998304 9107.000000 41559.000000 44822.000000 7787.000000 907.000000 322.000000 91.000000 32452.000000 3263.000000
805018 29.416990 8.179716 9099.000000 41252.000000 44537.000000 7441.000000 1210.000000 358.000000 90.000000 32153.000000 3285.000000
806018 29.312298 8.193866 9103.000000 40959.000000 44216.000000 7082.000000 1554.000000 366.000000 101.000000 31856.000000 3257.000000
807018 29.522806 8.295392 9083.000000 40668.000000 43928.000000 6675.000000 1888.000000 384.000000 136.000000 31585.000000 3260.000000
808018 30.017907 8.444190 8996.000000 40385.000000 43675.000000 6159.000000 2241.000000 398.000000 198.000000 31389.000000 3290.000000
809018 31.231009 8.758031 8870.000000 40116.000000 43423.000000 5429.000000 2612.000000 496.000000 333.000000 31246.000000 3307.000000
810018 31.197818 8.728635 8715.000000 39855.000000 43237.000000 4786.000000 3049.000000 392.000000 488.000000 31140.000000 3382.000000
811018 32.191952 8.965197 8573.000000 39670.000000 43100.000000 4100.000000 3335.000000 434.000000 704.000000 31097.000000 3430.000000
812018 32.992093 9.204904 8490.000000 39539.000000 43064.000000 3456.000000 3670.000000 439.000000 925.000000 31049.000000 3525.000000
813018 32.664613 9.113924 8422.000000 39464.000000 43055.000000 2968.000000 3904.000000 333.000000 1217.000000 31042.000000 3591.000000
814018 34.206612 9.594344 8228.000000 39268.000000 43140.000000 2785.000000 3735.000000 267.000000 1441.000000 31040.000000 3872.000000
815018 35.580310 10.043698 8096.000000 39138.000000 43251.000000 2673.000000 3520.000000 231.000000 1672.000000 31042.000000 4113.000000
816018 36.265158 10.329979 8056.000000 39113.000000 43427.000000 2772.000000 3194.000000 172.000000 1918.000000 31057.000000 4314.000000
817018 37.062326 10.690484 8102.000000 39172.000000 43665.000000 2957.000000 2757.000000 175.000000 2213.000000 31070.000000 4493.000000
818018 37.254445 10.909256 8230.000000 39332.000000 43981.000000 3373.000000 2268.000000 149.000000 2440.000000 31102.000000 4649.000000
819018 37.007515 11.003024 8411.000000 39544.000000 44306.000000 3869.000000 1808.000000 113.000000 2621.000000 31133.000000 4762.000000
820018 36.632782 11.057111 8648.000000 39821.000000 44650.000000 4447.000000 1266.000000 108.000000 2827.000000 31173.000000 4829.000000
821018 35.914727 11.002755 8913.000000 40138.000000 45016.000000 5149.000000 1021.000000 75.000000 2668.000000 31225.000000 4878.000000
822018 34.770909 10.809740 9270.000000 40571.000000 45422.000000 6042.000000 871.000000 59.000000 2298.000000 31301.000000 4851.000000
823018 33.983210 10.688489 9596.000000 41008.000000 45825.000000 6912.000000 752.000000 81.000000 1851.000000 31412.000000 4817.000000
824018 33.226467 10.553569 9891.000000 41386.000000 46155.000000 7676.000000 677.000000 102.000000 1436.000000 31495.000000 4769.000000
825018 32.845879 10.495263 10112.000000 41713.000000 46440.000000 8323.000000 656.000000 147.000000 986.000000 31601.000000 4727.000000
826018 32.909091 10.512164 10164.000000 41803.000000 46489.000000 8516.000000 677.000000 201.000000 770.000000 31639.000000 4686.000000
827018 33.018039 10.533917 10146.000000 41738.000000 46393.000000 8463.000000 783.000000 232.000000 668.000000 31592.000000 4655.000000
828018 33.412644 10.623352 10068.000000 41624.000000 46266.000000 8290.000000 912.000000 273.000000 593.000000 31556.000000 4642.000000
829018 34.151862 10.806060 9970.000000 41467.000000 46076.000000 7920.000000 1160.000000 370.000000 520.000000 31497.000000 4609.000000
830018 34.479651 10.839382 9821.000000 41277.000000 45879.000000 7553.000000 1453.000000 371.000000 444.000000 31456.000000 4602.000000
831018 34.902427 10.920949 9695.000000 41090.000000 45692.000000 7125.000000 1801.000000 388.000000 381.000000 31395.000000 4602.000000
832018 36.005089 11.195850 9497.000000 40848.000000 45499.000000 6563.000000 2132.000000 443.000000 359.000000 31351.000000 4651.000000
833018 37.263579 11.525132 9307.000000 40597.000000 45301.000000 5873.000000 2520.000000 517.000000 397.000000 31290.000000 4704.000000
834018 38.307670 11.799645 9114.000000 40336.000000 45120.000000 5077.000000 3018.000000 540.000000 479.000000 31222.000000 4784.000000
835018 39.140517 12.008093 8879.000000 40058.000000 44978.000000 4318.000000 3446.000000 481.000000 634.000000 31179.000000 4920.000000
836018 40.093240 12.277493 8754.000000 39856.000000 44830.000000 3523.000000 3858.000000 530.000000 843.000000 31102.000000 4974.000000
837018 38.812486 11.922217 8693.000000 39690.000000 44740.000000 3146.000000 4155.000000 284.000000 1108.000000 30997.000000 5050.000000
838018 38.517874 11.911649 8707.000000 39511.000000 44595.000000 3169.000000 3958.000000 228.000000 1352.000000 30804.000000 5084.000000
839018 37.827282 11.766559 8792.000000 39414.000000 44448.000000 3255.000000 3727.000000 196.000000 1614.000000 30622.000000 5034.000000
840018 37.021917 11.637698 8957.000000 39411.000000 44416.000000 3518.000000 3412.000000 164.000000 1863.000000 30454.000000 5005.000000
841018 35.982791 11.474967 9234.000000 39517.000000 44462.000000 3916.000000 2964.000000 157.000000 2197.000000 30283.000000 4945.000000
842018 35.272577 11.441827 9551.000000 39695.000000 44617.000000 4438.000000 2422.000000 183.000000 2508.000000 30144.000000 4922.000000
843018 34.241298 11.301477 9829.000000 39860.000000 44826.000000 5042.000000 1914.000000 100.000000 2773.000000 30031.000000 4966.000000
844018 33.575389 11.273412 10193.000000 40160.000000 45115.000000 5670.000000 1320.000000 131.000000 3072.000000 29967.000000 4955.000000
845018 32.684248 11.162248 10558.000000 40461.000000 45412.000000 6400.000000 1078.000000 118.000000 2962.000000 29903.000000 4951.000000
846018 31.504014 10.947887 11002.000000 40939.000000 45881.000000 7387.000000 1005.000000 81.000000 2529.000000 29937.000000 4942.000000
847018 30.677656 10.836281 11456.000000 41448.000000 46372.000000 8429.000000 904.000000 101.000000 2022.000000 29992.000000 4924.000000
848018 30.245769 10.809078 11826.000000 41897.000000 46794.000000 9271.000000 863.000000 161.000000 1531.000000 30071.000000 4897.000000
849018 30.085792 10.849986 12146.000000 42317.000000 47189.000000 9976.000000 917.000000 248.000000 1005.000000 30171.000000 4872.000000
850018 29.876587 10.797100 12202.000000 42414.000000 47309.000000 10160.000000 1057.000000 213.000000 772.000000 30212.000000 4895.000000
851018 30.561903 11.032382 12158.000000 42370.000000 47279.000000 9935.000000 1217.000000 307.000000 699.000000 30212.000000 4909.000000
852018 31.080684 11.212635 12120.000000 42273.000000 47170.000000 9620.000000 1461.000000 392.000000 647.000000 30153.000000 4897.000000
853018 31.628430 11.375526 12012.000000 42122.000000 47022.000000 9106.000000 1835.000000 449.000000 622.000000 30110.000000 4900.000000
854018 32.128419 11.523125 11865.000000 41942.000000 46897.000000 8610.000000 2258.000000 449.000000 548.000000 30077.000000 4955.000000
855018 32.613909 11.645331 11703.000000 41737.000000 46714.000000 8033.000000 2689.000000 463.000000 518.000000 30034.000000 4977.000000
856018 33.232280 11.787350 11536.000000 41542.000000 46499.000000 7341.000000 3119.000000 524.000000 552.000000 30006.000000 4957.000000
857018 34.050641 12.002161 11362.000000 41326.000000 46275.000000 6495.000000 3570.000000 605.000000 692.000000 29964.000000 4949.000000
858018 35.022613 12.268860 11118.000000 41053.000000 46076.000000 5534.000000 4120.000000 630.000000 834.000000 29935.000000 5023.000000
859018 35.655712 12.417973 10867.000000 40761.000000 45869.000000 4601.000000 4612.000000 588.000000 1066.000000 29894.000000 5108.000000
860018 36.110233 12.500547 10691.000000 40572.000000 45702.000000 3681.000000 5020.000000 583.000000 1407.000000 29881.000000 5130.000000
861018 34.845597 12.025788 10610.000000 40474.000000 45602.000000 3274.000000 5225.000000 356.000000 1755.000000 29864.000000 5128.000000
862018 34.350463 11.816764 10466.000000 40338.000000 45537.000000 3387.000000 4918.000000 182.000000 1979.000000 29872.000000 5199.000000
863018 34.157720 11.741833 10500.000000 40373.000000 45521.000000 3514.000000 4504.000000 197.000000 2285.000000 29873.000000 5148.000000
864018 33.664818 11.586730 10576.000000 40467.000000 45578.000000 3804.000000 4000.000000 170.000000 2602.000000 29891.000000 5111.000000
865018 33.320705 11.531402 10743.000000 40668.000000 45762.000000 4264.000000 3392.000000 183.000000 2904.000000 29925.000000 5094.000000
866018 32.618588 11.378313 10964.000000 40912.000000 45991.000000 4900.000000 2695.000000 154.000000 3215.000000 29948.000000 5079.000000
867018 31.722780 11.154878 11220.000000 41177.000000 46204.000000 5545.000000 2043.000000 127.000000 3505.000000 29957.000000 5027.000000
868018 31.185989 11.061196 11495.000000 41517.000000 46523.000000 6282.000000 1328.000000 140.000000 3745.000000 30022.000000 5006.000000
869018 30.392390 10.899322 11838.000000 41920.000000 46902.000000 7189.000000 1085.000000 130.000000 3434.000000 30082.000000 4982.000000
870018 29.322607 10.626835 12227.000000 42406.000000 47333.000000 8220.000000 1037.000000 103.000000 2867.000000 30179.000000 4927.000000
871018 28.520103 10.449882 12654.000000 42976.000000 47857.000000 9344.000000 978.000000 120.000000 2212.000000 30322.000000 4881.000000
872018 27.969799 10.350180 13058.000000 43496.000000 48318.000000 10317.000000 954.000000 179.000000 1608.000000 30438.000000 4822.000000
873018 27.819011 10.382256 13389.000000 43937.000000 48737.000000 11114.000000 1003.000000 260.000000 1012.000000 30548.000000 4800.000000
874018 27.825422 10.429548 13480.000000 44015.000000 48842.000000 11311.000000 1134.000000 267.000000 768.000000 30535.000000 4827.000000
875018 28.031212 10.532467 13501.000000 43948.000000 48773.000000 11143.000000 1342.000000 312.000000 704.000000 30447.000000 4825.000000
876018 28.544959 10.766258 13506.000000 43808.000000 48652.000000 10792.000000 1651.000000 394.000000 669.000000 30302.000000 4844.000000
877018 29.584059 11.194891 13440.000000 43612.000000 48540.000000 10305.000000 1988.000000 506.000000 641.000000 30172.000000 4928.000000
878018 30.006552 11.356310 13295.000000 43375.000000 48396.000000 9786.000000 2431.000000 475.000000 603.000000 30080.000000 5021.000000
879018 30.825456 11.635240 13147.000000 43158.000000 48207.000000 9110.000000 2877.000000 560.000000 600.000000 30011.000000 5049.000000
880018 31.779778 11.984590 12941.000000 42852.000000 48020.000000 8322.000000 3373.000000 587.000000 659.000000 29911.000000 5168.000000
881018 32.641048 12.284992 12772.000000 42611.000000 47847.000000 7474.000000 3912.000000 642.000000 744.000000 29839.000000 5236.000000
882018 33.997984 12.741394 12483.000000 42269.000000 47640.000000 6400.000000 4463.000000 699.000000 921.000000 29786.000000 5371.000000
883018 34.823197 12.977566 12197.000000 41950.000000 47428.000000 5404.000000 4974.000000 677.000000 1142.000000 29753.000000 5478.000000
884018 35.873341 13.315717 11946.000000 41692.000000 47305.000000 4364.000000 5422.000000 686.000000 1474.000000 29746.000000 5613.000000
885018 34.681058 12.853726 11804.000000 41540.000000 47247.000000 3910.000000 5700.000000 366.000000 1828.000000 29736.000000 5707.000000
886018 34.673079 12.829965 11654.000000 41390.000000 47202.000000 3893.000000 5319.000000 244.000000 2198.000000 29736.000000 5812.000000
887018 34.492621 12.771906 11694.000000 41425.000000 47213.000000 4022.000000 4923.000000 242.000000 2507.000000 29731.000000 5788.000000
888018 34.091554 12.690302 11832.000000 41562.000000 47359.000000 4331.000000 4438.000000 213.000000 2850.000000 29730.000000 5797.000000
889018 33.672323 12.599601 12005.000000 41772.000000 47565.000000 4787.000000 3854.000000 200.000000 3164.000000 29767.000000 5793.000000
890018 32.898100 12.380554 12226.000000 42053.000000 47825.000000 5436.000000 3192.000000 149.000000 3449.000000 29827.000000 5772.000000
891018 32.215207 12.195021 12527.000000 42430.000000 48118.000000 6170.000000 2444.000000 180.000000 3733.000000 29903.000000 5688.000000
892018 31.664859 12.056825 12773.000000 42762.000000 48429.000000 6869.000000 1717.000000 172.000000 4015.000000 29989.000000 5667.000000
893018 30.893267 11.845877 13094.000000 43209.000000 48844.000000 7804.000000 1448.000000 151.000000 3691.000000 30115.000000 5635.000000
894018 30.174682 11.644906 13415.000000 43658.000000 49249.000000 8772.000000 1376.000000 144.000000 3123.000000 30243.000000 5591.000000
895018 29.604514 11.503339 13761.000000 44159.000000 49716.000000 9804.000000 1291.000000 162.000000 2504.000000 30398.000000 5557.000000
896018 28.981070 11.321281 14095.000000 44667.000000 50171.000000 10782.000000 1243.000000 176.000000 1894.000000 30572.000000 5504.000000
897018 28.822522 11.312065 14364.000000 45100.000000 50592.000000 11602.000000 1243.000000 231.000000 1288.000000 30736.000000 5492.000000
898018 28.946842 11.404962 14490.000000 45218.000000 50706.000000 11791.000000 1389.000000 295.000000 1015.000000 30728.000000 5488.000000
899018 29.422058 11.616201 14484.000000 45144.000000 50662.000000 11552.000000 1590.000000 367.000000 975.000000 30660.000000 5518.000000
900018 29.910424 11.820663 14459.000000 45040.000000 50564.000000 11225.000000 1861.000000 453.000000 920.000000 30581.000000 5524.000000
901018 30.264874 11.962406 14400.000000 44899.000000 50433.000000 10802.000000 2264.000000 499.000000 835.000000 30499.000000 5534.000000
902018 30.543681 12.081966 14341.000000 44723.000000 50265.000000 10288.000000 2738.000000 531.000000 784.000000 30382.000000 5542.000000
903018 30.970903 12.245591 14210.000000 44481.000000 50067.000000 9667.000000 3210.000000 545.000000 788.000000 30271.000000 5586.000000
904018 31.749504 12.514789 14038.000000 44250.000000 49869.000000 8900.000000 3720.000000 622.000000 796.000000 30212.000000 5619.000000
905018 32.574826 12.794653 13804.000000 43969.000000 49677.000000 8035.000000 4253.000000 648.000000 868.000000 30165.000000 5708.000000
906018 33.202174 12.977578 13562.000000 43663.000000 49416.000000 7128.000000 4702.000000 660.000000 1072.000000 30101.000000 5753.000000
907018 33.977279 13.200447 13335.000000 43399.000000 49165.000000 6166.000000 5125.000000 724.000000 1320.000000 30064.000000 5766.000000
908018 34.315901 13.270142 13090.000000 43112.000000 48952.000000 5219.000000 5560.000000 656.000000 1655.000000 30022.000000 5840.000000
909018 33.439389 12.903358 12974.000000 42987.000000 48871.000000 4702.000000 5798.000000 422.000000 2052.000000 30013.000000 5884.000000
910018 32.961606 12.726564 12877.000000 42818.000000 48772.000000 4741.000000 5455.000000 253.000000 2428.000000 29941.000000 5954.000000
911018 32.894806 12.748792 12971.000000 42880.000000 48836.000000 4951.000000 5010.000000 270.000000 2740.000000 29909.000000 5956.000000
912018 32.894806 12.864172 13156.000000 42982.000000 48981.000000 5301.000000 4525.000000 302.000000 3028.000000 29826.000000 5999.000000
913018 32.857955 12.925585 13284.000000 43128.000000 49197.000000 5674.000000 3980.000000 290.000000 3340.000000 29844.000000 6069.000000
914018 32.109017 12.731533 13529.000000 43406.000000 49507.000000 6384.000000 3375.000000 202.000000 3568.000000 29877.000000 6101.000000
915018 31.458532 12.575715 13866.000000 43793.000000 49858.000000 7173.000000 2676.000000 205.000000 3812.000000 29927.000000 6065.000000
916018 30.904337 12.465672 14207.000000 44188.000000 50250.000000 8025.000000 1968.000000 202.000000 4012.000000 29981.000000 6062.000000
917018 30.125930 12.236112 14557.000000 44627.000000 50637.000000 8913.000000 1700.000000 186.000000 3758.000000 30070.000000 6010.000000
918018 29.463045 12.041659 14896.000000 45100.000000 51081.000000 9904.000000 1640.000000 170.000000 3182.000000 30204.000000 5981.000000
919018 28.889413 11.886144 15258.000000 45592.000000 51539.000000 10881.000000 1580.000000 179.000000 2618.000000 30334.000000 5947.000000
920018 28.310905 11.727731 15642.000000 46114.000000 52022.000000 11909.000000 1554.000000 193.000000 1986.000000 30472.000000 5908.000000
921018 28.231900 11.751363 15953.000000 46578.000000 52462.000000 12704.000000 1539.000000 281.000000 1429.000000 30625.000000 5884.000000
922018 28.510153 11.879908 16043.000000 46721.000000 52593.000000 12771.000000 1724.000000 376.000000 1172.000000 30678.000000 5872.000000
923018 28.988815 12.089251 16014.000000 46635.000000 52526.000000 12423.000000 2020.000000 459.000000 1112.000000 30621.000000 5891.000000
924018 29.413378 12.266651 15924.000000 46496.000000 52443.000000 11951.000000 2377.000000 486.000000 1110.000000 30572.000000 5947.000000
925018 29.979400 12.517202 15858.000000 46333.000000 52320.000000 11416.000000 2853.000000 562.000000 1027.000000 30475.000000 5987.000000
926018 30.379049 12.668365 15742.000000 46170.000000 52193.000000 10813.000000 3378.000000 589.000000 962.000000 30428.000000 6023.000000
927018 31.266995 13.031118 15582.000000 45945.000000 52060.000000 10067.000000 3899.000000 669.000000 947.000000 30363.000000 6115.000000
928018 31.930314 13.254522 15312.000000 45641.000000 51854.000000 9238.000000 4407.000000 660.000000 1007.000000 30329.000000 6213.000000
929018 32.497422 13.426419 15081.000000 45384.000000 51637.000000 8373.000000 4901.000000 680.000000 1127.000000 30303.000000 6253.000000
930018 32.847751 13.514565 14845.000000 45091.000000 51389.000000 7490.000000 5309.000000 647.000000 1399.000000 30246.000000 6298.000000
931018 33.698239 13.824615 14657.000000 44860.000000 51213.000000 6533.000000 5660.000000 727.000000 1737.000000 30203.000000 6353.000000
932018 34.081212 13.927473 14451.000000 44635.000000 51043.000000 5612.000000 6049.000000 701.000000 2089.000000 30184.000000 6408.000000
933018 33.033047 13.453276 14329.000000 44540.000000 50969.000000 5256.000000 6129.000000 428.000000 2516.000000 30211.000000 6429.000000
934018 32.663414 13.274823 14214.000000 44446.000000 50931.000000 5309.000000 5744.000000 276.000000 2885.000000 30232.000000 6485.000000
935018 32.163206 13.060784 14308.000000 44598.000000 51000.000000 5612.000000 5245.000000 259.000000 3192.000000 30290.000000 6402.000000
936018 31.690784 12.886830 14493.000000 44845.000000 51153.000000 6012.000000 4755.000000 284.000000 3442.000000 30352.000000 6308.000000
937018 31.084303 12.699186 14730.000000 45092.000000 51334.000000 6550.000000 4242.000000 277.000000 3661.000000 30362.000000 6242.000000
938018 30.381298 12.483055 15011.000000 45432.000000 51638.000000 7285.000000 3681.000000 240.000000 3805.000000 30421.000000 6206.000000
939018 29.666341 12.258672 15314.000000 45829.000000 52004.000000 8135.000000 2998.000000 200.000000 3981.000000 30515.000000 6175.000000
940018 29.023965 12.069262 15670.000000 46269.000000 52381.000000 9052.000000 2276.000000 210.000000 4132.000000 30599.000000 6112.000000
941018 28.408936 11.875130 15985.000000 46709.000000 52791.000000 9988.000000 2036.000000 187.000000 3774.000000 30724.000000 6082.000000
942018 27.798382 11.692071 16356.000000 47184.000000 53207.000000 10926.000000 1942.000000 198.000000 3290.000000 30828.000000 6023.000000
943018 27.285520 11.561609 16766.000000 47694.000000 53669.000000 11901.000000 1878.000000 230.000000 2757.000000 30928.000000 5975.000000
944018 26.897568 11.460392 17112.000000 48186.000000 54143.000000 12846.000000 1817.000000 248.000000 2201.000000 31074.000000 5957.000000
945018 26.822694 11.483578 17390.000000 48609.000000 54591.000000 13614.000000 1823.000000 287.000000 1666.000000 31219.000000 5982.000000
946018 27.241790 11.701933 17504.000000 48722.000000 54726.000000 13688.000000 1953.000000 400.000000 1463.000000 31218.000000 6004.000000
947018 27.738373 11.941636 17526.000000 48672.000000 54691.000000 13347.000000 2304.000000 512.000000 1363.000000 31146.000000 6019.000000
948018 28.242136 12.182527 17469.000000 48523.000000 54611.000000 12887.000000 2704.000000 565.000000 1313.000000 31054.000000 6088.000000
949018 28.852849 12.458524 17406.000000 48401.000000 54549.000000 12295.000000 3260.000000 648.000000 1203.000000 30995.000000 6148.000000
950018 29.178193 12.594375 17301.000000 48241.000000 54437.000000 11667.000000 3845.000000 660.000000 1129.000000 30940.000000 6196.000000
951018 29.617916 12.766663 17136.000000 48020.000000 54282.000000 10977.000000 4390.000000 668.000000 1101.000000 30884.000000 6262.000000
952018 30.291939 13.019821 16914.000000 47723.000000 54033.000000 10136.000000 4886.000000 725.000000 1167.000000 30809.000000 6310.000000
953018 30.601282 13.122306 16709.000000 47457.000000 53832.000000 9298.000000 5424.000000 689.000000 1298.000000 30748.000000 6375.000000
954018 31.052219 13.285344 16517.000000 47198.000000 53623.000000 8426.000000 5826.000000 699.000000 1566.000000 30681.000000 6425.000000
955018 31.701110 13.514019 16310.000000 46982.000000 53463.000000 7477.000000 6188.000000 744.000000 1901.000000 30672.000000 6481.000000
956018 31.838842 13.529224 16105.000000 46773.000000 53329.000000 6660.000000 6450.000000 659.000000 2336.000000 30668.000000 6556.000000
957018 31.141731 13.197274 16024.000000 46714.000000 53261.000000 6221.000000 6430.000000 482.000000 2891.000000 30690.000000 6547.000000
958018 30.903040 13.080882 15917.000000 46620.000000 53238.000000 6225.000000 6060.000000 346.000000 3286.000000 30703.000000 6618.000000
959018 30.890075 13.101009 16005.000000 46775.000000 53431.000000 6423.000000 5643.000000 344.000000 3595.000000 30770.000000 6656.000000
960018 30.729761 13.053765 16134.000000 47010.000000 53678.000000 6781.000000 5203.000000 339.000000 3811.000000 30876.000000 6668.000000
961018 30.725940 13.055890 16240.000000 47263.000000 53945.000000 7200.000000 4663.000000 361.000000 4016.000000 31023.000000 6682.000000
962018 30.026369 12.790719 16497.000000 47669.000000 54305.000000 8028.000000 4112.000000 310.000000 4047.000000 31172.000000 6636.000000
963018 29.322634 12.562401 16793.000000 48051.000000 54687.000000 8878.000000 3435.000000 234.000000 4246.000000 31258.000000 6636.000000
964018 29.103594 12.499092 17059.000000 48477.000000 55068.000000 9677.000000 2785.000000 292.000000 4305.000000 31418.000000 6591.000000
965018 28.413885 12.260716 17379.000000 48918.000000 55478.000000 10612.000000 2548.000000 242.000000 3977.000000 31539.000000 6560.000000
966018 27.883543 12.083035 17709.000000 49374.000000 55880.000000 11535.000000 2415.000000 246.000000 3513.000000 31665.000000 6506.000000
967018 27.445852 11.933827 18002.000000 49809.000000 56277.000000 12428.000000 2289.000000 248.000000 3037.000000 31807.000000 6468.000000
968018 27.170834 11.840736 18265.000000 50262.000000 56711.000000 13288.000000 2191.000000 266.000000 2520.000000 31997.000000 6449.000000
969018 27.280747 11.916899 18485.000000 50635.000000 57087.000000 13921.000000 2162.000000 351.000000 2051.000000 32150.000000 6452.000000
970018 27.587171 12.070110 18556.000000 50743.000000 57224.000000 13979.000000 2323.000000 426.000000 1828.000000 32187.000000 6481.000000
971018 28.055544 12.289809 18577.000000 50726.000000 57210.000000 13735.000000 2597.000000 547.000000 1698.000000 32149.000000 6484.000000
972018 28.385885 12.429349 18510.000000 50634.000000 57147.000000 13376.000000 2961.000000 590.000000 1583.000000 32124.000000 6513.000000
973018 29.354748 12.847301 18385.000000 50465.000000 57047.000000 12758.000000 3404.000000 747.000000 1476.000000 32080.000000 6582.000000
974018 29.681610 12.995084 18227.000000 50249.000000 56960.000000 12196.000000 3938.000000 691.000000 1402.000000 32022.000000 6711.000000
975018 29.874834 13.075338 18103.000000 50027.000000 56771.000000 11578.000000 4495.000000 679.000000 1351.000000 31924.000000 6744.000000
976018 30.483858 13.319074 17929.000000 49784.000000 56573.000000 10783.000000 5023.000000 746.000000 1377.000000 31855.000000 6789.000000
977018 31.009391 13.519549 17701.000000 49524.000000 56422.000000 9990.000000 5469.000000 730.000000 1512.000000 31823.000000 6898.000000
978018 31.161079 13.556971 17572.000000 49334.000000 56222.000000 9261.000000 5841.000000 734.000000 1736.000000 31762.000000 6888.000000
979018 31.293828 13.602738 17477.000000 49191.000000 56099.000000 8545.000000 6186.000000 723.000000 2023.000000 31714.000000 6908.000000
980018 31.244582 13.528876 17327.000000 49049.000000 55947.000000 7713.000000 6499.000000 671.000000 2444.000000 31722.000000 6898.000000
981018 30.618919 13.225564 17247.000000 49014.000000 55922.000000 7226.000000 6609.000000 488.000000 2924.000000 31767.000000 6908.000000
982018 30.608941 13.182923 17153.000000 48998.000000 55936.000000 7159.000000 6245.000000 436.000000 3313.000000 31845.000000 6938.000000
983018 30.324476 13.073423 17214.000000 49097.000000 56045.000000 7295.000000 5934.000000 379.000000 3606.000000 31883.000000 6948.000000
984018 30.147755 13.027317 17374.000000 49305.000000 56228.000000 7615.000000 5482.000000 402.000000 3875.000000 31931.000000 6923.000000
985018 29.853428 12.935869 17599.000000 49631.000000 56525.000000 8110.000000 5054.000000 418.000000 4017.000000 32032.000000 6894.000000
986018 29.334306 12.740198 17793.000000 49940.000000 56828.000000 8733.000000 4550.000000 352.000000 4158.000000 32147.000000 6888.000000
987018 28.755967 12.532783 18047.000000 50314.000000 57194.000000 9532.000000 3960.000000 288.000000 4267.000000 32267.000000 6880.000000
988018 28.406742 12.416166 18305.000000 50703.000000 57554.000000 10288.000000 3342.000000 295.000000 4380.000000 32398.000000 6851.000000
989018 28.074319 12.307586 18600.000000 51144.000000 57948.000000 11077.000000 3065.000000 328.000000 4130.000000 32544.000000 6804.000000
990018 27.861375 12.248500 18817.000000 51515.000000 58350.000000 11805.000000 2935.000000 312.000000 3765.000000 32698.000000 6835.000000
991018 27.378145 12.051042 19032.000000 51936.000000 58775.000000 12690.000000 2769.000000 244.000000 3329.000000 32904.000000 6839.000000
992018 27.010396 11.928231 19342.000000 52424.000000 59246.000000 13635.000000 2617.000000 245.000000 2845.000000 33082.000000 6822.000000
993018 27.071740 11.990476 19627.000000 52851.000000 59639.000000 14331.000000 2536.000000 363.000000 2397.000000 33224.000000 6788.000000
994018 27.466807 12.178479 19684.000000 52966.000000 59794.000000 14396.000000 2614.000000 454.000000 2220.000000 33282.000000 6828.000000
995018 27.884289 12.368430 19683.000000 52988.000000 59854.000000 14187.000000 2896.000000 537.000000 2063.000000 33305.000000 6866.000000
996018 28.264064 12.537608 19689.000000 52978.000000 59828.000000 13822.000000 3301.000000 651.000000 1915.000000 33289.000000 6850.000000
997018 28.547189 12.670281 19626.000000 52859.000000 59754.000000 13391.000000 3713.000000 676.000000 1846.000000 33233.000000 6895.000000
998018 28.876460 12.808006 19516.000000 52713.000000 59658.000000 12866.000000 4231.000000 696.000000 1723.000000 33197.000000 6945.000000
999018 29.028832 12.856615 19383.000000 52541.000000 59518.000000 12342.000000 4765.000000 675.000000 1601.000000 33158.000000 6977.000000
1000018 29.445186 13.010733 19214.000000 52340.000000 59351.000000 11656.000000 5262.000000 711.000000 1585.000000 33126.000000 7011.000000
1001018 29.623235 13.056565 19101.000000 52172.000000 59135.000000 10929.000000 5720.000000 758.000000 1694.000000 33071.000000 6963.000000
1002018 29.545805 12.979996 18954.000000 52055.000000 59037.000000 10295.000000 6100.000000 681.000000 1878.000000 33101.000000 6982.000000
1003018 30.262852 13.250272 18765.000000 51883.000000 58912.000000 9488.000000 6292.000000 777.000000 2208.000000 33118.000000 7029.000000
1004018 30.504846 13.321208 18548.000000 51688.000000 58831.000000 8622.000000 6566.000000 694.000000 2666.000000 33140.000000 7143.000000
1005018 29.971530 13.061731 18478.000000 51673.000000 58836.000000 8138.000000 6694.000000 522.000000 3124.000000 33195.000000 7163.000000
1006018 29.923622 13.043774 18434.000000 51643.000000 58871.000000 8025.000000 6433.000000 451.000000 3525.000000 33209.000000 7228.000000
1007018 30.011281 13.077823 18477.000000 51763.000000 58993.000000 8092.000000 6140.000000 485.000000 3760.000000 33286.000000 7230.000000
1008018 29.985647 13.059638 18493.000000 51904.000000 59190.000000 8315.000000 5783.000000 444.000000 3951.000000 33411.000000 7286.000000
1009018 29.951020 13.060442 18615.000000 52148.000000 59462.000000 8714.000000 5320.000000 452.000000 4129.000000 33533.000000 7314.000000
1010018 29.544322 12.895833 18795.000000 52481.000000 59779.000000 9256.000000 4937.000000 411.000000 4191.000000 33686.000000 7298.000000
1011018 28.832352 12.628060 19056.000000 52849.000000 60128.000000 10013.000000 4452.000000 314.000000 4277.000000 33793.000000 7279.000000
1012018 28.419310 12.489872 19349.000000 53245.000000 60473.000000 10736.000000 3865.000000 325.000000 4423.000000 33896.000000 7228.000000
1013018 28.182531 12.405484 19588.000000 53645.000000 60836.000000 11447.000000 3517.000000 356.000000 4268.000000 34057.000000 7191.000000
1014018 27.584550 12.184490 19872.000000 54067.000000 61250.000000 12374.000000 3335.000000 280.000000 3883.000000 34195.000000 7183.000000
1015018 27.118644 12.015636 20151.000000 54487.000000 61653.000000 13277.000000 3105.000000 242.000000 3527.000000 34336.000000 7166.000000
1016018 26.987987 11.983691 20428.000000 54926.000000 62051.000000 14060.000000 2893.000000 311.000000 3164.000000 34498.000000 7125.000000
1017018 27.309107 12.132035 20571.000000 55271.000000 62438.000000 14657.000000 2764.000000 408.000000 2742.000000 34700.000000 7167.000000
1018018 27.838459 12.371661 20648.000000 55443.000000 62627.000000 14787.000000 2792.000000 564.000000 2505.000000 34795.000000 7184.000000
1019018 27.882095 12.392487 20626.000000 55440.000000 62667.000000 14681.000000 3051.000000 539.000000 2355.000000 34814.000000 7227.000000
1020018 28.425431 12.642542 20614.000000 55428.000000 62701.000000 14324.000000 3416.000000 654.000000 2220.000000 34814.000000 7273.000000
1021018 28.677131 12.739138 20542.000000 55374.000000 62673.000000 13945.000000 3830.000000 685.000000 2082.000000 34832.000000 7299.000000
1022018 29.051789 12.877820 20398.000000 55247.000000 62596.000000 13446.000000 4304.000000 712.000000 1936.000000 34849.000000 7349.000000
1023018 29.187312 12.913860 20282.000000 55124.000000 62491.000000 12951.000000 4869.000000 703.000000 1759.000000 34842.000000 7367.000000
1024018 29.381855 12.969732 20179.000000 55021.000000 62376.000000 12342.000000 5431.000000 735.000000 1671.000000 34842.000000 7355.000000
1025018 29.819123 13.135954 19987.000000 54814.000000 62249.000000 11550.000000 5915.000000 742.000000 1780.000000 34827.000000 7435.000000
1026018 29.751885 13.083571 19888.000000 54701.000000 62139.000000 10890.000000 6342.000000 692.000000 1964.000000 34813.000000 7438.000000
1027018 29.978997 13.121311 19734.000000 54601.000000 62006.000000 10141.000000 6599.000000 731.000000 2263.000000 34867.000000 7405.000000
1028018 30.117360 13.142377 19591.000000 54479.000000 61899.000000 9288.000000 6838.000000 715.000000 2750.000000 34888.000000 7420.000000
1029018 29.807406 12.958862 19462.000000 54431.000000 61865.000000 8691.000000 7003.000000 583.000000 3185.000000 34969.000000 7434.000000
1030018 29.890961 12.977445 19347.000000 54368.000000 61892.000000 8514.000000 6756.000000 508.000000 3569.000000 35021.000000 7524.000000
1031018 29.827240 12.924929 19331.000000 54454.000000 61981.000000 8497.000000 6494.000000 484.000000 3856.000000 35123.000000 7527.000000
1032018 29.613112 12.828645 19409.000000 54613.000000 62111.000000 8727.000000 6087.000000 470.000000 4125.000000 35204.000000 7498.000000
1033018 29.392877 12.770393 19602.000000 54870.000000 62363.000000 9168.000000 5639.000000 471.000000 4324.000000 35268.000000 7493.000000
1034018 29.181038 12.695347 19754.000000 55145.000000 62645.000000 9637.000000 5216.000000 453.000000 4448.000000 35391.000000 7500.000000
1035018 28.909038 12.602988 19947.000000 55478.000000 62993.000000 10249.000000 4735.000000 424.000000 4539.000000 35531.000000 7515.000000
1036018 28.415162 12.424233 20180.000000 55832.000000 63352.000000 10991.000000 4174.000000 351.000000 4664.000000 35652.000000 7520.000000
1037018 28.112694 12.312444 20424.000000 56271.000000 63781.000000 11786.000000 3849.000000 343.000000 4446.000000 35847.000000 7510.000000
1038018 27.618675 12.113515 20680.000000 56704.000000 64168.000000 12688.000000 3591.000000 309.000000 4092.000000 36024.000000 7464.000000
1039018 27.108137 11.918663 20954.000000 57135.000000 64571.000000 13622.000000 3339.000000 260.000000 3733.000000 36181.000000 7436.000000
1040018 26.709267 11.770046 21293.000000 57642.000000 64987.000000 14536.000000 3099.000000 304.000000 3354.000000 36349.000000 7345.000000
1041018 26.797838 11.838883 21578.000000 58054.000000 65344.000000 15258.000000 2951.000000 446.000000 2923.000000 36476.000000 7290.000000
1042018 27.026748 11.957301 21664.000000 58227.000000 65575.000000 15509.000000 2956.000000 493.000000 2706.000000 36563.000000 7348.000000
1043018 27.463283 12.135338 21617.000000 58254.000000 65643.000000 15403.000000 3054.000000 577.000000 2583.000000 36637.000000 7389.000000
1044018 27.947628 12.329122 21531.000000 58201.000000 65617.000000 14995.000000 3457.000000 674.000000 2405.000000 36670.000000 7416.000000
1045018 28.201494 12.429904 21456.000000 58156.000000 65624.000000 14651.000000 3870.000000 689.000000 2246.000000 36700.000000 7468.000000
1046018 28.501024 12.528606 21301.000000 58034.000000 65546.000000 14159.000000 4356.000000 700.000000 2086.000000 36733.000000 7512.000000
1047018 28.798888 12.644433 21201.000000 57951.000000 65515.000000 13662.000000 4934.000000 720.000000 1885.000000 36750.000000 7564.000000
1048018 29.329892 12.850374 21056.000000 57819.000000 65430.000000 13005.000000 5514.000000 797.000000 1740.000000 36763.000000 7611.000000
1049018 29.638073 12.942402 20827.000000 57610.000000 65297.000000 12192.000000 6095.000000 764.000000 1776.000000 36783.000000 7687.000000
1050018 29.858838 13.006410 20710.000000 57517.000000 65214.000000 11505.000000 6489.000000 785.000000 1931.000000 36807.000000 7697.000000
1051018 30.225659 13.144437 20543.000000 57341.000000 65115.000000 10690.000000 6838.000000 785.000000 2230.000000 36798.000000 7774.000000
1052018 30.674325 13.303197 20350.000000 57181.000000 65037.000000 9779.000000 7033.000000 796.000000 2742.000000 36831.000000 7856.000000
1053018 30.340711 13.135228 20241.000000 57110.000000 65016.000000 9093.000000 7302.000000 634.000000 3212.000000 36869.000000 7906.000000
1054018 30.182829 13.035046 20109.000000 57021.000000 64971.000000 8839.000000 7092.000000 519.000000 3659.000000 36912.000000 7950.000000
1055018 30.074813 12.975914 20112.000000 57101.000000 65059.000000 8893.000000 6778.000000 484.000000 3957.000000 36989.000000 7958.000000
1056018 30.341515 13.079282 20136.000000 57236.000000 65210.000000 8924.000000 6367.000000 555.000000 4290.000000 37100.000000 7974.000000
1057018 30.029392 12.948344 20214.000000 57466.000000 65491.000000 9369.000000 5948.000000 455.000000 4442.000000 37252.000000 8025.000000
1058018 29.895598 12.894393 20373.000000 57755.000000 65734.000000 9827.000000 5482.000000 497.000000 4567.000000 37382.000000 7979.000000
1059018 29.626250 12.783549 20509.000000 58052.000000 66038.000000 10366.000000 4990.000000 456.000000 4697.000000 37543.000000 7986.000000
1060018 29.059173 12.545213 20663.000000 58370.000000 66352.000000 11089.000000 4316.000000 342.000000 4916.000000 37707.000000 7982.000000
1061018 28.760388 12.438601 20941.000000 58837.000000 66776.000000 11915.000000 3968.000000 367.000000 4691.000000 37896.000000 7939.000000
1062018 28.163405 12.210514 21238.000000 59296.000000 67188.000000 12868.000000 3679.000000 312.000000 4379.000000 38058.000000 7892.000000
1063018 27.768313 12.052647 21466.000000 59736.000000 67620.000000 13772.000000 3450.000000 266.000000 3978.000000 38270.000000 7884.000000
1064018 27.534321 11.964092 21748.000000 60236.000000 68062.000000 14702.000000 3160.000000 317.000000 3569.000000 38488.000000 7826.000000
1065018 27.474632 11.936181 21984.000000 60728.000000 68506.000000 15553.000000 2999.000000 399.000000 3033.000000 38744.000000 7778.000000
1066018 27.754145 12.053416 22081.000000 60970.000000 68744.000000 15766.000000 2997.000000 512.000000 2806.000000 38889.000000 7774.000000
1067018 27.940635 12.121036 22085.000000 61042.000000 68806.000000 15744.000000 3148.000000 576.000000 2617.000000 38957.000000 7764.000000
1068018 28.460842 12.341427 21999.000000 60975.000000 68817.000000 15386.000000 3481.000000 651.000000 2481.000000 38976.000000 7842.000000
1069018 28.693725 12.422423 21935.000000 60951.000000 68803.000000 15056.000000 3874.000000 695.000000 2310.000000 39016.000000 7852.000000
1070018 28.782524 12.441438 21897.000000 60918.000000 68730.000000 14673.000000 4373.000000 739.000000 2112.000000 39021.000000 7812.000000
1071018 28.911553 12.462696 21769.000000 60851.000000 68693.000000 14176.000000 4982.000000 719.000000 1892.000000 39082.000000 7842.000000
1072018 29.359201 12.604662 21613.000000 60735.000000 68554.000000 13458.000000 5560.000000 822.000000 1773.000000 39122.000000 7819.000000
1073018 29.813368 12.770186 21422.000000 60538.000000 68425.000000 12627.000000 6122.000000 851.000000 1822.000000 39116.000000 7887.000000
1074018 29.733434 12.701991 21261.000000 60395.000000 68320.000000 11928.000000 6604.000000 753.000000 1976.000000 39134.000000 7925.000000
1075018 29.825044 12.719703 21166.000000 60290.000000 68217.000000 11110.000000 7023.000000 750.000000 2283.000000 39124.000000 7927.000000
1076018 30.206210 12.847069 21032.000000 60151.000000 68070.000000 10156.000000 7316.000000 826.000000 2734.000000 39119.000000 7919.000000
1077018 29.772208 12.642411 20942.000000 60081.000000 68025.000000 9481.000000 7580.000000 656.000000 3225.000000 39139.000000 7944.000000
1078018 30.067380 12.729198 20683.000000 59900.000000 68009.000000 9142.000000 7316.000000 548.000000 3677.000000 39217.000000 8109.000000
1079018 30.023247 12.708927 20667.000000 59932.000000 68086.000000 9130.000000 7050.000000 499.000000 3988.000000 39265.000000 8154.000000
1080018 30.265481 12.819235 20734.000000 60053.000000 68210.000000 9243.000000 6608.000000 587.000000 4296.000000 39319.000000 8157.000000
1081018 30.124138 12.768010 20800.000000 60221.000000 68421.000000 9534.000000 6147.000000 536.000000 4583.000000 39421.000000 8200.000000
1082018 29.965037 12.723780 20930.000000 60462.000000 68706.000000 9998.000000 5684.000000 498.000000 4750.000000 39532.000000 8244.000000
1083018 29.514576 12.530253 21052.000000 60759.000000 69001.000000 10657.000000 5090.000000 404.000000 4901.000000 39707.000000 8242.000000
1084018 29.061684 12.357072 21287.000000 61151.000000 69353.000000 11442.000000 4399.000000 368.000000 5078.000000 39864.000000 8202.000000
1085018 28.824520 12.270766 21546.000000 61599.000000 69743.000000 12221.000000 4018.000000 414.000000 4893.000000 40053.000000 8144.000000
1086018 28.221064 12.033053 21820.000000 62082.000000 70190.000000 13255.000000 3772.000000 338.000000 4455.000000 40262.000000 8108.000000
1087018 27.908675 11.908808 22021.000000 62507.000000 70620.000000 14173.000000 3513.000000 297.000000 4038.000000 40486.000000 8113.000000
1088018 27.357404 11.694853 22379.000000 63070.000000 71074.000000 15167.000000 3270.000000 308.000000 3634.000000 40691.000000 8004.000000
1089018 27.367251 11.698604 22614.000000 63577.000000 71547.000000 15961.000000 3100.000000 400.000000 3153.000000 40963.000000 7970.000000
1090018 27.720994 11.833668 22661.000000 63774.000000 71736.000000 16152.000000 3089.000000 527.000000 2893.000000 41113.000000 7962.000000
1091018 28.064790 11.968526 22679.000000 63862.000000 71805.000000 16017.000000 3302.000000 651.000000 2709.000000 41183.000000 7943.000000
1092018 28.399908 12.093561 22606.000000 63821.000000 71782.000000 15701.000000 3651.000000 720.000000 2534.000000 41215.000000 7961.000000
1093018 28.596227 12.162878 22532.000000 63784.000000 71784.000000 15404.000000 4070.000000 731.000000 2327.000000 41252.000000 8000.000000
1094018 28.852513 12.273689 22489.000000 63748.000000 71804.000000 14961.000000 4662.000000 757.000000 2109.000000 41259.000000 8056.000000
1095018 29.322273 12.463590 22352.000000 63606.000000 71753.000000 14449.000000 5120.000000 796.000000 1987.000000 41254.000000 8147.000000
1096018 29.828553 12.628244 22114.000000 63425.000000 71641.000000 13630.000000 5746.000000 831.000000 1907.000000 41311.000000 8216.000000
1097018 30.031748 12.697858 21968.000000 63246.000000 71516.000000 12871.000000 6343.000000 811.000000 1943.000000 41278.000000 8270.000000
1098018 30.277547 12.757346 21801.000000 63118.000000 71402.000000 12050.000000 6798.000000 825.000000 2128.000000 41317.000000 8284.000000
1099018 30.479395 12.831157 21642.000000 62928.000000 71303.000000 11241.000000 7154.000000 774.000000 2473.000000 41286.000000 8375.000000
1100018 30.741187 12.902728 21484.000000 62819.000000 71233.000000 10362.000000 7445.000000 777.000000 2900.000000 41335.000000 8414.000000
1101018 30.596213 12.802360 21316.000000 62718.000000 71190.000000 9743.000000 7580.000000 642.000000 3351.000000 41402.000000 8472.000000
765172 0.580431 0.122500 8442.000000 40000.000000 40000.000000 2075.000000 2821.000000 49.000000 3497.000000 31558.000000 0.000000
766172 0.533618 0.111768 8406.000000 40235.000000 40262.000000 2609.000000 2193.000000 18.000000 3586.000000 31829.000000 27.000000
767172 0.658281 0.137843 8468.000000 40587.000000 40626.000000 3333.000000 1586.000000 17.000000 3532.000000 32119.000000 39.000000
768172 0.697999 0.146142 8547.000000 41007.000000 41056.000000 4206.000000 1128.000000 11.000000 3202.000000 32460.000000 49.000000
769172 0.956772 0.200111 8616.000000 41418.000000 41477.000000 5022.000000 793.000000 24.000000 2777.000000 32802.000000 59.000000
770172 1.410550 0.293766 8635.000000 41785.000000 41870.000000 5747.000000 510.000000 38.000000 2340.000000 33150.000000 85.000000
771172 1.810728 0.376688 8655.000000 42084.000000 42210.000000 6371.000000 331.000000 33.000000 1920.000000 33429.000000 126.000000
772172 2.703314 0.561732 8671.000000 42377.000000 42547.000000 6925.000000 219.000000 69.000000 1458.000000 33706.000000 170.000000
773172 4.125226 0.853322 8595.000000 42521.000000 42774.000000 7181.000000 224.000000 112.000000 1078.000000 33926.000000 253.000000
774172 5.946616 1.229136 8495.000000 42573.000000 42957.000000 7297.000000 285.000000 144.000000 769.000000 34078.000000 384.000000
775172 8.172646 1.690239 8371.000000 42581.000000 43130.000000 7298.000000 408.000000 180.000000 485.000000 34210.000000 549.000000
776172 11.145927 2.303369 8183.000000 42488.000000 43241.000000 7038.000000 613.000000 243.000000 289.000000 34305.000000 753.000000
777172 14.525140 3.000439 7937.000000 42314.000000 43327.000000 6700.000000 801.000000 287.000000 149.000000 34377.000000 1013.000000
778172 18.857398 3.897062 7631.000000 42035.000000 43366.000000 6076.000000 1092.000000 359.000000 104.000000 34404.000000 1331.000000
779172 24.371157 5.026052 7225.000000 41654.000000 43374.000000 5223.000000 1445.000000 460.000000 97.000000 34429.000000 1720.000000
780172 29.226297 6.025263 6760.000000 41200.000000 43384.000000 4408.000000 1792.000000 430.000000 130.000000 34440.000000 2184.000000
781172 33.933363 6.994699 6340.000000 40786.000000 43390.000000 3615.000000 2092.000000 431.000000 202.000000 34446.000000 2604.000000
782172 37.655080 7.762673 5946.000000 40399.000000 43400.000000 2893.000000 2412.000000 368.000000 273.000000 34453.000000 3001.000000
783172 40.918744 8.433541 5642.000000 40105.000000 43410.000000 2226.000000 2623.000000 356.000000 437.000000 34463.000000 3305.000000
784172 43.007149 8.865452 5368.000000 39843.000000 43427.000000 1726.000000 2750.000000 266.000000 626.000000 34475.000000 3584.000000
785172 45.308311 9.333364 5145.000000 39650.000000 43457.000000 1335.000000 2770.000000 249.000000 791.000000 34505.000000 3807.000000
786172 46.621999 9.599025 5000.000000 39539.000000 43494.000000 1027.000000 2702.000000 220.000000 1051.000000 34539.000000 3955.000000
787172 47.359017 9.740469 4874.000000 39459.000000 43540.000000 843.000000 2491.000000 160.000000 1380.000000 34585.000000 4081.000000
788172 47.528178 9.760066 4821.000000 39497.000000 43637.000000 868.000000 2250.000000 119.000000 1584.000000 34676.000000 4140.000000
789172 47.045075 9.661935 4822.000000 39586.000000 43749.000000 1063.000000 1924.000000 64.000000 1771.000000 34764.000000 4163.000000
790172 46.141941 9.515125 4878.000000 39699.000000 43867.000000 1398.000000 1519.000000 6.000000 1955.000000 34821.000000 4168.000000
791172 45.126472 9.394008 5054.000000 39942.000000 44060.000000 1914.000000 1147.000000 21.000000 1972.000000 34888.000000 4118.000000
792172 44.183542 9.260848 5193.000000 40203.000000 44294.000000 2504.000000 857.000000 11.000000 1821.000000 35010.000000 4091.000000
793172 43.332980 9.174621 5356.000000 40454.000000 44525.000000 3072.000000 604.000000 14.000000 1666.000000 35098.000000 4071.000000
794172 42.482773 9.094160 5526.000000 40691.000000 44743.000000 3637.000000 384.000000 17.000000 1488.000000 35165.000000 4052.000000
795172 41.465915 8.995086 5734.000000 40948.000000 44969.000000 4227.000000 222.000000 24.000000 1261.000000 35214.000000 4021.000000
796172 40.226090 8.907448 6012.000000 41158.000000 45142.000000 4800.000000 136.000000 37.000000 1039.000000 35146.000000 3984.000000
797172 38.875329 8.796889 6307.000000 41330.000000 45266.000000 5349.000000 112.000000 46.000000 800.000000 35023.000000 3936.000000
798172 36.586742 8.587129 6793.000000 41470.000000 45312.000000 6022.000000 142.000000 49.000000 580.000000 34677.000000 3842.000000
799172 34.900788 8.497496 7301.000000 41595.000000 45331.000000 6621.000000 196.000000 116.000000 368.000000 34294.000000 3736.000000
800172 33.458910 8.434560 7744.000000 41608.000000 45278.000000 7105.000000 279.000000 149.000000 211.000000 33864.000000 3670.000000
801172 31.662291 8.286607 8236.000000 41548.000000 45121.000000 7571.000000 404.000000 166.000000 95.000000 33312.000000 3573.000000
802172 30.836673 8.232278 8527.000000 41411.000000 44860.000000 7660.000000 575.000000 244.000000 48.000000 32884.000000 3449.000000
803172 29.895033 8.133756 8786.000000 41156.000000 44469.000000 7632.000000 799.000000 304.000000 51.000000 32370.000000 3313.000000
804172 28.978681 7.957614 8892.000000 40861.000000 44071.000000 7478.000000 1052.000000 297.000000 65.000000 31969.000000 3210.000000
805172 28.652435 7.867381 8895.000000 40577.000000 43674.000000 7150.000000 1309.000000 339.000000 97.000000 31682.000000 3097.000000
806172 28.173869 7.740639 8891.000000 40288.000000 43291.000000 6792.000000 1615.000000 348.000000 136.000000 31397.000000 3003.000000
807172 28.781067 7.888496 8787.000000 40010.000000 43012.000000 6281.000000 1913.000000 391.000000 202.000000 31223.000000 3002.000000
808172 29.273705 8.014206 8677.000000 39759.000000 42799.000000 5776.000000 2217.000000 390.000000 294.000000 31082.000000 3040.000000
809172 30.658065 8.360506 8513.000000 39517.000000 42629.000000 5067.000000 2582.000000 452.000000 412.000000 31004.000000 3112.000000
810172 31.800932 8.669379 8348.000000 39283.000000 42529.000000 4382.000000 2942.000000 441.000000 583.000000 30935.000000 3246.000000
811172 32.469328 8.850058 8222.000000 39111.000000 42463.000000 3725.000000 3296.000000 406.000000 795.000000 30889.000000 3352.000000
812172 33.002160 8.997127 8158.000000 39041.000000 42458.000000 3118.000000 3616.000000 403.000000 1021.000000 30883.000000 3417.000000
813172 32.539751 8.904883 8149.000000 39030.000000 42516.000000 2748.000000 3853.000000 300.000000 1248.000000 30881.000000 3486.000000
814172 34.761864 9.572072 7949.000000 38836.000000 42624.000000 2495.000000 3703.000000 292.000000 1459.000000 30887.000000 3788.000000
815172 36.112742 10.055357 7817.000000 38709.000000 42813.000000 2495.000000 3469.000000 201.000000 1652.000000 30892.000000 4104.000000
816172 37.012612 10.432883 7824.000000 38730.000000 43037.000000 2661.000000 3136.000000 183.000000 1844.000000 30906.000000 4307.000000
817172 37.451550 10.710080 7881.000000 38802.000000 43305.000000 2966.000000 2669.000000 135.000000 2111.000000 30921.000000 4503.000000
818172 37.333123 10.839698 8033.000000 38973.000000 43599.000000 3411.000000 2150.000000 100.000000 2372.000000 30940.000000 4626.000000
819172 36.892455 10.888722 8275.000000 39230.000000 43917.000000 3965.000000 1596.000000 95.000000 2619.000000 30955.000000 4687.000000
820172 36.139398 10.829566 8529.000000 39512.000000 44240.000000 4602.000000 1056.000000 63.000000 2808.000000 30983.000000 4728.000000
821172 35.632523 10.824453 8795.000000 39829.000000 44575.000000 5234.000000 830.000000 79.000000 2652.000000 31034.000000 4746.000000
822172 34.685365 10.718492 9154.000000 40246.000000 44997.000000 6117.000000 688.000000 72.000000 2277.000000 31092.000000 4751.000000
823172 33.701541 10.553218 9511.000000 40687.000000 45389.000000 6987.000000 596.000000 88.000000 1840.000000 31176.000000 4702.000000
824172 32.791646 10.372963 9826.000000 41080.000000 45715.000000 7831.000000 557.000000 107.000000 1331.000000 31254.000000 4635.000000
825172 32.193283 10.221313 10054.000000 41417.000000 45953.000000 8481.000000 558.000000 161.000000 854.000000 31363.000000 4536.000000
826172 32.573514 10.297832 10003.000000 41414.000000 45932.000000 8527.000000 611.000000 212.000000 653.000000 31411.000000 4518.000000
827172 32.793944 10.307793 9931.000000 41342.000000 45810.000000 8417.000000 731.000000 254.000000 529.000000 31411.000000 4468.000000
828172 33.366100 10.410095 9804.000000 41210.000000 45648.000000 8127.000000 936.000000 314.000000 427.000000 31406.000000 4438.000000
829172 33.830104 10.485450 9618.000000 40990.000000 45463.000000 7763.000000 1183.000000 294.000000 378.000000 31372.000000 4473.000000
830172 34.820786 10.695495 9442.000000 40782.000000 45234.000000 7291.000000 1422.000000 386.000000 343.000000 31340.000000 4452.000000
831172 35.756958 10.897948 9201.000000 40511.000000 45036.000000 6753.000000 1745.000000 383.000000 320.000000 31310.000000 4525.000000
832172 36.482205 11.045915 9038.000000 40289.000000 44822.000000 6198.000000 2099.000000 418.000000 323.000000 31251.000000 4533.000000
833172 38.272524 11.520273 8837.000000 40024.000000 44617.000000 5381.000000 2516.000000 547.000000 393.000000 31187.000000 4593.000000
834172 39.467567 11.842934 8634.000000 39739.000000 44440.000000 4581.000000 3012.000000 562.000000 479.000000 31105.000000 4701.000000
835172 40.580038 12.159447 8446.000000 39474.000000 44303.000000 3753.000000 3486.000000 558.000000 649.000000 31028.000000 4829.000000
836172 41.305168 12.381835 8285.000000 39248.000000 44218.000000 2970.000000 3942.000000 505.000000 868.000000 30963.000000 4970.000000
837172 39.914357 12.027982 8265.000000 39126.000000 44172.000000 2671.000000 4230.000000 267.000000 1097.000000 30861.000000 5046.000000
838172 39.035317 11.876959 8350.000000 38975.000000 44018.000000 2802.000000 4044.000000 185.000000 1319.000000 30625.000000 5043.000000
839172 38.017817 11.674456 8518.000000 38913.000000 43865.000000 3000.000000 3763.000000 169.000000 1586.000000 30395.000000 4952.000000
840172 37.213404 11.543459 8695.000000 38956.000000 43869.000000 3289.000000 3409.000000 151.000000 1846.000000 30261.000000 4913.000000
841172 35.799074 11.258821 8974.000000 39088.000000 43930.000000 3780.000000 2912.000000 104.000000 2178.000000 30114.000000 4842.000000
842172 34.774583 11.112876 9289.000000 39279.000000 44075.000000 4315.000000 2311.000000 102.000000 2561.000000 29990.000000 4796.000000
843172 34.070827 11.051931 9580.000000 39516.000000 44309.000000 4872.000000 1694.000000 104.000000 2910.000000 29936.000000 4793.000000
844172 33.175066 10.963418 9955.000000 39824.000000 44612.000000 5565.000000 1100.000000 103.000000 3187.000000 29869.000000 4788.000000
845172 32.517321 10.955980 10351.000000 40176.000000 44980.000000 6364.000000 851.000000 124.000000 3012.000000 29825.000000 4804.000000
846172 31.410502 10.821577 10843.000000 40626.000000 45437.000000 7415.000000 797.000000 106.000000 2525.000000 29783.000000 4811.000000
847172 30.379353 10.640847 11296.000000 41124.000000 45908.000000 8457.000000 744.000000 101.000000 1994.000000 29828.000000 4784.000000
848172 29.809918 10.554357 11683.000000 41629.000000 46360.000000 9407.000000 704.000000 162.000000 1410.000000 29946.000000 4731.000000
849172 29.742543 10.607650 11946.000000 42004.000000 46721.000000 10061.000000 801.000000 239.000000 845.000000 30058.000000 4717.000000
850172 29.743620 10.636206 12027.000000 42087.000000 46793.000000 10144.000000 1011.000000 271.000000 601.000000 30060.000000 4706.000000
851172 29.956185 10.687366 11948.000000 41987.000000 46700.000000 9889.000000 1218.000000 278.000000 563.000000 30039.000000 4713.000000
852172 30.489350 10.850799 11867.000000 41862.000000 46568.000000 9529.000000 1474.000000 347.000000 517.000000 29995.000000 4706.000000
853172 30.944428 10.978711 11766.000000 41709.000000 46408.000000 9123.000000 1787.000000 396.000000 460.000000 29943.000000 4699.000000
854172 31.245019 11.032945 11648.000000 41533.000000 46198.000000 8627.000000 2132.000000 432.000000 457.000000 29885.000000 4665.000000
855172 31.969753 11.222070 11466.000000 41295.000000 45963.000000 7987.000000 2521.000000 490.000000 468.000000 29829.000000 4668.000000
856172 32.752591 11.456718 11289.000000 41056.000000 45781.000000 7267.000000 3006.000000 520.000000 496.000000 29767.000000 4725.000000
857172 33.995334 11.830009 11111.000000 40829.000000 45579.000000 6320.000000 3502.000000 642.000000 647.000000 29718.000000 4750.000000
858172 34.744843 11.997177 10870.000000 40557.000000 45344.000000 5310.000000 4029.000000 653.000000 878.000000 29687.000000 4787.000000
859172 35.617499 12.230790 10669.000000 40303.000000 45132.000000 4294.000000 4607.000000 691.000000 1077.000000 29634.000000 4829.000000
860172 35.918474 12.270867 10447.000000 40042.000000 44952.000000 3374.000000 5091.000000 606.000000 1376.000000 29595.000000 4910.000000
861172 34.910352 11.890169 10295.000000 39882.000000 44869.000000 2915.000000 5332.000000 348.000000 1700.000000 29587.000000 4987.000000
862172 34.335609 11.667596 10172.000000 39765.000000 44825.000000 3060.000000 5046.000000 170.000000 1896.000000 29593.000000 5060.000000
863172 34.009024 11.584035 10269.000000 39874.000000 44898.000000 3375.000000 4597.000000 177.000000 2120.000000 29605.000000 5024.000000
864172 33.993873 11.595073 10286.000000 39921.000000 44976.000000 3584.000000 4064.000000 160.000000 2478.000000 29635.000000 5055.000000
865172 33.419388 11.472758 10448.000000 40087.000000 45133.000000 4051.000000 3375.000000 132.000000 2890.000000 29639.000000 5046.000000
866172 33.088985 11.433921 10629.000000 40341.000000 45400.000000 4639.000000 2593.000000 132.000000 3265.000000 29712.000000 5059.000000
867172 32.659233 11.361694 10816.000000 40570.000000 45627.000000 5171.000000 1829.000000 127.000000 3689.000000 29754.000000 5057.000000
868172 32.053588 11.242604 11072.000000 40917.000000 45968.000000 5900.000000 1157.000000 117.000000 3898.000000 29845.000000 5051.000000
869172 31.141847 11.026969 11415.000000 41353.000000 46350.000000 6844.000000 908.000000 114.000000 3549.000000 29938.000000 4997.000000
870172 29.891369 10.699026 11853.000000 41907.000000 46808.000000 7972.000000 890.000000 107.000000 2884.000000 30054.000000 4901.000000
871172 28.987290 10.463887 12249.000000 42472.000000 47296.000000 9121.000000 855.000000 125.000000 2148.000000 30223.000000 4824.000000
872172 28.403255 10.311741 12558.000000 42961.000000 47732.000000 10099.000000 833.000000 151.000000 1475.000000 30403.000000 4771.000000
873172 28.132441 10.317295 12925.000000 43381.000000 48094.000000 10917.000000 896.000000 249.000000 863.000000 30456.000000 4713.000000
874172 28.548115 10.531888 13041.000000 43439.000000 48168.000000 11031.000000 1056.000000 344.000000 610.000000 30398.000000 4729.000000
875172 28.565818 10.593670 13056.000000 43291.000000 48057.000000 10852.000000 1285.000000 325.000000 594.000000 30235.000000 4766.000000
876172 29.099904 10.800209 12968.000000 43106.000000 47925.000000 10499.000000 1523.000000 357.000000 589.000000 30138.000000 4819.000000
877172 29.747406 11.035348 12876.000000 42950.000000 47810.000000 10045.000000 1849.000000 416.000000 566.000000 30074.000000 4860.000000
878172 30.235055 11.226738 12781.000000 42746.000000 47663.000000 9573.000000 2217.000000 434.000000 557.000000 29965.000000 4917.000000
879172 30.830354 11.447599 12694.000000 42526.000000 47451.000000 8974.000000 2671.000000 507.000000 542.000000 29832.000000 4925.000000
880172 32.005251 11.860642 12522.000000 42277.000000 47274.000000 8172.000000 3180.000000 610.000000 560.000000 29755.000000 4997.000000
881172 33.262481 12.301874 12332.000000 41991.000000 47066.000000 7221.000000 3721.000000 715.000000 675.000000 29659.000000 5075.000000
882172 34.095766 12.593604 12089.000000 41649.000000 46873.000000 6200.000000 4323.000000 679.000000 887.000000 29560.000000 5224.000000
883172 35.189932 12.941655 11823.000000 41330.000000 46671.000000 5153.000000 4865.000000 699.000000 1106.000000 29507.000000 5341.000000
884172 35.555295 13.022155 11583.000000 41046.000000 46490.000000 4156.000000 5428.000000 610.000000 1389.000000 29463.000000 5444.000000
885172 34.744060 12.678760 11442.000000 40885.000000 46361.000000 3581.000000 5715.000000 402.000000 1744.000000 29443.000000 5476.000000
886172 34.290111 12.506476 11318.000000 40749.000000 46328.000000 3638.000000 5461.000000 215.000000 2004.000000 29431.000000 5579.000000
887172 33.900801 12.404621 11411.000000 40829.000000 46394.000000 3911.000000 5021.000000 190.000000 2289.000000 29418.000000 5565.000000
888172 33.526248 12.327766 11540.000000 40955.000000 46521.000000 4253.000000 4460.000000 169.000000 2658.000000 29415.000000 5566.000000
889172 33.246558 12.308582 11721.000000 41126.000000 46691.000000 4680.000000 3768.000000 182.000000 3091.000000 29405.000000 5565.000000
890172 32.738912 12.206193 11944.000000 41375.000000 46927.000000 5239.000000 3024.000000 176.000000 3505.000000 29431.000000 5552.000000
891172 32.133995 12.072801 12197.000000 41662.000000 47197.000000 5847.000000 2327.000000 163.000000 3860.000000 29465.000000 5535.000000
892172 31.559949 11.953641 12493.000000 42028.000000 47542.000000 6596.000000 1610.000000 169.000000 4118.000000 29535.000000 5514.000000
893172 30.861975 11.792787 12843.000000 42483.000000 47970.000000 7513.000000 1330.000000 170.000000 3830.000000 29640.000000 5487.000000
894172 29.873540 11.504333 13222.000000 43020.000000 48460.000000 8617.000000 1289.000000 135.000000 3181.000000 29798.000000 5440.000000
895172 28.985507 11.267146 13660.000000 43608.000000 48992.000000 9829.000000 1247.000000 136.000000 2448.000000 29948.000000 5384.000000
896172 28.251980 11.041877 14001.000000 44112.000000 49430.000000 10834.000000 1232.000000 140.000000 1795.000000 30111.000000 5318.000000
897172 28.051512 11.052062 14395.000000 44613.000000 49864.000000 11698.000000 1278.000000 260.000000 1159.000000 30218.000000 5251.000000
898172 28.203832 11.156215 14535.000000 44762.000000 50008.000000 11933.000000 1389.000000 333.000000 880.000000 30227.000000 5246.000000
899172 28.431174 11.255359 14504.000000 44658.000000 49914.000000 11680.000000 1605.000000 362.000000 857.000000 30154.000000 5256.000000
900172 28.583008 11.333869 14484.000000 44525.000000 49780.000000 11376.000000 1857.000000 387.000000 864.000000 30041.000000 5255.000000
901172 29.053711 11.524830 14448.000000 44408.000000 49658.000000 10921.000000 2194.000000 473.000000 860.000000 29960.000000 5250.000000
902172 29.596984 11.727535 14314.000000 44220.000000 49533.000000 10387.000000 2592.000000 496.000000 839.000000 29906.000000 5313.000000
903172 30.257698 11.968306 14186.000000 44014.000000 49347.000000 9728.000000 3082.000000 573.000000 803.000000 29828.000000 5333.000000
904172 31.205857 12.310101 13984.000000 43758.000000 49171.000000 8960.000000 3593.000000 640.000000 791.000000 29774.000000 5413.000000
905172 32.115574 12.628482 13772.000000 43466.000000 48937.000000 8062.000000 4096.000000 709.000000 905.000000 29694.000000 5471.000000
906172 33.081523 12.946539 13507.000000 43153.000000 48708.000000 7038.000000 4671.000000 751.000000 1047.000000 29646.000000 5555.000000
907172 33.621375 13.078446 13199.000000 42828.000000 48492.000000 6089.000000 5153.000000 678.000000 1279.000000 29629.000000 5664.000000
908172 34.348199 13.274501 12964.000000 42581.000000 48273.000000 5019.000000 5594.000000 716.000000 1635.000000 29617.000000 5692.000000
909172 33.523645 12.919028 12817.000000 42428.000000 48177.000000 4403.000000 5976.000000 475.000000 1963.000000 29611.000000 5749.000000
910172 32.764009 12.634269 12702.000000 42273.000000 48131.000000 4519.000000 5685.000000 223.000000 2275.000000 29571.000000 5858.000000
911172 32.588734 12.598082 12802.000000 42353.000000 48174.000000 4704.000000 5240.000000 248.000000 2610.000000 29551.000000 5821.000000
912172 32.326735 12.546332 12928.000000 42478.000000 48293.000000 5001.000000 4750.000000 244.000000 2933.000000 29550.000000 5815.000000
913172 31.761355 12.412897 13150.000000 42699.000000 48506.000000 5529.000000 4131.000000 214.000000 3276.000000 29549.000000 5807.000000
914172 31.489695 12.377964 13355.000000 42946.000000 48756.000000 6035.000000 3443.000000 225.000000 3652.000000 29591.000000 5810.000000
915172 30.864642 12.228294 13648.000000 43260.000000 49042.000000 6726.000000 2761.000000 215.000000 3946.000000 29612.000000 5782.000000
916172 30.505561 12.203705 13978.000000 43642.000000 49444.000000 7541.000000 2041.000000 232.000000 4164.000000 29664.000000 5802.000000
917172 29.922866 12.060493 14273.000000 44035.000000 49857.000000 8399.000000 1714.000000 191.000000 3969.000000 29762.000000 5822.000000
918172 29.122756 11.851014 14696.000000 44567.000000 50367.000000 9549.000000 1618.000000 169.000000 3360.000000 29871.000000 5800.000000
919172 28.123654 11.550027 15130.000000 45116.000000 50883.000000 10773.000000 1512.000000 110.000000 2735.000000 29986.000000 5767.000000
920172 27.871860 11.525892 15517.000000 45665.000000 51406.000000 11800.000000 1441.000000 184.000000 2092.000000 30148.000000 5741.000000
921172 27.984953 11.624677 15796.000000 46101.000000 51838.000000 12553.000000 1491.000000 289.000000 1463.000000 30305.000000 5737.000000
922172 28.167321 11.715176 15859.000000 46242.000000 52018.000000 12689.000000 1659.000000 318.000000 1193.000000 30383.000000 5776.000000
923172 28.348967 11.806705 15887.000000 46208.000000 51962.000000 12508.000000 1875.000000 381.000000 1123.000000 30321.000000 5754.000000
924172 29.022403 12.085349 15837.000000 46114.000000 51881.000000 12079.000000 2186.000000 503.000000 1069.000000 30277.000000 5767.000000
925172 29.419397 12.254391 15723.000000 45952.000000 51810.000000 11623.000000 2576.000000 491.000000 1033.000000 30229.000000 5858.000000
926172 30.062689 12.531454 15662.000000 45789.000000 51662.000000 11052.000000 3016.000000 601.000000 993.000000 30127.000000 5873.000000
927172 30.591308 12.737122 15540.000000 45599.000000 51503.000000 10374.000000 3618.000000 656.000000 892.000000 30059.000000 5904.000000
928172 31.021402 12.903980 15382.000000 45362.000000 51333.000000 9670.000000 4157.000000 653.000000 902.000000 29980.000000 5971.000000
929172 31.993956 13.266245 15180.000000 45078.000000 51077.000000 8681.000000 4675.000000 777.000000 1047.000000 29898.000000 5999.000000
930172 32.337384 13.355113 14918.000000 44745.000000 50812.000000 7718.000000 5218.000000 719.000000 1263.000000 29827.000000 6067.000000
931172 32.911271 13.521907 14650.000000 44434.000000 50555.000000 6649.000000 5735.000000 715.000000 1551.000000 29784.000000 6121.000000
932172 33.386791 13.645302 14388.000000 44158.000000 50347.000000 5656.000000 6092.000000 681.000000 1959.000000 29770.000000 6189.000000
933172 32.373469 13.195011 14271.000000 44051.000000 50269.000000 5191.000000 6360.000000 415.000000 2305.000000 29780.000000 6218.000000
934172 32.241506 13.117330 14171.000000 43993.000000 50277.000000 5237.000000 6010.000000 311.000000 2613.000000 29822.000000 6284.000000
935172 32.087075 13.055048 14203.000000 44071.000000 50356.000000 5430.000000 5514.000000 289.000000 2970.000000 29868.000000 6285.000000
936172 31.773339 12.945253 14278.000000 44206.000000 50505.000000 5753.000000 5016.000000 239.000000 3270.000000 29928.000000 6299.000000
937172 31.217186 12.776989 14525.000000 44488.000000 50724.000000 6287.000000 4354.000000 245.000000 3639.000000 29963.000000 6236.000000
938172 31.347992 12.864121 14656.000000 44715.000000 50979.000000 6733.000000 3665.000000 294.000000 3964.000000 30059.000000 6264.000000
939172 30.879568 12.722592 14846.000000 44993.000000 51271.000000 7390.000000 2993.000000 245.000000 4218.000000 30147.000000 6278.000000
940172 30.129044 12.478699 15169.000000 45421.000000 51640.000000 8269.000000 2350.000000 225.000000 4325.000000 30252.000000 6219.000000
941172 29.582929 12.316123 15479.000000 45833.000000 52005.000000 9114.000000 2088.000000 233.000000 4044.000000 30354.000000 6172.000000
942172 28.420861 11.918461 15903.000000 46381.000000 52490.000000 10341.000000 1964.000000 147.000000 3451.000000 30478.000000 6109.000000
943172 27.853431 11.734289 16267.000000 46933.000000 52990.000000 11483.000000 1803.000000 161.000000 2820.000000 30666.000000 6057.000000
944172 27.607687 11.685616 16623.000000 47464.000000 53476.000000 12457.000000 1734.000000 237.000000 2195.000000 30841.000000 6012.000000
945172 27.675567 11.753898 16901.000000 47898.000000 53880.000000 13107.000000 1795.000000 351.000000 1648.000000 30997.000000 5982.000000
946172 27.951094 11.892332 16953.000000 47988.000000 54018.000000 13225.000000 1900.000000 394.000000 1434.000000 31035.000000 6030.000000
947172 28.409781 12.126427 16971.000000 47944.000000 54039.000000 13027.000000 2131.000000 458.000000 1355.000000 30973.000000 6095.000000
948172 28.828010 12.331531 16955.000000 47865.000000 54016.000000 12684.000000 2449.000000 510.000000 1312.000000 30910.000000 6151.000000
949172 28.922036 12.370407 16876.000000 47733.000000 53919.000000 12251.000000 2864.000000 484.000000 1277.000000 30857.000000 6186.000000
950172 29.586210 12.666605 16854.000000 47618.000000 53795.000000 11684.000000 3351.000000 637.000000 1182.000000 30764.000000 6177.000000
951172 30.061002 12.857835 16721.000000 47427.000000 53656.000000 11028.000000 3951.000000 670.000000 1072.000000 30706.000000 6229.000000
952172 30.563811 13.070784 16575.000000 47196.000000 53501.000000 10351.000000 4457.000000 688.000000 1079.000000 30621.000000 6305.000000
953172 31.597680 13.488267 16415.000000 46970.000000 53313.000000 9329.000000 5017.000000 848.000000 1221.000000 30555.000000 6343.000000
954172 31.638618 13.459437 16144.000000 46642.000000 53078.000000 8437.000000 5616.000000 708.000000 1383.000000 30498.000000 6436.000000
955172 31.869999 13.498826 15913.000000 46356.000000 52812.000000 7494.000000 6029.000000 673.000000 1717.000000 30443.000000 6456.000000
956172 32.034593 13.515517 15743.000000 46163.000000 52621.000000 6577.000000 6354.000000 654.000000 2158.000000 30420.000000 6458.000000
957172 31.364396 13.205967 15641.000000 46066.000000 52552.000000 6167.000000 6495.000000 454.000000 2525.000000 30425.000000 6486.000000
958172 31.173412 13.115440 15558.000000 46007.000000 52564.000000 6188.000000 6171.000000 337.000000 2862.000000 30449.000000 6557.000000
959172 31.204618 13.139504 15625.000000 46110.000000 52658.000000 6337.000000 5730.000000 371.000000 3187.000000 30485.000000 6548.000000
960172 31.069747 13.107898 15699.000000 46250.000000 52846.000000 6643.000000 5238.000000 331.000000 3487.000000 30551.000000 6596.000000
961172 30.794259 13.014731 15822.000000 46472.000000 53086.000000 7088.000000 4547.000000 295.000000 3892.000000 30650.000000 6614.000000
962172 30.481118 12.920095 16054.000000 46791.000000 53351.000000 7621.000000 3936.000000 333.000000 4164.000000 30737.000000 6560.000000
963172 29.898804 12.718971 16297.000000 47130.000000 53660.000000 8330.000000 3348.000000 295.000000 4324.000000 30833.000000 6530.000000
964172 29.367933 12.548359 16591.000000 47531.000000 54023.000000 9101.000000 2782.000000 287.000000 4421.000000 30940.000000 6492.000000
965172 29.048149 12.461179 16844.000000 47917.000000 54417.000000 9918.000000 2513.000000 281.000000 4132.000000 31073.000000 6500.000000
966172 28.062107 12.109681 17241.000000 48463.000000 54923.000000 11150.000000 2378.000000 191.000000 3522.000000 31222.000000 6460.000000
967172 27.408797 11.864927 17602.000000 49024.000000 55407.000000 12242.000000 2224.000000 191.000000 2945.000000 31422.000000 6383.000000
968172 27.363554 11.867715 17866.000000 49493.000000 55849.000000 13036.000000 2151.000000 272.000000 2407.000000 31627.000000 6356.000000
969172 27.451780 11.963959 18156.000000 49902.000000 56269.000000 13714.000000 2172.000000 365.000000 1905.000000 31746.000000 6367.000000
970172 27.629756 12.032290 18178.000000 49997.000000 56365.000000 13719.000000 2338.000000 414.000000 1707.000000 31819.000000 6368.000000
971172 27.955806 12.171829 18145.000000 49952.000000 56335.000000 13465.000000 2554.000000 474.000000 1652.000000 31807.000000 6383.000000
972172 28.370328 12.350789 18081.000000 49869.000000 56296.000000 13094.000000 2868.000000 526.000000 1593.000000 31788.000000 6427.000000
973172 28.800196 12.540021 18011.000000 49752.000000 56220.000000 12607.000000 3287.000000 582.000000 1535.000000 31741.000000 6468.000000
974172 29.407919 12.821563 17953.000000 49612.000000 56132.000000 12079.000000 3749.000000 677.000000 1448.000000 31659.000000 6520.000000
975172 29.718744 12.924077 17745.000000 49394.000000 56004.000000 11447.000000 4331.000000 628.000000 1339.000000 31649.000000 6610.000000
976172 30.496308 13.234030 17580.000000 49197.000000 55856.000000 10676.000000 4841.000000 733.000000 1330.000000 31617.000000 6659.000000
977172 31.357021 13.584682 17421.000000 48975.000000 55673.000000 9738.000000 5339.000000 865.000000 1479.000000 31554.000000 6698.000000
978172 31.304566 13.512929 17162.000000 48681.000000 55458.000000 8873.000000 5875.000000 717.000000 1697.000000 31519.000000 6777.000000
979172 31.245007 13.443934 16988.000000 48479.000000 55274.000000 8171.000000 6166.000000 636.000000 2015.000000 31491.000000 6795.000000
980172 32.071637 13.744489 16763.000000 48257.000000 55113.000000 7216.000000 6420.000000 719.000000 2408.000000 31494.000000 6856.000000
981172 31.216279 13.338174 16648.000000 48199.000000 55090.000000 6816.000000 6590.000000 457.000000 2785.000000 31551.000000 6891.000000
982172 30.950862 13.202788 16570.000000 48167.000000 55102.000000 6918.000000 6227.000000 340.000000 3085.000000 31597.000000 6935.000000
983172 30.767596 13.111755 16639.000000 48321.000000 55210.000000 7142.000000 5815.000000 350.000000 3332.000000 31682.000000 6889.000000
984172 30.403519 12.981994 16811.000000 48538.000000 55369.000000 7487.000000 5294.000000 357.000000 3673.000000 31727.000000 6831.000000
985172 30.312211 12.964529 16966.000000 48767.000000 55567.000000 7815.000000 4698.000000 404.000000 4049.000000 31801.000000 6800.000000
986172 29.954148 12.861541 17141.000000 49023.000000 55872.000000 8370.000000 4137.000000 337.000000 4297.000000 31882.000000 6849.000000
987172 29.487603 12.700673 17384.000000 49370.000000 56186.000000 9054.000000 3669.000000 320.000000 4341.000000 31986.000000 6816.000000
988172 28.885073 12.497347 17699.000000 49772.000000 56532.000000 9787.000000 3124.000000 305.000000 4483.000000 32073.000000 6760.000000
989172 28.229588 12.263604 18046.000000 50255.000000 56949.000000 10757.000000 2892.000000 290.000000 4107.000000 32209.000000 6694.000000
990172 27.800863 12.114775 18372.000000 50778.000000 57434.000000 11800.000000 2765.000000 302.000000 3505.000000 32406.000000 6656.000000
991172 27.142801 11.869206 18664.000000 51258.000000 57923.000000 12831.000000 2641.000000 210.000000 2982.000000 32594.000000 6665.000000
992172 27.137721 11.905088 18942.000000 51682.000000 58328.000000 13538.000000 2511.000000 298.000000 2595.000000 32740.000000 6646.000000
993172 27.178158 11.968053 19224.000000 52088.000000 58723.000000 14193.000000 2489.000000 393.000000 2149.000000 32864.000000 6635.000000
994172 27.508978 12.102885 19233.000000 52198.000000 58862.000000 14172.000000 2631.000000 460.000000 1970.000000 32965.000000 6664.000000
995172 27.956325 12.310986 19220.000000 52159.000000 58858.000000 13853.000000 2870.000000 547.000000 1950.000000 32939.000000 6699.000000
996172 28.044736 12.358519 19200.000000 52112.000000 58842.000000 13549.000000 3206.000000 542.000000 1903.000000 32912.000000 6730.000000
997172 28.497429 12.540187 19116.000000 52034.000000 58787.000000 13103.000000 3609.000000 619.000000 1785.000000 32918.000000 6753.000000
998172 28.827330 12.690978 19078.000000 51942.000000 58711.000000 12636.000000 4101.000000 682.000000 1659.000000 32864.000000 6769.000000
999172 29.192112 12.816572 18908.000000 51756.000000 58557.000000 11990.000000 4650.000000 704.000000 1564.000000 32848.000000 6801.000000
1000172 29.808668 13.062300 18758.000000 51591.000000 58443.000000 11188.000000 5250.000000 782.000000 1538.000000 32833.000000 6852.000000
1001172 30.021233 13.106396 18588.000000 51410.000000 58254.000000 10391.000000 5774.000000 791.000000 1632.000000 32822.000000 6844.000000
1002172 30.142026 13.118791 18363.000000 51163.000000 58077.000000 9605.000000 6161.000000 705.000000 1892.000000 32800.000000 6914.000000
1003172 30.182368 13.089050 18199.000000 50996.000000 57911.000000 8893.000000 6401.000000 665.000000 2240.000000 32797.000000 6915.000000
1004172 30.572356 13.211597 18029.000000 50837.000000 57775.000000 8028.000000 6679.000000 695.000000 2627.000000 32808.000000 6938.000000
1005172 29.837673 12.858207 17943.000000 50808.000000 57753.000000 7712.000000 6746.000000 481.000000 3004.000000 32865.000000 6945.000000
1006172 29.761474 12.804361 17875.000000 50799.000000 57785.000000 7719.000000 6411.000000 413.000000 3332.000000 32924.000000 6986.000000
1007172 29.680603 12.762910 17934.000000 50969.000000 57957.000000 7918.000000 5964.000000 409.000000 3643.000000 33035.000000 6988.000000
1008172 29.404016 12.663538 18079.000000 51195.000000 58167.000000 8247.000000 5446.000000 394.000000 3992.000000 33116.000000 6972.000000
1009172 29.624771 12.764609 18149.000000 51379.000000 58388.000000 8507.000000 4956.000000 444.000000 4242.000000 33230.000000 7009.000000
1010172 29.145390 12.559917 18282.000000 51642.000000 58623.000000 9000.000000 4515.000000 382.000000 4385.000000 33360.000000 6981.000000
1011172 28.916706 12.470293 18430.000000 51934.000000 58908.000000 9551.000000 4017.000000 372.000000 4490.000000 33504.000000 6974.000000
1012172 28.518519 12.330799 18687.000000 52360.000000 59323.000000 10369.000000 3500.000000 352.000000 4466.000000 33673.000000 6963.000000
1013172 27.807075 12.081884 19046.000000 52859.000000 59792.000000 11435.000000 3300.000000 291.000000 4020.000000 33813.000000 6933.000000
1014172 27.393870 11.948453 19356.000000 53308.000000 60217.000000 12385.000000 3099.000000 286.000000 3586.000000 33952.000000 6909.000000
1015172 26.768058 11.704234 19672.000000 53776.000000 60602.000000 13299.000000 2907.000000 267.000000 3199.000000 34104.000000 6826.000000
1016172 26.760405 11.728071 19922.000000 54197.000000 61016.000000 14011.000000 2796.000000 337.000000 2778.000000 34275.000000 6819.000000
1017172 26.876000 11.775061 20060.000000 54531.000000 61350.000000 14472.000000 2754.000000 405.000000 2429.000000 34471.000000 6819.000000
1018172 27.333729 11.988618 20085.000000 54611.000000 61500.000000 14446.000000 2845.000000 484.000000 2310.000000 34526.000000 6889.000000
1019172 27.905856 12.234319 20026.000000 54586.000000 61540.000000 14190.000000 3034.000000 575.000000 2227.000000 34560.000000 6954.000000
1020172 28.108068 12.305643 19952.000000 54555.000000 61549.000000 13913.000000 3363.000000 580.000000 2096.000000 34603.000000 6994.000000
1021172 28.449011 12.456753 19888.000000 54496.000000 61565.000000 13538.000000 3773.000000 600.000000 1977.000000 34608.000000 7069.000000
1022172 28.682920 12.547757 19864.000000 54465.000000 61509.000000 13117.000000 4248.000000 674.000000 1825.000000 34601.000000 7044.000000
1023172 29.046060 12.702157 19790.000000 54374.000000 61462.000000 12540.000000 4852.000000 719.000000 1679.000000 34584.000000 7088.000000
1024172 29.720958 12.988262 19682.000000 54216.000000 61340.000000 11755.000000 5407.000000 843.000000 1677.000000 34534.000000 7124.000000
1025172 30.113700 13.113816 19408.000000 53954.000000 61195.000000 10895.000000 5934.000000 784.000000 1795.000000 34546.000000 7241.000000
1026172 29.910461 12.972734 19262.000000 53821.000000 61028.000000 10171.000000 6380.000000 710.000000 2001.000000 34559.000000 7207.000000
1027172 30.233885 13.059119 19060.000000 53642.000000 60877.000000 9380.000000 6622.000000 715.000000 2343.000000 34582.000000 7235.000000
1028172 30.072602 12.948338 18909.000000 53519.000000 60780.000000 8690.000000 6863.000000 609.000000 2747.000000 34610.000000 7261.000000
1029172 29.388349 12.630782 18918.000000 53580.000000 60788.000000 8417.000000 6926.000000 470.000000 3105.000000 34662.000000 7208.000000
1030172 29.558159 12.687769 18848.000000 53576.000000 60846.000000 8338.000000 6572.000000 450.000000 3488.000000 34728.000000 7270.000000
1031172 29.496375 12.675433 18939.000000 53721.000000 60992.000000 8500.000000 6210.000000 460.000000 3769.000000 34782.000000 7271.000000
1032172 29.432125 12.646064 18981.000000 53879.000000 61189.000000 8751.000000 5680.000000 428.000000 4122.000000 34898.000000 7310.000000
1033172 29.343878 12.621659 19146.000000 54160.000000 61442.000000 9131.000000 5160.000000 473.000000 4382.000000 35014.000000 7282.000000
1034172 29.222661 12.583071 19271.000000 54400.000000 61694.000000 9500.000000 4736.000000 469.000000 4566.000000 35129.000000 7294.000000
1035172 28.950516 12.488513 19438.000000 54707.000000 62025.000000 10121.000000 4276.000000 428.000000 4613.000000 35269.000000 7318.000000
1036172 28.447892 12.290351 19647.000000 55069.000000 62366.000000 10861.000000 3839.000000 368.000000 4579.000000 35422.000000 7297.000000
1037172 27.834142 12.057517 19937.000000 55532.000000 62799.000000 11850.000000 3593.000000 305.000000 4189.000000 35595.000000 7267.000000
1038172 27.127156 11.785539 20280.000000 56049.000000 63247.000000 12916.000000 3369.000000 256.000000 3739.000000 35769.000000 7198.000000
1039172 26.917657 11.703899 20525.000000 56502.000000 63654.000000 13742.000000 3163.000000 298.000000 3322.000000 35977.000000 7152.000000
1040172 26.980590 11.728125 20667.000000 56847.000000 64000.000000 14342.000000 3006.000000 353.000000 2966.000000 36180.000000 7153.000000
1041172 27.043441 11.764889 20860.000000 57212.000000 64344.000000 14843.000000 2967.000000 438.000000 2612.000000 36352.000000 7132.000000
1042172 27.338978 11.875058 20819.000000 57272.000000 64446.000000 14793.000000 3046.000000 479.000000 2501.000000 36453.000000 7174.000000
1043172 27.575898 12.007377 20920.000000 57350.000000 64527.000000 14735.000000 3179.000000 571.000000 2435.000000 36430.000000 7177.000000
1044172 27.991445 12.175571 20856.000000 57299.000000 64498.000000 14373.000000 3499.000000 654.000000 2330.000000 36443.000000 7199.000000
1045172 28.463979 12.376199 20716.000000 57182.000000 64519.000000 13991.000000 3910.000000 648.000000 2167.000000 36466.000000 7337.000000
1046172 28.888413 12.555233 20648.000000 57115.000000 64499.000000 13495.000000 4461.000000 714.000000 1978.000000 36467.000000 7384.000000
1047172 29.119994 12.631367 20542.000000 57018.000000 64419.000000 12944.000000 5048.000000 736.000000 1814.000000 36476.000000 7401.000000
1048172 29.513914 12.768903 20428.000000 56903.000000 64289.000000 12228.000000 5631.000000 823.000000 1746.000000 36475.000000 7386.000000
1049172 29.865481 12.885359 20237.000000 56679.000000 64096.000000 11436.000000 6107.000000 842.000000 1852.000000 36442.000000 7417.000000
1050172 29.748974 12.799512 20063.000000 56515.000000 63979.000000 10724.000000 6515.000000 725.000000 2099.000000 36452.000000 7464.000000
1051172 30.116479 12.920407 19851.000000 56301.000000 63837.000000 9930.000000 6761.000000 712.000000 2448.000000 36450.000000 7536.000000
1052172 30.066342 12.865433 19745.000000 56222.000000 63760.000000 9266.000000 6968.000000 665.000000 2846.000000 36477.000000 7538.000000
1053172 29.504827 12.601116 19710.000000 56255.000000 63788.000000 8950.000000 7027.000000 505.000000 3228.000000 36545.000000 7533.000000
1054172 29.837318 12.719957 19643.000000 56288.000000 63876.000000 8814.000000 6702.000000 537.000000 3590.000000 36645.000000 7588.000000
1055172 29.659091 12.644756 19654.000000 56361.000000 63987.000000 8907.000000 6349.000000 465.000000 3933.000000 36707.000000 7626.000000
1056172 29.578805 12.602513 19756.000000 56567.000000 64138.000000 9125.000000 5858.000000 512.000000 4261.000000 36811.000000 7571.000000
1057172 29.355261 12.528339 19898.000000 56812.000000 64398.000000 9513.000000 5360.000000 482.000000 4543.000000 36914.000000 7586.000000
1058172 29.223414 12.482401 20042.000000 57069.000000 64635.000000 9875.000000 5000.000000 502.000000 4665.000000 37027.000000 7566.000000
1059172 28.986759 12.398615 20190.000000 57373.000000 64975.000000 10514.000000 4561.000000 454.000000 4661.000000 37183.000000 7602.000000
1060172 28.551497 12.217001 20349.000000 57723.000000 65327.000000 11253.000000 4124.000000 377.000000 4595.000000 37374.000000 7604.000000
1061172 27.703326 11.885495 20694.000000 58232.000000 65744.000000 12243.000000 3905.000000 302.000000 4244.000000 37538.000000 7512.000000
1062172 27.193044 11.675710 20962.000000 58717.000000 66163.000000 13218.000000 3603.000000 279.000000 3862.000000 37755.000000 7446.000000
1063172 27.016636 11.612360 21190.000000 59145.000000 66567.000000 14005.000000 3343.000000 308.000000 3534.000000 37955.000000 7422.000000
1064172 26.948412 11.608423 21424.000000 59540.000000 66960.000000 14717.000000 3185.000000 353.000000 3169.000000 38116.000000 7420.000000
1065172 27.302847 11.761995 21560.000000 59844.000000 67259.000000 15125.000000 3083.000000 496.000000 2856.000000 38284.000000 7415.000000
1066172 27.677833 11.911896 21524.000000 59928.000000 67420.000000 15163.000000 3130.000000 539.000000 2692.000000 38404.000000 7492.000000
1067172 27.993109 12.038642 21504.000000 59970.000000 67491.000000 15003.000000 3297.000000 604.000000 2600.000000 38466.000000 7521.000000
1068172 28.289791 12.159279 21475.000000 59965.000000 67504.000000 14736.000000 3570.000000 669.000000 2500.000000 38490.000000 7539.000000
1069172 28.451190 12.221251 21393.000000 59892.000000 67489.000000 14423.000000 4003.000000 651.000000 2316.000000 38499.000000 7597.000000
1070172 28.859525 12.371363 21321.000000 59850.000000 67438.000000 13905.000000 4590.000000 755.000000 2071.000000 38529.000000 7588.000000
1071172 29.112344 12.459931 21211.000000 59755.000000 67384.000000 13366.000000 5142.000000 767.000000 1936.000000 38544.000000 7629.000000
1072172 29.541189 12.627966 21078.000000 59611.000000 67303.000000 12695.000000 5710.000000 807.000000 1866.000000 38533.000000 7692.000000
1073172 29.624702 12.596198 20870.000000 59485.000000 67179.000000 11974.000000 6254.000000 768.000000 1874.000000 38615.000000 7694.000000
1074172 29.511080 12.517904 20749.000000 59343.000000 67024.000000 11319.000000 6590.000000 709.000000 2131.000000 38594.000000 7681.000000
1075172 29.646236 12.548193 20652.000000 59246.000000 66918.000000 10519.000000 6904.000000 725.000000 2504.000000 38594.000000 7672.000000
1076172 29.690211 12.539626 20541.000000 59172.000000 66876.000000 9829.000000 7150.000000 682.000000 2880.000000 38631.000000 7704.000000
1077172 29.260689 12.343650 20524.000000 59212.000000 66917.000000 9465.000000 7208.000000 555.000000 3296.000000 38688.000000 7705.000000
1078172 29.424050 12.408007 20485.000000 59225.000000 66989.000000 9343.000000 6873.000000 548.000000 3721.000000 38740.000000 7764.000000
1079172 29.564756 12.451936 20444.000000 59282.000000 67098.000000 9387.000000 6522.000000 539.000000 3996.000000 38838.000000 7816.000000
1080172 29.465165 12.442793 20583.000000 59463.000000 67300.000000 9604.000000 6073.000000 537.000000 4369.000000 38880.000000 7837.000000
1081172 29.393206 12.417991 20648.000000 59644.000000 67523.000000 9896.000000 5623.000000 506.000000 4623.000000 38996.000000 7879.000000
1082172 29.205917 12.346061 20761.000000 59902.000000 67803.000000 10344.000000 5245.000000 470.000000 4702.000000 39141.000000 7901.000000
1083172 28.776204 12.175279 20986.000000 60271.000000 68097.000000 10988.000000 4743.000000 465.000000 4790.000000 39285.000000 7826.000000
1084172 28.360373 12.004325 21189.000000 60661.000000 68442.000000 11687.000000 4304.000000 435.000000 4763.000000 39472.000000 7781.000000
1085172 27.750557 11.756765 21423.000000 61126.000000 68888.000000 12667.000000 4033.000000 337.000000 4386.000000 39703.000000 7762.000000
1086172 27.311039 11.591443 21700.000000 61603.000000 69327.000000 13615.000000 3791.000000 312.000000 3982.000000 39903.000000 7724.000000
1087172 27.027118 11.471834 21910.000000 62011.000000 69675.000000 14352.000000 3540.000000 329.000000 3689.000000 40101.000000 7664.000000
1088172 26.888583 11.422171 22126.000000 62438.000000 70083.000000 15123.000000 3346.000000 360.000000 3297.000000 40312.000000 7645.000000
1089172 27.261785 11.579755 22231.000000 62737.000000 70416.000000 15549.000000 3215.000000 475.000000 2992.000000 40506.000000 7679.000000
1090172 27.522783 11.681449 22255.000000 62880.000000 70582.000000 15620.000000 3287.000000 543.000000 2805.000000 40625.000000 7702.000000
1091172 27.920885 11.838452 22247.000000 62908.000000 70592.000000 15329.000000 3486.000000 673.000000 2759.000000 40661.000000 7684.000000
1092172 28.114771 11.916358 22177.000000 62873.000000 70634.000000 15082.000000 3790.000000 656.000000 2649.000000 40696.000000 7761.000000
1093172 28.347088 12.010703 22145.000000 62853.000000 70637.000000 14807.000000 4232.000000 700.000000 2406.000000 40708.000000 7784.000000
1094172 28.733327 12.168361 22099.000000 62820.000000 70634.000000 14327.000000 4815.000000 781.000000 2176.000000 40721.000000 7814.000000
1095172 29.060918 12.285799 21962.000000 62688.000000 70553.000000 13782.000000 5355.000000 803.000000 2022.000000 40726.000000 7865.000000
1096172 29.350894 12.390786 21820.000000 62560.000000 70504.000000 13185.000000 5928.000000 792.000000 1915.000000 40740.000000 7944.000000
1097172 29.689345 12.497693 21647.000000 62429.000000 70429.000000 12502.000000 6375.000000 802.000000 1968.000000 40782.000000 8000.000000
1098172 29.541148 12.416088 21517.000000 62277.000000 70312.000000 11889.000000 6668.000000 695.000000 2265.000000 40760.000000 8035.000000
1099172 29.877055 12.524203 21396.000000 62192.000000 70240.000000 11033.000000 6936.000000 749.000000 2678.000000 40796.000000 8048.000000
1100172 30.021437 12.564081 21275.000000 62110.000000 70224.000000 10320.000000 7160.000000 709.000000 3086.000000 40835.000000 8114.000000
1101172 29.662056 12.393248 21229.000000 62131.000000 70256.000000 9919.000000 7236.000000 582.000000 3492.000000 40902.000000 8125.000000
