249988 0.000000 0.000000 900.000000 900.000000 900.000000 900.000000 0.000000 0.000000 0.000000 0.000000 0.000000
250988 0.000000 0.000000 900.000000 900.000000 900.000000 900.000000 0.000000 0.000000 0.000000 0.000000 0.000000
251988 6.000000 6.000000 846.000000 846.000000 900.000000 0.000000 846.000000 0.000000 0.000000 0.000000 54.000000
252988 6.000000 6.000000 846.000000 846.000000 900.000000 0.000000 846.000000 0.000000 0.000000 0.000000 54.000000
253988 6.000000 6.000000 846.000000 846.000000 900.000000 0.000000 846.000000 0.000000 0.000000 0.000000 54.000000
254988 6.000000 6.000000 846.000000 846.000000 900.000000 0.000000 846.000000 0.000000 0.000000 0.000000 54.000000
255988 6.000000 6.000000 846.000000 846.000000 900.000000 0.000000 846.000000 0.000000 0.000000 0.000000 54.000000
256988 6.000000 6.000000 846.000000 846.000000 900.000000 0.000000 846.000000 0.000000 0.000000 0.000000 54.000000
257988 6.000000 6.000000 846.000000 846.000000 900.000000 0.000000 846.000000 0.000000 0.000000 0.000000 54.000000
258988 6.000000 6.000000 846.000000 846.000000 900.000000 0.000000 0.000000 0.000000 846.000000 0.000000 54.000000
259988 6.000000 6.000000 846.000000 846.000000 900.000000 0.000000 0.000000 0.000000 846.000000 0.000000 54.000000
260988 6.000000 6.000000 846.000000 846.000000 900.000000 0.000000 0.000000 0.000000 846.000000 0.000000 54.000000
261988 6.000000 6.000000 846.000000 846.000000 900.000000 0.000000 0.000000 0.000000 846.000000 0.000000 54.000000
262988 6.000000 6.000000 846.000000 846.000000 900.000000 0.000000 0.000000 0.000000 846.000000 0.000000 54.000000
263988 2.759448 2.759448 1621.000000 1621.000000 1667.000000 1621.000000 0.000000 0.000000 0.000000 0.000000 46.000000
264988 2.759448 2.759448 1621.000000 1621.000000 1667.000000 1621.000000 0.000000 0.000000 0.000000 0.000000 46.000000
265988 2.759448 2.759448 1621.000000 1621.000000 1667.000000 1621.000000 0.000000 0.000000 0.000000 0.000000 46.000000
266988 2.759448 2.759448 1621.000000 1621.000000 1667.000000 1621.000000 0.000000 0.000000 0.000000 0.000000 46.000000
267988 2.759448 2.759448 1621.000000 1621.000000 1667.000000 1621.000000 0.000000 0.000000 0.000000 0.000000 46.000000
268988 2.759448 2.759448 1621.000000 1621.000000 1667.000000 1621.000000 0.000000 0.000000 0.000000 0.000000 46.000000
269988 2.759448 2.759448 1621.000000 1621.000000 1667.000000 1621.000000 0.000000 0.000000 0.000000 0.000000 46.000000
270988 2.759448 2.759448 1621.000000 1621.000000 1667.000000 1621.000000 0.000000 0.000000 0.000000 0.000000 46.000000
271988 2.759448 2.759448 1621.000000 1621.000000 1667.000000 1621.000000 0.000000 0.000000 0.000000 0.000000 46.000000
272988 2.759448 2.759448 1621.000000 1621.000000 1667.000000 1621.000000 0.000000 0.000000 0.000000 0.000000 46.000000
273988 2.759448 2.759448 1621.000000 1621.000000 1667.000000 1621.000000 0.000000 0.000000 0.000000 0.000000 46.000000
274988 2.759448 2.759448 1621.000000 1621.000000 1667.000000 1621.000000 0.000000 0.000000 0.000000 0.000000 46.000000
275988 5.675509 5.675509 1529.000000 1529.000000 1621.000000 0.000000 1529.000000 0.000000 0.000000 0.000000 92.000000
276988 5.675509 5.675509 1529.000000 1529.000000 1621.000000 0.000000 1529.000000 0.000000 0.000000 0.000000 92.000000
277988 5.675509 5.675509 1529.000000 1529.000000 1621.000000 0.000000 1529.000000 0.000000 0.000000 0.000000 92.000000
278988 5.675509 5.675509 1529.000000 1529.000000 1621.000000 0.000000 1529.000000 0.000000 0.000000 0.000000 92.000000
279988 5.675509 5.675509 1529.000000 1529.000000 1621.000000 0.000000 1529.000000 0.000000 0.000000 0.000000 92.000000
280988 5.675509 5.675509 1529.000000 1529.000000 1621.000000 0.000000 1529.000000 0.000000 0.000000 0.000000 92.000000
281988 5.675509 5.675509 1529.000000 1529.000000 1621.000000 0.000000 1529.000000 0.000000 0.000000 0.000000 92.000000
282988 5.675509 5.675509 1529.000000 1529.000000 1621.000000 0.000000 0.000000 0.000000 1529.000000 0.000000 92.000000
283988 5.675509 5.675509 1529.000000 1529.000000 1621.000000 0.000000 0.000000 0.000000 1529.000000 0.000000 92.000000
284988 5.675509 5.675509 1529.000000 1529.000000 1621.000000 0.000000 0.000000 0.000000 1529.000000 0.000000 92.000000
285988 5.675509 5.675509 1529.000000 1529.000000 1621.000000 0.000000 0.000000 0.000000 1529.000000 0.000000 92.000000
286988 5.675509 5.675509 1529.000000 1529.000000 1621.000000 0.000000 0.000000 0.000000 1529.000000 0.000000 92.000000
287988 2.942149 2.942149 2936.000000 2936.000000 3025.000000 2936.000000 0.000000 0.000000 0.000000 0.000000 89.000000
288988 2.942149 2.942149 2936.000000 2936.000000 3025.000000 2936.000000 0.000000 0.000000 0.000000 0.000000 89.000000
289988 2.942149 2.942149 2936.000000 2936.000000 3025.000000 2936.000000 0.000000 0.000000 0.000000 0.000000 89.000000
290988 2.942149 2.942149 2936.000000 2936.000000 3025.000000 2936.000000 0.000000 0.000000 0.000000 0.000000 89.000000
291988 2.942149 2.942149 2936.000000 2936.000000 3025.000000 2936.000000 0.000000 0.000000 0.000000 0.000000 89.000000
292988 2.942149 2.942149 2936.000000 2936.000000 3025.000000 2936.000000 0.000000 0.000000 0.000000 0.000000 89.000000
293988 2.942149 2.942149 2936.000000 2936.000000 3025.000000 2936.000000 0.000000 0.000000 0.000000 0.000000 89.000000
294988 2.942149 2.942149 2936.000000 2936.000000 3025.000000 2936.000000 0.000000 0.000000 0.000000 0.000000 89.000000
295988 2.942149 2.942149 2936.000000 2936.000000 3025.000000 2936.000000 0.000000 0.000000 0.000000 0.000000 89.000000
296988 2.942149 2.942149 2936.000000 2936.000000 3025.000000 2936.000000 0.000000 0.000000 0.000000 0.000000 89.000000
297988 2.942149 2.942149 2936.000000 2936.000000 3025.000000 2936.000000 0.000000 0.000000 0.000000 0.000000 89.000000
298988 2.942149 2.942149 2936.000000 2936.000000 3025.000000 2936.000000 0.000000 0.000000 0.000000 0.000000 89.000000
299988 5.415531 5.415531 2777.000000 2777.000000 2936.000000 0.000000 2777.000000 0.000000 0.000000 0.000000 159.000000
300988 5.415531 5.415531 2777.000000 2777.000000 2936.000000 0.000000 2777.000000 0.000000 0.000000 0.000000 159.000000
301988 5.415531 5.415531 2777.000000 2777.000000 2936.000000 0.000000 2777.000000 0.000000 0.000000 0.000000 159.000000
302988 5.415531 5.415531 2777.000000 2777.000000 2936.000000 0.000000 2777.000000 0.000000 0.000000 0.000000 159.000000
303988 5.415531 5.415531 2777.000000 2777.000000 2936.000000 0.000000 2777.000000 0.000000 0.000000 0.000000 159.000000
304988 5.415531 5.415531 2777.000000 2777.000000 2936.000000 0.000000 2777.000000 0.000000 0.000000 0.000000 159.000000
305988 5.415531 5.415531 2777.000000 2777.000000 2936.000000 0.000000 2777.000000 0.000000 0.000000 0.000000 159.000000
306988 5.415531 5.415531 2777.000000 2777.000000 2936.000000 0.000000 0.000000 0.000000 2777.000000 0.000000 159.000000
307988 5.415531 5.415531 2777.000000 2777.000000 2936.000000 0.000000 0.000000 0.000000 2777.000000 0.000000 159.000000
308988 5.415531 5.415531 2777.000000 2777.000000 2936.000000 0.000000 0.000000 0.000000 2777.000000 0.000000 159.000000
309988 5.415531 5.415531 2777.000000 2777.000000 2936.000000 0.000000 0.000000 0.000000 2777.000000 0.000000 159.000000
310988 5.415531 5.415531 2777.000000 2777.000000 2936.000000 0.000000 0.000000 0.000000 2777.000000 0.000000 159.000000
311988 2.745665 2.745665 5384.000000 5384.000000 5536.000000 5384.000000 0.000000 0.000000 0.000000 0.000000 152.000000
312988 2.745665 2.745665 5384.000000 5384.000000 5536.000000 5384.000000 0.000000 0.000000 0.000000 0.000000 152.000000
313988 2.745665 2.745665 5384.000000 5384.000000 5536.000000 5384.000000 0.000000 0.000000 0.000000 0.000000 152.000000
314988 2.745665 2.745665 5384.000000 5384.000000 5536.000000 5384.000000 0.000000 0.000000 0.000000 0.000000 152.000000
315988 2.745665 2.745665 5384.000000 5384.000000 5536.000000 5384.000000 0.000000 0.000000 0.000000 0.000000 152.000000
316988 2.745665 2.745665 5384.000000 5384.000000 5536.000000 5384.000000 0.000000 0.000000 0.000000 0.000000 152.000000
317988 2.745665 2.745665 5384.000000 5384.000000 5536.000000 5384.000000 0.000000 0.000000 0.000000 0.000000 152.000000
318988 2.745665 2.745665 5384.000000 5384.000000 5536.000000 5384.000000 0.000000 0.000000 0.000000 0.000000 152.000000
319988 2.745665 2.745665 5384.000000 5384.000000 5536.000000 5384.000000 0.000000 0.000000 0.000000 0.000000 152.000000
320988 2.745665 2.745665 5384.000000 5384.000000 5536.000000 5384.000000 0.000000 0.000000 0.000000 0.000000 152.000000
321988 2.745665 2.745665 5384.000000 5384.000000 5536.000000 5384.000000 0.000000 0.000000 0.000000 0.000000 152.000000
249988 0.000000 0.000000 891.000000 891.000000 891.000000 891.000000 0.000000 0.000000 0.000000 0.000000 0.000000
250988 0.000000 0.000000 891.000000 891.000000 891.000000 891.000000 0.000000 0.000000 0.000000 0.000000 0.000000
251988 6.172840 6.172840 836.000000 836.000000 891.000000 0.000000 836.000000 0.000000 0.000000 0.000000 55.000000
252988 6.172840 6.172840 836.000000 836.000000 891.000000 0.000000 836.000000 0.000000 0.000000 0.000000 55.000000
253988 6.172840 6.172840 836.000000 836.000000 891.000000 0.000000 836.000000 0.000000 0.000000 0.000000 55.000000
254988 6.172840 6.172840 836.000000 836.000000 891.000000 0.000000 836.000000 0.000000 0.000000 0.000000 55.000000
255988 6.172840 6.172840 836.000000 836.000000 891.000000 0.000000 836.000000 0.000000 0.000000 0.000000 55.000000
256988 6.172840 6.172840 836.000000 836.000000 891.000000 0.000000 836.000000 0.000000 0.000000 0.000000 55.000000
257988 6.172840 6.172840 836.000000 836.000000 891.000000 0.000000 836.000000 0.000000 0.000000 0.000000 55.000000
258988 6.172840 6.172840 836.000000 836.000000 891.000000 0.000000 0.000000 0.000000 836.000000 0.000000 55.000000
259988 6.172840 6.172840 836.000000 836.000000 891.000000 0.000000 0.000000 0.000000 836.000000 0.000000 55.000000
260988 6.172840 6.172840 836.000000 836.000000 891.000000 0.000000 0.000000 0.000000 836.000000 0.000000 55.000000
261988 6.172840 6.172840 836.000000 836.000000 891.000000 0.000000 0.000000 0.000000 836.000000 0.000000 55.000000
262988 6.172840 6.172840 836.000000 836.000000 891.000000 0.000000 0.000000 0.000000 836.000000 0.000000 55.000000
263988 3.194696 3.194696 1606.000000 1606.000000 1659.000000 1606.000000 0.000000 0.000000 0.000000 0.000000 53.000000
264988 3.194696 3.194696 1606.000000 1606.000000 1659.000000 1606.000000 0.000000 0.000000 0.000000 0.000000 53.000000
265988 3.194696 3.194696 1606.000000 1606.000000 1659.000000 1606.000000 0.000000 0.000000 0.000000 0.000000 53.000000
266988 3.194696 3.194696 1606.000000 1606.000000 1659.000000 1606.000000 0.000000 0.000000 0.000000 0.000000 53.000000
267988 3.194696 3.194696 1606.000000 1606.000000 1659.000000 1606.000000 0.000000 0.000000 0.000000 0.000000 53.000000
268988 3.194696 3.194696 1606.000000 1606.000000 1659.000000 1606.000000 0.000000 0.000000 0.000000 0.000000 53.000000
269988 3.194696 3.194696 1606.000000 1606.000000 1659.000000 1606.000000 0.000000 0.000000 0.000000 0.000000 53.000000
270988 3.194696 3.194696 1606.000000 1606.000000 1659.000000 1606.000000 0.000000 0.000000 0.000000 0.000000 53.000000
271988 3.194696 3.194696 1606.000000 1606.000000 1659.000000 1606.000000 0.000000 0.000000 0.000000 0.000000 53.000000
272988 3.194696 3.194696 1606.000000 1606.000000 1659.000000 1606.000000 0.000000 0.000000 0.000000 0.000000 53.000000
273988 3.194696 3.194696 1606.000000 1606.000000 1659.000000 1606.000000 0.000000 0.000000 0.000000 0.000000 53.000000
274988 3.194696 3.194696 1606.000000 1606.000000 1659.000000 1606.000000 0.000000 0.000000 0.000000 0.000000 53.000000
275988 5.603985 5.603985 1516.000000 1516.000000 1606.000000 0.000000 1516.000000 0.000000 0.000000 0.000000 90.000000
276988 5.603985 5.603985 1516.000000 1516.000000 1606.000000 0.000000 1516.000000 0.000000 0.000000 0.000000 90.000000
277988 5.603985 5.603985 1516.000000 1516.000000 1606.000000 0.000000 1516.000000 0.000000 0.000000 0.000000 90.000000
278988 5.603985 5.603985 1516.000000 1516.000000 1606.000000 0.000000 1516.000000 0.000000 0.000000 0.000000 90.000000
279988 5.603985 5.603985 1516.000000 1516.000000 1606.000000 0.000000 1516.000000 0.000000 0.000000 0.000000 90.000000
280988 5.603985 5.603985 1516.000000 1516.000000 1606.000000 0.000000 1516.000000 0.000000 0.000000 0.000000 90.000000
281988 5.603985 5.603985 1516.000000 1516.000000 1606.000000 0.000000 1516.000000 0.000000 0.000000 0.000000 90.000000
282988 5.603985 5.603985 1516.000000 1516.000000 1606.000000 0.000000 0.000000 0.000000 1516.000000 0.000000 90.000000
283988 5.603985 5.603985 1516.000000 1516.000000 1606.000000 0.000000 0.000000 0.000000 1516.000000 0.000000 90.000000
284988 5.603985 5.603985 1516.000000 1516.000000 1606.000000 0.000000 0.000000 0.000000 1516.000000 0.000000 90.000000
285988 5.603985 5.603985 1516.000000 1516.000000 1606.000000 0.000000 0.000000 0.000000 1516.000000 0.000000 90.000000
286988 5.603985 5.603985 1516.000000 1516.000000 1606.000000 0.000000 0.000000 0.000000 1516.000000 0.000000 90.000000
287988 2.707219 2.707219 2911.000000 2911.000000 2992.000000 2911.000000 0.000000 0.000000 0.000000 0.000000 81.000000
288988 2.707219 2.707219 2911.000000 2911.000000 2992.000000 2911.000000 0.000000 0.000000 0.000000 0.000000 81.000000
289988 2.707219 2.707219 2911.000000 2911.000000 2992.000000 2911.000000 0.000000 0.000000 0.000000 0.000000 81.000000
290988 2.707219 2.707219 2911.000000 2911.000000 2992.000000 2911.000000 0.000000 0.000000 0.000000 0.000000 81.000000
291988 2.707219 2.707219 2911.000000 2911.000000 2992.000000 2911.000000 0.000000 0.000000 0.000000 0.000000 81.000000
292988 2.707219 2.707219 2911.000000 2911.000000 2992.000000 2911.000000 0.000000 0.000000 0.000000 0.000000 81.000000
293988 2.707219 2.707219 2911.000000 2911.000000 2992.000000 2911.000000 0.000000 0.000000 0.000000 0.000000 81.000000
294988 2.707219 2.707219 2911.000000 2911.000000 2992.000000 2911.000000 0.000000 0.000000 0.000000 0.000000 81.000000
295988 2.707219 2.707219 2911.000000 2911.000000 2992.000000 2911.000000 0.000000 0.000000 0.000000 0.000000 81.000000
296988 2.707219 2.707219 2911.000000 2911.000000 2992.000000 2911.000000 0.000000 0.000000 0.000000 0.000000 81.000000
297988 2.707219 2.707219 2911.000000 2911.000000 2992.000000 2911.000000 0.000000 0.000000 0.000000 0.000000 81.000000
298988 2.707219 2.707219 2911.000000 2911.000000 2992.000000 2911.000000 0.000000 0.000000 0.000000 0.000000 81.000000
299988 6.080385 6.080385 2734.000000 2734.000000 2911.000000 0.000000 2734.000000 0.000000 0.000000 0.000000 177.000000
300988 6.080385 6.080385 2734.000000 2734.000000 2911.000000 0.000000 2734.000000 0.000000 0.000000 0.000000 177.000000
301988 6.080385 6.080385 2734.000000 2734.000000 2911.000000 0.000000 2734.000000 0.000000 0.000000 0.000000 177.000000
302988 6.080385 6.080385 2734.000000 2734.000000 2911.000000 0.000000 2734.000000 0.000000 0.000000 0.000000 177.000000
303988 6.080385 6.080385 2734.000000 2734.000000 2911.000000 0.000000 2734.000000 0.000000 0.000000 0.000000 177.000000
304988 6.080385 6.080385 2734.000000 2734.000000 2911.000000 0.000000 2734.000000 0.000000 0.000000 0.000000 177.000000
305988 6.080385 6.080385 2734.000000 2734.000000 2911.000000 0.000000 2734.000000 0.000000 0.000000 0.000000 177.000000
306988 6.080385 6.080385 2734.000000 2734.000000 2911.000000 0.000000 0.000000 0.000000 2734.000000 0.000000 177.000000
307988 6.080385 6.080385 2734.000000 2734.000000 2911.000000 0.000000 0.000000 0.000000 2734.000000 0.000000 177.000000
308988 6.080385 6.080385 2734.000000 2734.000000 2911.000000 0.000000 0.000000 0.000000 2734.000000 0.000000 177.000000
309988 6.080385 6.080385 2734.000000 2734.000000 2911.000000 0.000000 0.000000 0.000000 2734.000000 0.000000 177.000000
310988 6.080385 6.080385 2734.000000 2734.000000 2911.000000 0.000000 0.000000 0.000000 2734.000000 0.000000 177.000000
311988 2.941714 2.941714 5312.000000 5312.000000 5473.000000 5312.000000 0.000000 0.000000 0.000000 0.000000 161.000000
312988 2.941714 2.941714 5312.000000 5312.000000 5473.000000 5312.000000 0.000000 0.000000 0.000000 0.000000 161.000000
313988 2.941714 2.941714 5312.000000 5312.000000 5473.000000 5312.000000 0.000000 0.000000 0.000000 0.000000 161.000000
314988 2.941714 2.941714 5312.000000 5312.000000 5473.000000 5312.000000 0.000000 0.000000 0.000000 0.000000 161.000000
315988 2.941714 2.941714 5312.000000 5312.000000 5473.000000 5312.000000 0.000000 0.000000 0.000000 0.000000 161.000000
316988 2.941714 2.941714 5312.000000 5312.000000 5473.000000 5312.000000 0.000000 0.000000 0.000000 0.000000 161.000000
317988 2.941714 2.941714 5312.000000 5312.000000 5473.000000 5312.000000 0.000000 0.000000 0.000000 0.000000 161.000000
318988 2.941714 2.941714 5312.000000 5312.000000 5473.000000 5312.000000 0.000000 0.000000 0.000000 0.000000 161.000000
319988 2.941714 2.941714 5312.000000 5312.000000 5473.000000 5312.000000 0.000000 0.000000 0.000000 0.000000 161.000000
320988 2.941714 2.941714 5312.000000 5312.000000 5473.000000 5312.000000 0.000000 0.000000 0.000000 0.000000 161.000000
321988 2.941714 2.941714 5312.000000 5312.000000 5473.000000 5312.000000 0.000000 0.000000 0.000000 0.000000 161.000000
249988 0.000000 0.000000 903.000000 903.000000 903.000000 903.000000 0.000000 0.000000 0.000000 0.000000 0.000000
250988 0.000000 0.000000 903.000000 903.000000 903.000000 903.000000 0.000000 0.000000 0.000000 0.000000 0.000000
251988 6.644518 6.644518 843.000000 843.000000 903.000000 0.000000 843.000000 0.000000 0.000000 0.000000 60.000000
252988 6.644518 6.644518 843.000000 843.000000 903.000000 0.000000 843.000000 0.000000 0.000000 0.000000 60.000000
253988 6.644518 6.644518 843.000000 843.000000 903.000000 0.000000 843.000000 0.000000 0.000000 0.000000 60.000000
254988 6.644518 6.644518 843.000000 843.000000 903.000000 0.000000 843.000000 0.000000 0.000000 0.000000 60.000000
255988 6.644518 6.644518 843.000000 843.000000 903.000000 0.000000 843.000000 0.000000 0.000000 0.000000 60.000000
256988 6.644518 6.644518 843.000000 843.000000 903.000000 0.000000 843.000000 0.000000 0.000000 0.000000 60.000000
257988 6.644518 6.644518 843.000000 843.000000 903.000000 0.000000 843.000000 0.000000 0.000000 0.000000 60.000000
258988 6.644518 6.644518 843.000000 843.000000 903.000000 0.000000 0.000000 0.000000 843.000000 0.000000 60.000000
259988 6.644518 6.644518 843.000000 843.000000 903.000000 0.000000 0.000000 0.000000 843.000000 0.000000 60.000000
260988 6.644518 6.644518 843.000000 843.000000 903.000000 0.000000 0.000000 0.000000 843.000000 0.000000 60.000000
261988 6.644518 6.644518 843.000000 843.000000 903.000000 0.000000 0.000000 0.000000 843.000000 0.000000 60.000000
262988 6.644518 6.644518 843.000000 843.000000 903.000000 0.000000 0.000000 0.000000 843.000000 0.000000 60.000000
263988 3.584229 3.584229 1614.000000 1614.000000 1674.000000 1614.000000 0.000000 0.000000 0.000000 0.000000 60.000000
264988 3.584229 3.584229 1614.000000 1614.000000 1674.000000 1614.000000 0.000000 0.000000 0.000000 0.000000 60.000000
265988 3.584229 3.584229 1614.000000 1614.000000 1674.000000 1614.000000 0.000000 0.000000 0.000000 0.000000 60.000000
266988 3.584229 3.584229 1614.000000 1614.000000 1674.000000 1614.000000 0.000000 0.000000 0.000000 0.000000 60.000000
267988 3.584229 3.584229 1614.000000 1614.000000 1674.000000 1614.000000 0.000000 0.000000 0.000000 0.000000 60.000000
268988 3.584229 3.584229 1614.000000 1614.000000 1674.000000 1614.000000 0.000000 0.000000 0.000000 0.000000 60.000000
269988 3.584229 3.584229 1614.000000 1614.000000 1674.000000 1614.000000 0.000000 0.000000 0.000000 0.000000 60.000000
270988 3.584229 3.584229 1614.000000 1614.000000 1674.000000 1614.000000 0.000000 0.000000 0.000000 0.000000 60.000000
271988 3.584229 3.584229 1614.000000 1614.000000 1674.000000 1614.000000 0.000000 0.000000 0.000000 0.000000 60.000000
272988 3.584229 3.584229 1614.000000 1614.000000 1674.000000 1614.000000 0.000000 0.000000 0.000000 0.000000 60.000000
273988 3.584229 3.584229 1614.000000 1614.000000 1674.000000 1614.000000 0.000000 0.000000 0.000000 0.000000 60.000000
274988 3.584229 3.584229 1614.000000 1614.000000 1674.000000 1614.000000 0.000000 0.000000 0.000000 0.000000 60.000000
275988 5.885998 5.885998 1519.000000 1519.000000 1614.000000 0.000000 1519.000000 0.000000 0.000000 0.000000 95.000000
276988 5.885998 5.885998 1519.000000 1519.000000 1614.000000 0.000000 1519.000000 0.000000 0.000000 0.000000 95.000000
277988 5.885998 5.885998 1519.000000 1519.000000 1614.000000 0.000000 1519.000000 0.000000 0.000000 0.000000 95.000000
278988 5.885998 5.885998 1519.000000 1519.000000 1614.000000 0.000000 1519.000000 0.000000 0.000000 0.000000 95.000000
279988 5.885998 5.885998 1519.000000 1519.000000 1614.000000 0.000000 1519.000000 0.000000 0.000000 0.000000 95.000000
280988 5.885998 5.885998 1519.000000 1519.000000 1614.000000 0.000000 1519.000000 0.000000 0.000000 0.000000 95.000000
281988 5.885998 5.885998 1519.000000 1519.000000 1614.000000 0.000000 1519.000000 0.000000 0.000000 0.000000 95.000000
282988 5.885998 5.885998 1519.000000 1519.000000 1614.000000 0.000000 0.000000 0.000000 1519.000000 0.000000 95.000000
283988 5.885998 5.885998 1519.000000 1519.000000 1614.000000 0.000000 0.000000 0.000000 1519.000000 0.000000 95.000000
284988 5.885998 5.885998 1519.000000 1519.000000 1614.000000 0.000000 0.000000 0.000000 1519.000000 0.000000 95.000000
285988 5.885998 5.885998 1519.000000 1519.000000 1614.000000 0.000000 0.000000 0.000000 1519.000000 0.000000 95.000000
286988 5.885998 5.885998 1519.000000 1519.000000 1614.000000 0.000000 0.000000 0.000000 1519.000000 0.000000 95.000000
287988 2.995008 2.995008 2915.000000 2915.000000 3005.000000 2915.000000 0.000000 0.000000 0.000000 0.000000 90.000000
288988 2.995008 2.995008 2915.000000 2915.000000 3005.000000 2915.000000 0.000000 0.000000 0.000000 0.000000 90.000000
289988 2.995008 2.995008 2915.000000 2915.000000 3005.000000 2915.000000 0.000000 0.000000 0.000000 0.000000 90.000000
290988 2.995008 2.995008 2915.000000 2915.000000 3005.000000 2915.000000 0.000000 0.000000 0.000000 0.000000 90.000000
291988 2.995008 2.995008 2915.000000 2915.000000 3005.000000 2915.000000 0.000000 0.000000 0.000000 0.000000 90.000000
292988 2.995008 2.995008 2915.000000 2915.000000 3005.000000 2915.000000 0.000000 0.000000 0.000000 0.000000 90.000000
293988 2.995008 2.995008 2915.000000 2915.000000 3005.000000 2915.000000 0.000000 0.000000 0.000000 0.000000 90.000000
294988 2.995008 2.995008 2915.000000 2915.000000 3005.000000 2915.000000 0.000000 0.000000 0.000000 0.000000 90.000000
295988 2.995008 2.995008 2915.000000 2915.000000 3005.000000 2915.000000 0.000000 0.000000 0.000000 0.000000 90.000000
296988 2.995008 2.995008 2915.000000 2915.000000 3005.000000 2915.000000 0.000000 0.000000 0.000000 0.000000 90.000000
297988 2.995008 2.995008 2915.000000 2915.000000 3005.000000 2915.000000 0.000000 0.000000 0.000000 0.000000 90.000000
298988 2.995008 2.995008 2915.000000 2915.000000 3005.000000 2915.000000 0.000000 0.000000 0.000000 0.000000 90.000000
299988 5.969125 5.969125 2741.000000 2741.000000 2915.000000 0.000000 2741.000000 0.000000 0.000000 0.000000 174.000000
300988 5.969125 5.969125 2741.000000 2741.000000 2915.000000 0.000000 2741.000000 0.000000 0.000000 0.000000 174.000000
301988 5.969125 5.969125 2741.000000 2741.000000 2915.000000 0.000000 2741.000000 0.000000 0.000000 0.000000 174.000000
302988 5.969125 5.969125 2741.000000 2741.000000 2915.000000 0.000000 2741.000000 0.000000 0.000000 0.000000 174.000000
303988 5.969125 5.969125 2741.000000 2741.000000 2915.000000 0.000000 2741.000000 0.000000 0.000000 0.000000 174.000000
304988 5.969125 5.969125 2741.000000 2741.000000 2915.000000 0.000000 2741.000000 0.000000 0.000000 0.000000 174.000000
305988 5.969125 5.969125 2741.000000 2741.000000 2915.000000 0.000000 2741.000000 0.000000 0.000000 0.000000 174.000000
306988 5.969125 5.969125 2741.000000 2741.000000 2915.000000 0.000000 0.000000 0.000000 2741.000000 0.000000 174.000000
307988 5.969125 5.969125 2741.000000 2741.000000 2915.000000 0.000000 0.000000 0.000000 2741.000000 0.000000 174.000000
308988 5.969125 5.969125 2741.000000 2741.000000 2915.000000 0.000000 0.000000 0.000000 2741.000000 0.000000 174.000000
309988 5.969125 5.969125 2741.000000 2741.000000 2915.000000 0.000000 0.000000 0.000000 2741.000000 0.000000 174.000000
310988 5.969125 5.969125 2741.000000 2741.000000 2915.000000 0.000000 0.000000 0.000000 2741.000000 0.000000 174.000000
311988 2.940102 2.940102 5315.000000 5315.000000 5476.000000 5315.000000 0.000000 0.000000 0.000000 0.000000 161.000000
312988 2.940102 2.940102 5315.000000 5315.000000 5476.000000 5315.000000 0.000000 0.000000 0.000000 0.000000 161.000000
313988 2.940102 2.940102 5315.000000 5315.000000 5476.000000 5315.000000 0.000000 0.000000 0.000000 0.000000 161.000000
314988 2.940102 2.940102 5315.000000 5315.000000 5476.000000 5315.000000 0.000000 0.000000 0.000000 0.000000 161.000000
315988 2.940102 2.940102 5315.000000 5315.000000 5476.000000 5315.000000 0.000000 0.000000 0.000000 0.000000 161.000000
316988 2.940102 2.940102 5315.000000 5315.000000 5476.000000 5315.000000 0.000000 0.000000 0.000000 0.000000 161.000000
317988 2.940102 2.940102 5315.000000 5315.000000 5476.000000 5315.000000 0.000000 0.000000 0.000000 0.000000 161.000000
318988 2.940102 2.940102 5315.000000 5315.000000 5476.000000 5315.000000 0.000000 0.000000 0.000000 0.000000 161.000000
319988 2.940102 2.940102 5315.000000 5315.000000 5476.000000 5315.000000 0.000000 0.000000 0.000000 0.000000 161.000000
320988 2.940102 2.940102 5315.000000 5315.000000 5476.000000 5315.000000 0.000000 0.000000 0.000000 0.000000 161.000000
321988 2.940102 2.940102 5315.000000 5315.000000 5476.000000 5315.000000 0.000000 0.000000 0.000000 0.000000 161.000000
249987 0.000000 0.000000 900.000000 900.000000 900.000000 900.000000 0.000000 0.000000 0.000000 0.000000 0.000000
250987 0.000000 0.000000 900.000000 900.000000 900.000000 900.000000 0.000000 0.000000 0.000000 0.000000 0.000000
251987 5.333333 5.333333 852.000000 852.000000 900.000000 0.000000 852.000000 0.000000 0.000000 0.000000 48.000000
252987 5.333333 5.333333 852.000000 852.000000 900.000000 0.000000 852.000000 0.000000 0.000000 0.000000 48.000000
253987 5.333333 5.333333 852.000000 852.000000 900.000000 0.000000 852.000000 0.000000 0.000000 0.000000 48.000000
254987 5.333333 5.333333 852.000000 852.000000 900.000000 0.000000 852.000000 0.000000 0.000000 0.000000 48.000000
255987 5.333333 5.333333 852.000000 852.000000 900.000000 0.000000 852.000000 0.000000 0.000000 0.000000 48.000000
256987 5.333333 5.333333 852.000000 852.000000 900.000000 0.000000 852.000000 0.000000 0.000000 0.000000 48.000000
257987 5.333333 5.333333 852.000000 852.000000 900.000000 0.000000 852.000000 0.000000 0.000000 0.000000 48.000000
258987 5.333333 5.333333 852.000000 852.000000 900.000000 0.000000 0.000000 0.000000 852.000000 0.000000 48.000000
259987 5.333333 5.333333 852.000000 852.000000 900.000000 0.000000 0.000000 0.000000 852.000000 0.000000 48.000000
260987 5.333333 5.333333 852.000000 852.000000 900.000000 0.000000 0.000000 0.000000 852.000000 0.000000 48.000000
261987 5.333333 5.333333 852.000000 852.000000 900.000000 0.000000 0.000000 0.000000 852.000000 0.000000 48.000000
262987 5.333333 5.333333 852.000000 852.000000 900.000000 0.000000 0.000000 0.000000 852.000000 0.000000 48.000000
263987 2.924704 2.924704 1560.000000 1560.000000 1607.000000 1490.000000 0.000000 0.000000 70.000000 0.000000 47.000000
264987 2.802624 2.802624 1630.000000 1630.000000 1677.000000 1630.000000 0.000000 0.000000 0.000000 0.000000 47.000000
265987 2.802624 2.802624 1630.000000 1630.000000 1677.000000 1630.000000 0.000000 0.000000 0.000000 0.000000 47.000000
266987 2.802624 2.802624 1630.000000 1630.000000 1677.000000 1630.000000 0.000000 0.000000 0.000000 0.000000 47.000000
267987 2.802624 2.802624 1630.000000 1630.000000 1677.000000 1630.000000 0.000000 0.000000 0.000000 0.000000 47.000000
268987 2.802624 2.802624 1630.000000 1630.000000 1677.000000 1630.000000 0.000000 0.000000 0.000000 0.000000 47.000000
269987 2.802624 2.802624 1630.000000 1630.000000 1677.000000 1630.000000 0.000000 0.000000 0.000000 0.000000 47.000000
270987 2.802624 2.802624 1630.000000 1630.000000 1677.000000 1630.000000 0.000000 0.000000 0.000000 0.000000 47.000000
271987 2.802624 2.802624 1630.000000 1630.000000 1677.000000 1630.000000 0.000000 0.000000 0.000000 0.000000 47.000000
272987 2.802624 2.802624 1630.000000 1630.000000 1677.000000 1630.000000 0.000000 0.000000 0.000000 0.000000 47.000000
273987 2.802624 2.802624 1630.000000 1630.000000 1677.000000 1630.000000 0.000000 0.000000 0.000000 0.000000 47.000000
274987 2.802624 2.802624 1630.000000 1630.000000 1677.000000 1630.000000 0.000000 0.000000 0.000000 0.000000 47.000000
275987 5.889571 5.889571 1534.000000 1534.000000 1630.000000 0.000000 1534.000000 0.000000 0.000000 0.000000 96.000000
276987 5.889571 5.889571 1534.000000 1534.000000 1630.000000 0.000000 1534.000000 0.000000 0.000000 0.000000 96.000000
277987 5.889571 5.889571 1534.000000 1534.000000 1630.000000 0.000000 1534.000000 0.000000 0.000000 0.000000 96.000000
278987 5.889571 5.889571 1534.000000 1534.000000 1630.000000 0.000000 1534.000000 0.000000 0.000000 0.000000 96.000000
279987 5.889571 5.889571 1534.000000 1534.000000 1630.000000 0.000000 1534.000000 0.000000 0.000000 0.000000 96.000000
280987 5.889571 5.889571 1534.000000 1534.000000 1630.000000 0.000000 1534.000000 0.000000 0.000000 0.000000 96.000000
281987 5.889571 5.889571 1534.000000 1534.000000 1630.000000 0.000000 1534.000000 0.000000 0.000000 0.000000 96.000000
282987 5.889571 5.889571 1534.000000 1534.000000 1630.000000 0.000000 0.000000 0.000000 1534.000000 0.000000 96.000000
283987 5.889571 5.889571 1534.000000 1534.000000 1630.000000 0.000000 0.000000 0.000000 1534.000000 0.000000 96.000000
284987 5.889571 5.889571 1534.000000 1534.000000 1630.000000 0.000000 0.000000 0.000000 1534.000000 0.000000 96.000000
285987 5.889571 5.889571 1534.000000 1534.000000 1630.000000 0.000000 0.000000 0.000000 1534.000000 0.000000 96.000000
286987 5.889571 5.889571 1534.000000 1534.000000 1630.000000 0.000000 0.000000 0.000000 1534.000000 0.000000 96.000000
287987 2.794214 2.794214 2957.000000 2957.000000 3042.000000 2957.000000 0.000000 0.000000 0.000000 0.000000 85.000000
288987 2.794214 2.794214 2957.000000 2957.000000 3042.000000 2957.000000 0.000000 0.000000 0.000000 0.000000 85.000000
289987 2.794214 2.794214 2957.000000 2957.000000 3042.000000 2957.000000 0.000000 0.000000 0.000000 0.000000 85.000000
290987 2.794214 2.794214 2957.000000 2957.000000 3042.000000 2957.000000 0.000000 0.000000 0.000000 0.000000 85.000000
291987 2.794214 2.794214 2957.000000 2957.000000 3042.000000 2957.000000 0.000000 0.000000 0.000000 0.000000 85.000000
292987 2.794214 2.794214 2957.000000 2957.000000 3042.000000 2957.000000 0.000000 0.000000 0.000000 0.000000 85.000000
293987 2.794214 2.794214 2957.000000 2957.000000 3042.000000 2957.000000 0.000000 0.000000 0.000000 0.000000 85.000000
294987 2.794214 2.794214 2957.000000 2957.000000 3042.000000 2957.000000 0.000000 0.000000 0.000000 0.000000 85.000000
295987 2.794214 2.794214 2957.000000 2957.000000 3042.000000 2957.000000 0.000000 0.000000 0.000000 0.000000 85.000000
296987 2.794214 2.794214 2957.000000 2957.000000 3042.000000 2957.000000 0.000000 0.000000 0.000000 0.000000 85.000000
297987 2.794214 2.794214 2957.000000 2957.000000 3042.000000 2957.000000 0.000000 0.000000 0.000000 0.000000 85.000000
298987 2.794214 2.794214 2957.000000 2957.000000 3042.000000 2957.000000 0.000000 0.000000 0.000000 0.000000 85.000000
299987 4.971255 4.971255 2810.000000 2810.000000 2957.000000 0.000000 2810.000000 0.000000 0.000000 0.000000 147.000000
300987 4.971255 4.971255 2810.000000 2810.000000 2957.000000 0.000000 2810.000000 0.000000 0.000000 0.000000 147.000000
301987 4.971255 4.971255 2810.000000 2810.000000 2957.000000 0.000000 2810.000000 0.000000 0.000000 0.000000 147.000000
302987 4.971255 4.971255 2810.000000 2810.000000 2957.000000 0.000000 2810.000000 0.000000 0.000000 0.000000 147.000000
303987 4.971255 4.971255 2810.000000 2810.000000 2957.000000 0.000000 2810.000000 0.000000 0.000000 0.000000 147.000000
304987 4.971255 4.971255 2810.000000 2810.000000 2957.000000 0.000000 2810.000000 0.000000 0.000000 0.000000 147.000000
305987 4.971255 4.971255 2810.000000 2810.000000 2957.000000 0.000000 2810.000000 0.000000 0.000000 0.000000 147.000000
306987 4.971255 4.971255 2810.000000 2810.000000 2957.000000 0.000000 0.000000 0.000000 2810.000000 0.000000 147.000000
307987 4.971255 4.971255 2810.000000 2810.000000 2957.000000 0.000000 0.000000 0.000000 2810.000000 0.000000 147.000000
308987 4.971255 4.971255 2810.000000 2810.000000 2957.000000 0.000000 0.000000 0.000000 2810.000000 0.000000 147.000000
309987 4.971255 4.971255 2810.000000 2810.000000 2957.000000 0.000000 0.000000 0.000000 2810.000000 0.000000 147.000000
310987 4.971255 4.971255 2810.000000 2810.000000 2957.000000 0.000000 0.000000 0.000000 2810.000000 0.000000 147.000000
311987 2.446866 2.446866 5462.000000 5462.000000 5599.000000 5462.000000 0.000000 0.000000 0.000000 0.000000 137.000000
312987 2.446866 2.446866 5462.000000 5462.000000 5599.000000 5462.000000 0.000000 0.000000 0.000000 0.000000 137.000000
313987 2.446866 2.446866 5462.000000 5462.000000 5599.000000 5462.000000 0.000000 0.000000 0.000000 0.000000 137.000000
314987 2.446866 2.446866 5462.000000 5462.000000 5599.000000 5462.000000 0.000000 0.000000 0.000000 0.000000 137.000000
315987 2.446866 2.446866 5462.000000 5462.000000 5599.000000 5462.000000 0.000000 0.000000 0.000000 0.000000 137.000000
316987 2.446866 2.446866 5462.000000 5462.000000 5599.000000 5462.000000 0.000000 0.000000 0.000000 0.000000 137.000000
317987 2.446866 2.446866 5462.000000 5462.000000 5599.000000 5462.000000 0.000000 0.000000 0.000000 0.000000 137.000000
318987 2.446866 2.446866 5462.000000 5462.000000 5599.000000 5462.000000 0.000000 0.000000 0.000000 0.000000 137.000000
319987 2.446866 2.446866 5462.000000 5462.000000 5599.000000 5462.000000 0.000000 0.000000 0.000000 0.000000 137.000000
320987 2.446866 2.446866 5462.000000 5462.000000 5599.000000 5462.000000 0.000000 0.000000 0.000000 0.000000 137.000000
321987 2.446866 2.446866 5462.000000 5462.000000 5599.000000 5462.000000 0.000000 0.000000 0.000000 0.000000 137.000000
249988 0.000000 0.000000 893.000000 893.000000 893.000000 893.000000 0.000000 0.000000 0.000000 0.000000 0.000000
250988 0.000000 0.000000 893.000000 893.000000 893.000000 893.000000 0.000000 0.000000 0.000000 0.000000 0.000000
251988 4.367301 4.367301 854.000000 854.000000 893.000000 0.000000 854.000000 0.000000 0.000000 0.000000 39.000000
252988 4.367301 4.367301 854.000000 854.000000 893.000000 0.000000 854.000000 0.000000 0.000000 0.000000 39.000000
253988 4.367301 4.367301 854.000000 854.000000 893.000000 0.000000 854.000000 0.000000 0.000000 0.000000 39.000000
254988 4.367301 4.367301 854.000000 854.000000 893.000000 0.000000 854.000000 0.000000 0.000000 0.000000 39.000000
255988 4.367301 4.367301 854.000000 854.000000 893.000000 0.000000 854.000000 0.000000 0.000000 0.000000 39.000000
256988 4.367301 4.367301 854.000000 854.000000 893.000000 0.000000 854.000000 0.000000 0.000000 0.000000 39.000000
257988 4.367301 4.367301 854.000000 854.000000 893.000000 0.000000 854.000000 0.000000 0.000000 0.000000 39.000000
258988 4.367301 4.367301 854.000000 854.000000 893.000000 0.000000 0.000000 0.000000 854.000000 0.000000 39.000000
259988 4.367301 4.367301 854.000000 854.000000 893.000000 0.000000 0.000000 0.000000 854.000000 0.000000 39.000000
260988 4.367301 4.367301 854.000000 854.000000 893.000000 0.000000 0.000000 0.000000 854.000000 0.000000 39.000000
261988 4.367301 4.367301 854.000000 854.000000 893.000000 0.000000 0.000000 0.000000 854.000000 0.000000 39.000000
262988 4.367301 4.367301 854.000000 854.000000 893.000000 0.000000 0.000000 0.000000 854.000000 0.000000 39.000000
263988 2.084574 2.084574 1644.000000 1644.000000 1679.000000 1644.000000 0.000000 0.000000 0.000000 0.000000 35.000000
264988 2.084574 2.084574 1644.000000 1644.000000 1679.000000 1644.000000 0.000000 0.000000 0.000000 0.000000 35.000000
265988 2.084574 2.084574 1644.000000 1644.000000 1679.000000 1644.000000 0.000000 0.000000 0.000000 0.000000 35.000000
266988 2.084574 2.084574 1644.000000 1644.000000 1679.000000 1644.000000 0.000000 0.000000 0.000000 0.000000 35.000000
267988 2.084574 2.084574 1644.000000 1644.000000 1679.000000 1644.000000 0.000000 0.000000 0.000000 0.000000 35.000000
268988 2.084574 2.084574 1644.000000 1644.000000 1679.000000 1644.000000 0.000000 0.000000 0.000000 0.000000 35.000000
269988 2.084574 2.084574 1644.000000 1644.000000 1679.000000 1644.000000 0.000000 0.000000 0.000000 0.000000 35.000000
270988 2.084574 2.084574 1644.000000 1644.000000 1679.000000 1644.000000 0.000000 0.000000 0.000000 0.000000 35.000000
271988 2.084574 2.084574 1644.000000 1644.000000 1679.000000 1644.000000 0.000000 0.000000 0.000000 0.000000 35.000000
272988 2.084574 2.084574 1644.000000 1644.000000 1679.000000 1644.000000 0.000000 0.000000 0.000000 0.000000 35.000000
273988 2.084574 2.084574 1644.000000 1644.000000 1679.000000 1644.000000 0.000000 0.000000 0.000000 0.000000 35.000000
274988 2.084574 2.084574 1644.000000 1644.000000 1679.000000 1644.000000 0.000000 0.000000 0.000000 0.000000 35.000000
275988 5.961071 5.961071 1546.000000 1546.000000 1644.000000 0.000000 1546.000000 0.000000 0.000000 0.000000 98.000000
276988 5.961071 5.961071 1546.000000 1546.000000 1644.000000 0.000000 1546.000000 0.000000 0.000000 0.000000 98.000000
277988 5.961071 5.961071 1546.000000 1546.000000 1644.000000 0.000000 1546.000000 0.000000 0.000000 0.000000 98.000000
278988 5.961071 5.961071 1546.000000 1546.000000 1644.000000 0.000000 1546.000000 0.000000 0.000000 0.000000 98.000000
279988 5.961071 5.961071 1546.000000 1546.000000 1644.000000 0.000000 1546.000000 0.000000 0.000000 0.000000 98.000000
280988 5.961071 5.961071 1546.000000 1546.000000 1644.000000 0.000000 1546.000000 0.000000 0.000000 0.000000 98.000000
281988 5.961071 5.961071 1546.000000 1546.000000 1644.000000 0.000000 1546.000000 0.000000 0.000000 0.000000 98.000000
282988 5.961071 5.961071 1546.000000 1546.000000 1644.000000 0.000000 0.000000 0.000000 1546.000000 0.000000 98.000000
283988 5.961071 5.961071 1546.000000 1546.000000 1644.000000 0.000000 0.000000 0.000000 1546.000000 0.000000 98.000000
284988 5.961071 5.961071 1546.000000 1546.000000 1644.000000 0.000000 0.000000 0.000000 1546.000000 0.000000 98.000000
285988 5.961071 5.961071 1546.000000 1546.000000 1644.000000 0.000000 0.000000 0.000000 1546.000000 0.000000 98.000000
286988 5.961071 5.961071 1546.000000 1546.000000 1644.000000 0.000000 0.000000 0.000000 1546.000000 0.000000 98.000000
287988 2.764228 2.764228 2990.000000 2990.000000 3075.000000 2990.000000 0.000000 0.000000 0.000000 0.000000 85.000000
288988 2.764228 2.764228 2990.000000 2990.000000 3075.000000 2990.000000 0.000000 0.000000 0.000000 0.000000 85.000000
289988 2.764228 2.764228 2990.000000 2990.000000 3075.000000 2990.000000 0.000000 0.000000 0.000000 0.000000 85.000000
290988 2.764228 2.764228 2990.000000 2990.000000 3075.000000 2990.000000 0.000000 0.000000 0.000000 0.000000 85.000000
291988 2.764228 2.764228 2990.000000 2990.000000 3075.000000 2990.000000 0.000000 0.000000 0.000000 0.000000 85.000000
292988 2.764228 2.764228 2990.000000 2990.000000 3075.000000 2990.000000 0.000000 0.000000 0.000000 0.000000 85.000000
293988 2.764228 2.764228 2990.000000 2990.000000 3075.000000 2990.000000 0.000000 0.000000 0.000000 0.000000 85.000000
294988 2.764228 2.764228 2990.000000 2990.000000 3075.000000 2990.000000 0.000000 0.000000 0.000000 0.000000 85.000000
295988 2.764228 2.764228 2990.000000 2990.000000 3075.000000 2990.000000 0.000000 0.000000 0.000000 0.000000 85.000000
296988 2.764228 2.764228 2990.000000 2990.000000 3075.000000 2990.000000 0.000000 0.000000 0.000000 0.000000 85.000000
297988 2.764228 2.764228 2990.000000 2990.000000 3075.000000 2990.000000 0.000000 0.000000 0.000000 0.000000 85.000000
298988 2.764228 2.764228 2990.000000 2990.000000 3075.000000 2990.000000 0.000000 0.000000 0.000000 0.000000 85.000000
299988 6.488294 6.488294 2796.000000 2796.000000 2990.000000 0.000000 2796.000000 0.000000 0.000000 0.000000 194.000000
300988 6.488294 6.488294 2796.000000 2796.000000 2990.000000 0.000000 2796.000000 0.000000 0.000000 0.000000 194.000000
301988 6.488294 6.488294 2796.000000 2796.000000 2990.000000 0.000000 2796.000000 0.000000 0.000000 0.000000 194.000000
302988 6.488294 6.488294 2796.000000 2796.000000 2990.000000 0.000000 2796.000000 0.000000 0.000000 0.000000 194.000000
303988 6.488294 6.488294 2796.000000 2796.000000 2990.000000 0.000000 2796.000000 0.000000 0.000000 0.000000 194.000000
304988 6.488294 6.488294 2796.000000 2796.000000 2990.000000 0.000000 2796.000000 0.000000 0.000000 0.000000 194.000000
305988 6.488294 6.488294 2796.000000 2796.000000 2990.000000 0.000000 2796.000000 0.000000 0.000000 0.000000 194.000000
306988 6.488294 6.488294 2796.000000 2796.000000 2990.000000 0.000000 0.000000 0.000000 2796.000000 0.000000 194.000000
307988 6.488294 6.488294 2796.000000 2796.000000 2990.000000 0.000000 0.000000 0.000000 2796.000000 0.000000 194.000000
308988 6.488294 6.488294 2796.000000 2796.000000 2990.000000 0.000000 0.000000 0.000000 2796.000000 0.000000 194.000000
309988 6.488294 6.488294 2796.000000 2796.000000 2990.000000 0.000000 0.000000 0.000000 2796.000000 0.000000 194.000000
310988 6.488294 6.488294 2796.000000 2796.000000 2990.000000 0.000000 0.000000 0.000000 2796.000000 0.000000 194.000000
311988 3.287475 3.287475 5413.000000 5413.000000 5597.000000 5413.000000 0.000000 0.000000 0.000000 0.000000 184.000000
312988 3.287475 3.287475 5413.000000 5413.000000 5597.000000 5413.000000 0.000000 0.000000 0.000000 0.000000 184.000000
313988 3.287475 3.287475 5413.000000 5413.000000 5597.000000 5413.000000 0.000000 0.000000 0.000000 0.000000 184.000000
314988 3.287475 3.287475 5413.000000 5413.000000 5597.000000 5413.000000 0.000000 0.000000 0.000000 0.000000 184.000000
315988 3.287475 3.287475 5413.000000 5413.000000 5597.000000 5413.000000 0.000000 0.000000 0.000000 0.000000 184.000000
316988 3.287475 3.287475 5413.000000 5413.000000 5597.000000 5413.000000 0.000000 0.000000 0.000000 0.000000 184.000000
317988 3.287475 3.287475 5413.000000 5413.000000 5597.000000 5413.000000 0.000000 0.000000 0.000000 0.000000 184.000000
318988 3.287475 3.287475 5413.000000 5413.000000 5597.000000 5413.000000 0.000000 0.000000 0.000000 0.000000 184.000000
319988 3.287475 3.287475 5413.000000 5413.000000 5597.000000 5413.000000 0.000000 0.000000 0.000000 0.000000 184.000000
320988 3.287475 3.287475 5413.000000 5413.000000 5597.000000 5413.000000 0.000000 0.000000 0.000000 0.000000 184.000000
321988 3.287475 3.287475 5413.000000 5413.000000 5597.000000 5413.000000 0.000000 0.000000 0.000000 0.000000 184.000000
249988 0.000000 0.000000 910.000000 910.000000 910.000000 910.000000 0.000000 0.000000 0.000000 0.000000 0.000000
250988 0.000000 0.000000 910.000000 910.000000 910.000000 910.000000 0.000000 0.000000 0.000000 0.000000 0.000000
251988 5.274725 5.274725 862.000000 862.000000 910.000000 0.000000 862.000000 0.000000 0.000000 0.000000 48.000000
252988 5.274725 5.274725 862.000000 862.000000 910.000000 0.000000 862.000000 0.000000 0.000000 0.000000 48.000000
253988 5.274725 5.274725 862.000000 862.000000 910.000000 0.000000 862.000000 0.000000 0.000000 0.000000 48.000000
254988 5.274725 5.274725 862.000000 862.000000 910.000000 0.000000 862.000000 0.000000 0.000000 0.000000 48.000000
255988 5.274725 5.274725 862.000000 862.000000 910.000000 0.000000 862.000000 0.000000 0.000000 0.000000 48.000000
256988 5.274725 5.274725 862.000000 862.000000 910.000000 0.000000 862.000000 0.000000 0.000000 0.000000 48.000000
257988 5.274725 5.274725 862.000000 862.000000 910.000000 0.000000 862.000000 0.000000 0.000000 0.000000 48.000000
258988 5.274725 5.274725 862.000000 862.000000 910.000000 0.000000 0.000000 0.000000 862.000000 0.000000 48.000000
259988 5.274725 5.274725 862.000000 862.000000 910.000000 0.000000 0.000000 0.000000 862.000000 0.000000 48.000000
260988 5.274725 5.274725 862.000000 862.000000 910.000000 0.000000 0.000000 0.000000 862.000000 0.000000 48.000000
261988 5.274725 5.274725 862.000000 862.000000 910.000000 0.000000 0.000000 0.000000 862.000000 0.000000 48.000000
262988 5.274725 5.274725 862.000000 862.000000 910.000000 0.000000 0.000000 0.000000 862.000000 0.000000 48.000000
263988 2.470588 2.470588 1658.000000 1658.000000 1700.000000 1658.000000 0.000000 0.000000 0.000000 0.000000 42.000000
264988 2.470588 2.470588 1658.000000 1658.000000 1700.000000 1658.000000 0.000000 0.000000 0.000000 0.000000 42.000000
265988 2.470588 2.470588 1658.000000 1658.000000 1700.000000 1658.000000 0.000000 0.000000 0.000000 0.000000 42.000000
266988 2.470588 2.470588 1658.000000 1658.000000 1700.000000 1658.000000 0.000000 0.000000 0.000000 0.000000 42.000000
267988 2.470588 2.470588 1658.000000 1658.000000 1700.000000 1658.000000 0.000000 0.000000 0.000000 0.000000 42.000000
268988 2.470588 2.470588 1658.000000 1658.000000 1700.000000 1658.000000 0.000000 0.000000 0.000000 0.000000 42.000000
269988 2.470588 2.470588 1658.000000 1658.000000 1700.000000 1658.000000 0.000000 0.000000 0.000000 0.000000 42.000000
270988 2.470588 2.470588 1658.000000 1658.000000 1700.000000 1658.000000 0.000000 0.000000 0.000000 0.000000 42.000000
271988 2.470588 2.470588 1658.000000 1658.000000 1700.000000 1658.000000 0.000000 0.000000 0.000000 0.000000 42.000000
272988 2.470588 2.470588 1658.000000 1658.000000 1700.000000 1658.000000 0.000000 0.000000 0.000000 0.000000 42.000000
273988 2.470588 2.470588 1658.000000 1658.000000 1700.000000 1658.000000 0.000000 0.000000 0.000000 0.000000 42.000000
274988 2.470588 2.470588 1658.000000 1658.000000 1700.000000 1658.000000 0.000000 0.000000 0.000000 0.000000 42.000000
275988 6.151990 6.151990 1556.000000 1556.000000 1658.000000 0.000000 1556.000000 0.000000 0.000000 0.000000 102.000000
276988 6.151990 6.151990 1556.000000 1556.000000 1658.000000 0.000000 1556.000000 0.000000 0.000000 0.000000 102.000000
277988 6.151990 6.151990 1556.000000 1556.000000 1658.000000 0.000000 1556.000000 0.000000 0.000000 0.000000 102.000000
278988 6.151990 6.151990 1556.000000 1556.000000 1658.000000 0.000000 1556.000000 0.000000 0.000000 0.000000 102.000000
279988 6.151990 6.151990 1556.000000 1556.000000 1658.000000 0.000000 1556.000000 0.000000 0.000000 0.000000 102.000000
280988 6.151990 6.151990 1556.000000 1556.000000 1658.000000 0.000000 1556.000000 0.000000 0.000000 0.000000 102.000000
281988 6.151990 6.151990 1556.000000 1556.000000 1658.000000 0.000000 1556.000000 0.000000 0.000000 0.000000 102.000000
282988 6.151990 6.151990 1556.000000 1556.000000 1658.000000 0.000000 0.000000 0.000000 1556.000000 0.000000 102.000000
283988 6.151990 6.151990 1556.000000 1556.000000 1658.000000 0.000000 0.000000 0.000000 1556.000000 0.000000 102.000000
284988 6.151990 6.151990 1556.000000 1556.000000 1658.000000 0.000000 0.000000 0.000000 1556.000000 0.000000 102.000000
285988 6.151990 6.151990 1556.000000 1556.000000 1658.000000 0.000000 0.000000 0.000000 1556.000000 0.000000 102.000000
286988 6.151990 6.151990 1556.000000 1556.000000 1658.000000 0.000000 0.000000 0.000000 1556.000000 0.000000 102.000000
287988 3.135100 3.135100 2997.000000 2997.000000 3094.000000 2997.000000 0.000000 0.000000 0.000000 0.000000 97.000000
288988 3.135100 3.135100 2997.000000 2997.000000 3094.000000 2997.000000 0.000000 0.000000 0.000000 0.000000 97.000000
289988 3.135100 3.135100 2997.000000 2997.000000 3094.000000 2997.000000 0.000000 0.000000 0.000000 0.000000 97.000000
290988 3.135100 3.135100 2997.000000 2997.000000 3094.000000 2997.000000 0.000000 0.000000 0.000000 0.000000 97.000000
291988 3.135100 3.135100 2997.000000 2997.000000 3094.000000 2997.000000 0.000000 0.000000 0.000000 0.000000 97.000000
292988 3.135100 3.135100 2997.000000 2997.000000 3094.000000 2997.000000 0.000000 0.000000 0.000000 0.000000 97.000000
293988 3.135100 3.135100 2997.000000 2997.000000 3094.000000 2997.000000 0.000000 0.000000 0.000000 0.000000 97.000000
294988 3.135100 3.135100 2997.000000 2997.000000 3094.000000 2997.000000 0.000000 0.000000 0.000000 0.000000 97.000000
295988 3.135100 3.135100 2997.000000 2997.000000 3094.000000 2997.000000 0.000000 0.000000 0.000000 0.000000 97.000000
296988 3.135100 3.135100 2997.000000 2997.000000 3094.000000 2997.000000 0.000000 0.000000 0.000000 0.000000 97.000000
297988 3.135100 3.135100 2997.000000 2997.000000 3094.000000 2997.000000 0.000000 0.000000 0.000000 0.000000 97.000000
298988 3.135100 3.135100 2997.000000 2997.000000 3094.000000 2997.000000 0.000000 0.000000 0.000000 0.000000 97.000000
299988 6.139473 6.139473 2813.000000 2813.000000 2997.000000 0.000000 2813.000000 0.000000 0.000000 0.000000 184.000000
300988 6.139473 6.139473 2813.000000 2813.000000 2997.000000 0.000000 2813.000000 0.000000 0.000000 0.000000 184.000000
301988 6.139473 6.139473 2813.000000 2813.000000 2997.000000 0.000000 2813.000000 0.000000 0.000000 0.000000 184.000000
302988 6.139473 6.139473 2813.000000 2813.000000 2997.000000 0.000000 2813.000000 0.000000 0.000000 0.000000 184.000000
303988 6.139473 6.139473 2813.000000 2813.000000 2997.000000 0.000000 2813.000000 0.000000 0.000000 0.000000 184.000000
304988 6.139473 6.139473 2813.000000 2813.000000 2997.000000 0.000000 2813.000000 0.000000 0.000000 0.000000 184.000000
305988 6.139473 6.139473 2813.000000 2813.000000 2997.000000 0.000000 2813.000000 0.000000 0.000000 0.000000 184.000000
306988 6.139473 6.139473 2813.000000 2813.000000 2997.000000 0.000000 0.000000 0.000000 2813.000000 0.000000 184.000000
307988 6.139473 6.139473 2813.000000 2813.000000 2997.000000 0.000000 0.000000 0.000000 2813.000000 0.000000 184.000000
308988 6.139473 6.139473 2813.000000 2813.000000 2997.000000 0.000000 0.000000 0.000000 2813.000000 0.000000 184.000000
309988 6.139473 6.139473 2813.000000 2813.000000 2997.000000 0.000000 0.000000 0.000000 2813.000000 0.000000 184.000000
310988 6.139473 6.139473 2813.000000 2813.000000 2997.000000 0.000000 0.000000 0.000000 2813.000000 0.000000 184.000000
311988 3.090037 3.090037 5457.000000 5457.000000 5631.000000 5457.000000 0.000000 0.000000 0.000000 0.000000 174.000000
312988 3.090037 3.090037 5457.000000 5457.000000 5631.000000 5457.000000 0.000000 0.000000 0.000000 0.000000 174.000000
313988 3.090037 3.090037 5457.000000 5457.000000 5631.000000 5457.000000 0.000000 0.000000 0.000000 0.000000 174.000000
314988 3.090037 3.090037 5457.000000 5457.000000 5631.000000 5457.000000 0.000000 0.000000 0.000000 0.000000 174.000000
315988 3.090037 3.090037 5457.000000 5457.000000 5631.000000 5457.000000 0.000000 0.000000 0.000000 0.000000 174.000000
316988 3.090037 3.090037 5457.000000 5457.000000 5631.000000 5457.000000 0.000000 0.000000 0.000000 0.000000 174.000000
317988 3.090037 3.090037 5457.000000 5457.000000 5631.000000 5457.000000 0.000000 0.000000 0.000000 0.000000 174.000000
318988 3.090037 3.090037 5457.000000 5457.000000 5631.000000 5457.000000 0.000000 0.000000 0.000000 0.000000 174.000000
319988 3.090037 3.090037 5457.000000 5457.000000 5631.000000 5457.000000 0.000000 0.000000 0.000000 0.000000 174.000000
320988 3.090037 3.090037 5457.000000 5457.000000 5631.000000 5457.000000 0.000000 0.000000 0.000000 0.000000 174.000000
321988 3.090037 3.090037 5457.000000 5457.000000 5631.000000 5457.000000 0.000000 0.000000 0.000000 0.000000 174.000000
249988 0.000000 0.000000 909.000000 909.000000 909.000000 909.000000 0.000000 0.000000 0.000000 0.000000 0.000000
250988 0.000000 0.000000 909.000000 909.000000 909.000000 909.000000 0.000000 0.000000 0.000000 0.000000 0.000000
251988 4.620462 4.620462 867.000000 867.000000 909.000000 0.000000 867.000000 0.000000 0.000000 0.000000 42.000000
252988 4.620462 4.620462 867.000000 867.000000 909.000000 0.000000 867.000000 0.000000 0.000000 0.000000 42.000000
253988 4.620462 4.620462 867.000000 867.000000 909.000000 0.000000 867.000000 0.000000 0.000000 0.000000 42.000000
254988 4.620462 4.620462 867.000000 867.000000 909.000000 0.000000 867.000000 0.000000 0.000000 0.000000 42.000000
255988 4.620462 4.620462 867.000000 867.000000 909.000000 0.000000 867.000000 0.000000 0.000000 0.000000 42.000000
256988 4.620462 4.620462 867.000000 867.000000 909.000000 0.000000 867.000000 0.000000 0.000000 0.000000 42.000000
257988 4.620462 4.620462 867.000000 867.000000 909.000000 0.000000 867.000000 0.000000 0.000000 0.000000 42.000000
258988 4.620462 4.620462 867.000000 867.000000 909.000000 0.000000 0.000000 0.000000 867.000000 0.000000 42.000000
259988 4.620462 4.620462 867.000000 867.000000 909.000000 0.000000 0.000000 0.000000 867.000000 0.000000 42.000000
260988 4.620462 4.620462 867.000000 867.000000 909.000000 0.000000 0.000000 0.000000 867.000000 0.000000 42.000000
261988 4.620462 4.620462 867.000000 867.000000 909.000000 0.000000 0.000000 0.000000 867.000000 0.000000 42.000000
262988 4.620462 4.620462 867.000000 867.000000 909.000000 0.000000 0.000000 0.000000 867.000000 0.000000 42.000000
263988 2.287390 2.287390 1666.000000 1666.000000 1705.000000 1666.000000 0.000000 0.000000 0.000000 0.000000 39.000000
264988 2.287390 2.287390 1666.000000 1666.000000 1705.000000 1666.000000 0.000000 0.000000 0.000000 0.000000 39.000000
265988 2.287390 2.287390 1666.000000 1666.000000 1705.000000 1666.000000 0.000000 0.000000 0.000000 0.000000 39.000000
266988 2.287390 2.287390 1666.000000 1666.000000 1705.000000 1666.000000 0.000000 0.000000 0.000000 0.000000 39.000000
267988 2.287390 2.287390 1666.000000 1666.000000 1705.000000 1666.000000 0.000000 0.000000 0.000000 0.000000 39.000000
268988 2.287390 2.287390 1666.000000 1666.000000 1705.000000 1666.000000 0.000000 0.000000 0.000000 0.000000 39.000000
269988 2.287390 2.287390 1666.000000 1666.000000 1705.000000 1666.000000 0.000000 0.000000 0.000000 0.000000 39.000000
270988 2.287390 2.287390 1666.000000 1666.000000 1705.000000 1666.000000 0.000000 0.000000 0.000000 0.000000 39.000000
271988 2.287390 2.287390 1666.000000 1666.000000 1705.000000 1666.000000 0.000000 0.000000 0.000000 0.000000 39.000000
272988 2.287390 2.287390 1666.000000 1666.000000 1705.000000 1666.000000 0.000000 0.000000 0.000000 0.000000 39.000000
273988 2.287390 2.287390 1666.000000 1666.000000 1705.000000 1666.000000 0.000000 0.000000 0.000000 0.000000 39.000000
274988 2.287390 2.287390 1666.000000 1666.000000 1705.000000 1666.000000 0.000000 0.000000 0.000000 0.000000 39.000000
275988 5.282113 5.282113 1578.000000 1578.000000 1666.000000 0.000000 1578.000000 0.000000 0.000000 0.000000 88.000000
276988 5.282113 5.282113 1578.000000 1578.000000 1666.000000 0.000000 1578.000000 0.000000 0.000000 0.000000 88.000000
277988 5.282113 5.282113 1578.000000 1578.000000 1666.000000 0.000000 1578.000000 0.000000 0.000000 0.000000 88.000000
278988 5.282113 5.282113 1578.000000 1578.000000 1666.000000 0.000000 1578.000000 0.000000 0.000000 0.000000 88.000000
279988 5.282113 5.282113 1578.000000 1578.000000 1666.000000 0.000000 1578.000000 0.000000 0.000000 0.000000 88.000000
280988 5.282113 5.282113 1578.000000 1578.000000 1666.000000 0.000000 1578.000000 0.000000 0.000000 0.000000 88.000000
281988 5.282113 5.282113 1578.000000 1578.000000 1666.000000 0.000000 1578.000000 0.000000 0.000000 0.000000 88.000000
282988 5.282113 5.282113 1578.000000 1578.000000 1666.000000 0.000000 0.000000 0.000000 1578.000000 0.000000 88.000000
283988 5.282113 5.282113 1578.000000 1578.000000 1666.000000 0.000000 0.000000 0.000000 1578.000000 0.000000 88.000000
284988 5.282113 5.282113 1578.000000 1578.000000 1666.000000 0.000000 0.000000 0.000000 1578.000000 0.000000 88.000000
285988 5.282113 5.282113 1578.000000 1578.000000 1666.000000 0.000000 0.000000 0.000000 1578.000000 0.000000 88.000000
286988 5.282113 5.282113 1578.000000 1578.000000 1666.000000 0.000000 0.000000 0.000000 1578.000000 0.000000 88.000000
287988 2.466368 2.466368 3045.000000 3045.000000 3122.000000 3045.000000 0.000000 0.000000 0.000000 0.000000 77.000000
288988 2.466368 2.466368 3045.000000 3045.000000 3122.000000 3045.000000 0.000000 0.000000 0.000000 0.000000 77.000000
289988 2.466368 2.466368 3045.000000 3045.000000 3122.000000 3045.000000 0.000000 0.000000 0.000000 0.000000 77.000000
290988 2.466368 2.466368 3045.000000 3045.000000 3122.000000 3045.000000 0.000000 0.000000 0.000000 0.000000 77.000000
291988 2.466368 2.466368 3045.000000 3045.000000 3122.000000 3045.000000 0.000000 0.000000 0.000000 0.000000 77.000000
292988 2.466368 2.466368 3045.000000 3045.000000 3122.000000 3045.000000 0.000000 0.000000 0.000000 0.000000 77.000000
293988 2.466368 2.466368 3045.000000 3045.000000 3122.000000 3045.000000 0.000000 0.000000 0.000000 0.000000 77.000000
294988 2.466368 2.466368 3045.000000 3045.000000 3122.000000 3045.000000 0.000000 0.000000 0.000000 0.000000 77.000000
295988 2.466368 2.466368 3045.000000 3045.000000 3122.000000 3045.000000 0.000000 0.000000 0.000000 0.000000 77.000000
296988 2.466368 2.466368 3045.000000 3045.000000 3122.000000 3045.000000 0.000000 0.000000 0.000000 0.000000 77.000000
297988 2.466368 2.466368 3045.000000 3045.000000 3122.000000 3045.000000 0.000000 0.000000 0.000000 0.000000 77.000000
298988 2.466368 2.466368 3045.000000 3045.000000 3122.000000 3045.000000 0.000000 0.000000 0.000000 0.000000 77.000000
299988 5.254516 5.254516 2885.000000 2885.000000 3045.000000 0.000000 2885.000000 0.000000 0.000000 0.000000 160.000000
300988 5.254516 5.254516 2885.000000 2885.000000 3045.000000 0.000000 2885.000000 0.000000 0.000000 0.000000 160.000000
301988 5.254516 5.254516 2885.000000 2885.000000 3045.000000 0.000000 2885.000000 0.000000 0.000000 0.000000 160.000000
302988 5.254516 5.254516 2885.000000 2885.000000 3045.000000 0.000000 2885.000000 0.000000 0.000000 0.000000 160.000000
303988 5.254516 5.254516 2885.000000 2885.000000 3045.000000 0.000000 2885.000000 0.000000 0.000000 0.000000 160.000000
304988 5.254516 5.254516 2885.000000 2885.000000 3045.000000 0.000000 2885.000000 0.000000 0.000000 0.000000 160.000000
305988 5.254516 5.254516 2885.000000 2885.000000 3045.000000 0.000000 2885.000000 0.000000 0.000000 0.000000 160.000000
306988 5.254516 5.254516 2885.000000 2885.000000 3045.000000 0.000000 0.000000 0.000000 2885.000000 0.000000 160.000000
307988 5.254516 5.254516 2885.000000 2885.000000 3045.000000 0.000000 0.000000 0.000000 2885.000000 0.000000 160.000000
308988 5.254516 5.254516 2885.000000 2885.000000 3045.000000 0.000000 0.000000 0.000000 2885.000000 0.000000 160.000000
309988 5.254516 5.254516 2885.000000 2885.000000 3045.000000 0.000000 0.000000 0.000000 2885.000000 0.000000 160.000000
310988 5.254516 5.254516 2885.000000 2885.000000 3045.000000 0.000000 0.000000 0.000000 2885.000000 0.000000 160.000000
311988 2.644858 2.644858 5595.000000 5595.000000 5747.000000 5595.000000 0.000000 0.000000 0.000000 0.000000 152.000000
312988 2.644858 2.644858 5595.000000 5595.000000 5747.000000 5595.000000 0.000000 0.000000 0.000000 0.000000 152.000000
313988 2.644858 2.644858 5595.000000 5595.000000 5747.000000 5595.000000 0.000000 0.000000 0.000000 0.000000 152.000000
314988 2.644858 2.644858 5595.000000 5595.000000 5747.000000 5595.000000 0.000000 0.000000 0.000000 0.000000 152.000000
315988 2.644858 2.644858 5595.000000 5595.000000 5747.000000 5595.000000 0.000000 0.000000 0.000000 0.000000 152.000000
316988 2.644858 2.644858 5595.000000 5595.000000 5747.000000 5595.000000 0.000000 0.000000 0.000000 0.000000 152.000000
317988 2.644858 2.644858 5595.000000 5595.000000 5747.000000 5595.000000 0.000000 0.000000 0.000000 0.000000 152.000000
318988 2.644858 2.644858 5595.000000 5595.000000 5747.000000 5595.000000 0.000000 0.000000 0.000000 0.000000 152.000000
319988 2.644858 2.644858 5595.000000 5595.000000 5747.000000 5595.000000 0.000000 0.000000 0.000000 0.000000 152.000000
320988 2.644858 2.644858 5595.000000 5595.000000 5747.000000 5595.000000 0.000000 0.000000 0.000000 0.000000 152.000000
321988 2.644858 2.644858 5595.000000 5595.000000 5747.000000 5595.000000 0.000000 0.000000 0.000000 0.000000 152.000000
249987 0.000000 0.000000 884.000000 884.000000 884.000000 884.000000 0.000000 0.000000 0.000000 0.000000 0.000000
250987 0.000000 0.000000 884.000000 884.000000 884.000000 884.000000 0.000000 0.000000 0.000000 0.000000 0.000000
251987 6.900452 6.900452 823.000000 823.000000 884.000000 0.000000 823.000000 0.000000 0.000000 0.000000 61.000000
252987 6.900452 6.900452 823.000000 823.000000 884.000000 0.000000 823.000000 0.000000 0.000000 0.000000 61.000000
253987 6.900452 6.900452 823.000000 823.000000 884.000000 0.000000 823.000000 0.000000 0.000000 0.000000 61.000000
254987 6.900452 6.900452 823.000000 823.000000 884.000000 0.000000 823.000000 0.000000 0.000000 0.000000 61.000000
255987 6.900452 6.900452 823.000000 823.000000 884.000000 0.000000 823.000000 0.000000 0.000000 0.000000 61.000000
256987 6.900452 6.900452 823.000000 823.000000 884.000000 0.000000 823.000000 0.000000 0.000000 0.000000 61.000000
257987 6.900452 6.900452 823.000000 823.000000 884.000000 0.000000 823.000000 0.000000 0.000000 0.000000 61.000000
258987 6.900452 6.900452 823.000000 823.000000 884.000000 0.000000 0.000000 0.000000 823.000000 0.000000 61.000000
259987 6.900452 6.900452 823.000000 823.000000 884.000000 0.000000 0.000000 0.000000 823.000000 0.000000 61.000000
260987 6.900452 6.900452 823.000000 823.000000 884.000000 0.000000 0.000000 0.000000 823.000000 0.000000 61.000000
261987 6.900452 6.900452 823.000000 823.000000 884.000000 0.000000 0.000000 0.000000 823.000000 0.000000 61.000000
262987 6.900452 6.900452 823.000000 823.000000 884.000000 0.000000 0.000000 0.000000 823.000000 0.000000 61.000000
263987 3.661616 3.661616 1526.000000 1526.000000 1584.000000 1479.000000 0.000000 0.000000 47.000000 0.000000 58.000000
264987 3.556101 3.556101 1573.000000 1573.000000 1631.000000 1573.000000 0.000000 0.000000 0.000000 0.000000 58.000000
265987 3.556101 3.556101 1573.000000 1573.000000 1631.000000 1573.000000 0.000000 0.000000 0.000000 0.000000 58.000000
266987 3.556101 3.556101 1573.000000 1573.000000 1631.000000 1573.000000 0.000000 0.000000 0.000000 0.000000 58.000000
267987 3.556101 3.556101 1573.000000 1573.000000 1631.000000 1573.000000 0.000000 0.000000 0.000000 0.000000 58.000000
268987 3.556101 3.556101 1573.000000 1573.000000 1631.000000 1573.000000 0.000000 0.000000 0.000000 0.000000 58.000000
269987 3.556101 3.556101 1573.000000 1573.000000 1631.000000 1573.000000 0.000000 0.000000 0.000000 0.000000 58.000000
270987 3.556101 3.556101 1573.000000 1573.000000 1631.000000 1573.000000 0.000000 0.000000 0.000000 0.000000 58.000000
271987 3.556101 3.556101 1573.000000 1573.000000 1631.000000 1573.000000 0.000000 0.000000 0.000000 0.000000 58.000000
272987 3.556101 3.556101 1573.000000 1573.000000 1631.000000 1573.000000 0.000000 0.000000 0.000000 0.000000 58.000000
273987 3.556101 3.556101 1573.000000 1573.000000 1631.000000 1573.000000 0.000000 0.000000 0.000000 0.000000 58.000000
274987 3.556101 3.556101 1573.000000 1573.000000 1631.000000 1573.000000 0.000000 0.000000 0.000000 0.000000 58.000000
275987 5.594406 5.594406 1485.000000 1485.000000 1573.000000 0.000000 1485.000000 0.000000 0.000000 0.000000 88.000000
276987 5.594406 5.594406 1485.000000 1485.000000 1573.000000 0.000000 1485.000000 0.000000 0.000000 0.000000 88.000000
277987 5.594406 5.594406 1485.000000 1485.000000 1573.000000 0.000000 1485.000000 0.000000 0.000000 0.000000 88.000000
278987 5.594406 5.594406 1485.000000 1485.000000 1573.000000 0.000000 1485.000000 0.000000 0.000000 0.000000 88.000000
279987 5.594406 5.594406 1485.000000 1485.000000 1573.000000 0.000000 1485.000000 0.000000 0.000000 0.000000 88.000000
280987 5.594406 5.594406 1485.000000 1485.000000 1573.000000 0.000000 1485.000000 0.000000 0.000000 0.000000 88.000000
281987 5.594406 5.594406 1485.000000 1485.000000 1573.000000 0.000000 1485.000000 0.000000 0.000000 0.000000 88.000000
282987 5.594406 5.594406 1485.000000 1485.000000 1573.000000 0.000000 0.000000 0.000000 1485.000000 0.000000 88.000000
283987 5.594406 5.594406 1485.000000 1485.000000 1573.000000 0.000000 0.000000 0.000000 1485.000000 0.000000 88.000000
284987 5.594406 5.594406 1485.000000 1485.000000 1573.000000 0.000000 0.000000 0.000000 1485.000000 0.000000 88.000000
285987 5.594406 5.594406 1485.000000 1485.000000 1573.000000 0.000000 0.000000 0.000000 1485.000000 0.000000 88.000000
286987 5.594406 5.594406 1485.000000 1485.000000 1573.000000 0.000000 0.000000 0.000000 1485.000000 0.000000 88.000000
287987 2.558854 2.558854 2856.000000 2856.000000 2931.000000 2856.000000 0.000000 0.000000 0.000000 0.000000 75.000000
288987 2.558854 2.558854 2856.000000 2856.000000 2931.000000 2856.000000 0.000000 0.000000 0.000000 0.000000 75.000000
289987 2.558854 2.558854 2856.000000 2856.000000 2931.000000 2856.000000 0.000000 0.000000 0.000000 0.000000 75.000000
290987 2.558854 2.558854 2856.000000 2856.000000 2931.000000 2856.000000 0.000000 0.000000 0.000000 0.000000 75.000000
291987 2.558854 2.558854 2856.000000 2856.000000 2931.000000 2856.000000 0.000000 0.000000 0.000000 0.000000 75.000000
292987 2.558854 2.558854 2856.000000 2856.000000 2931.000000 2856.000000 0.000000 0.000000 0.000000 0.000000 75.000000
293987 2.558854 2.558854 2856.000000 2856.000000 2931.000000 2856.000000 0.000000 0.000000 0.000000 0.000000 75.000000
294987 2.558854 2.558854 2856.000000 2856.000000 2931.000000 2856.000000 0.000000 0.000000 0.000000 0.000000 75.000000
295987 2.558854 2.558854 2856.000000 2856.000000 2931.000000 2856.000000 0.000000 0.000000 0.000000 0.000000 75.000000
296987 2.558854 2.558854 2856.000000 2856.000000 2931.000000 2856.000000 0.000000 0.000000 0.000000 0.000000 75.000000
297987 2.558854 2.558854 2856.000000 2856.000000 2931.000000 2856.000000 0.000000 0.000000 0.000000 0.000000 75.000000
298987 2.558854 2.558854 2856.000000 2856.000000 2931.000000 2856.000000 0.000000 0.000000 0.000000 0.000000 75.000000
299987 5.882353 5.882353 2688.000000 2688.000000 2856.000000 0.000000 2688.000000 0.000000 0.000000 0.000000 168.000000
300987 5.882353 5.882353 2688.000000 2688.000000 2856.000000 0.000000 2688.000000 0.000000 0.000000 0.000000 168.000000
301987 5.882353 5.882353 2688.000000 2688.000000 2856.000000 0.000000 2688.000000 0.000000 0.000000 0.000000 168.000000
302987 5.882353 5.882353 2688.000000 2688.000000 2856.000000 0.000000 2688.000000 0.000000 0.000000 0.000000 168.000000
303987 5.882353 5.882353 2688.000000 2688.000000 2856.000000 0.000000 2688.000000 0.000000 0.000000 0.000000 168.000000
304987 5.882353 5.882353 2688.000000 2688.000000 2856.000000 0.000000 2688.000000 0.000000 0.000000 0.000000 168.000000
305987 5.882353 5.882353 2688.000000 2688.000000 2856.000000 0.000000 2688.000000 0.000000 0.000000 0.000000 168.000000
306987 5.882353 5.882353 2688.000000 2688.000000 2856.000000 0.000000 0.000000 0.000000 2688.000000 0.000000 168.000000
307987 5.882353 5.882353 2688.000000 2688.000000 2856.000000 0.000000 0.000000 0.000000 2688.000000 0.000000 168.000000
308987 5.882353 5.882353 2688.000000 2688.000000 2856.000000 0.000000 0.000000 0.000000 2688.000000 0.000000 168.000000
309987 5.882353 5.882353 2688.000000 2688.000000 2856.000000 0.000000 0.000000 0.000000 2688.000000 0.000000 168.000000
310987 5.882353 5.882353 2688.000000 2688.000000 2856.000000 0.000000 0.000000 0.000000 2688.000000 0.000000 168.000000
311987 2.925284 2.925284 5210.000000 5210.000000 5367.000000 5210.000000 0.000000 0.000000 0.000000 0.000000 157.000000
312987 2.925284 2.925284 5210.000000 5210.000000 5367.000000 5210.000000 0.000000 0.000000 0.000000 0.000000 157.000000
313987 2.925284 2.925284 5210.000000 5210.000000 5367.000000 5210.000000 0.000000 0.000000 0.000000 0.000000 157.000000
314987 2.925284 2.925284 5210.000000 5210.000000 5367.000000 5210.000000 0.000000 0.000000 0.000000 0.000000 157.000000
315987 2.925284 2.925284 5210.000000 5210.000000 5367.000000 5210.000000 0.000000 0.000000 0.000000 0.000000 157.000000
316987 2.925284 2.925284 5210.000000 5210.000000 5367.000000 5210.000000 0.000000 0.000000 0.000000 0.000000 157.000000
317987 2.925284 2.925284 5210.000000 5210.000000 5367.000000 5210.000000 0.000000 0.000000 0.000000 0.000000 157.000000
318987 2.925284 2.925284 5210.000000 5210.000000 5367.000000 5210.000000 0.000000 0.000000 0.000000 0.000000 157.000000
319987 2.925284 2.925284 5210.000000 5210.000000 5367.000000 5210.000000 0.000000 0.000000 0.000000 0.000000 157.000000
320987 2.925284 2.925284 5210.000000 5210.000000 5367.000000 5210.000000 0.000000 0.000000 0.000000 0.000000 157.000000
321987 2.925284 2.925284 5210.000000 5210.000000 5367.000000 5210.000000 0.000000 0.000000 0.000000 0.000000 157.000000
249988 0.000000 0.000000 870.000000 870.000000 870.000000 870.000000 0.000000 0.000000 0.000000 0.000000 0.000000
250988 0.000000 0.000000 870.000000 870.000000 870.000000 870.000000 0.000000 0.000000 0.000000 0.000000 0.000000
251988 6.896552 6.896552 810.000000 810.000000 870.000000 0.000000 810.000000 0.000000 0.000000 0.000000 60.000000
252988 6.896552 6.896552 810.000000 810.000000 870.000000 0.000000 810.000000 0.000000 0.000000 0.000000 60.000000
253988 6.896552 6.896552 810.000000 810.000000 870.000000 0.000000 810.000000 0.000000 0.000000 0.000000 60.000000
254988 6.896552 6.896552 810.000000 810.000000 870.000000 0.000000 810.000000 0.000000 0.000000 0.000000 60.000000
255988 6.896552 6.896552 810.000000 810.000000 870.000000 0.000000 810.000000 0.000000 0.000000 0.000000 60.000000
256988 6.896552 6.896552 810.000000 810.000000 870.000000 0.000000 810.000000 0.000000 0.000000 0.000000 60.000000
257988 6.896552 6.896552 810.000000 810.000000 870.000000 0.000000 810.000000 0.000000 0.000000 0.000000 60.000000
258988 6.896552 6.896552 810.000000 810.000000 870.000000 0.000000 0.000000 0.000000 810.000000 0.000000 60.000000
259988 6.896552 6.896552 810.000000 810.000000 870.000000 0.000000 0.000000 0.000000 810.000000 0.000000 60.000000
260988 6.896552 6.896552 810.000000 810.000000 870.000000 0.000000 0.000000 0.000000 810.000000 0.000000 60.000000
261988 6.896552 6.896552 810.000000 810.000000 870.000000 0.000000 0.000000 0.000000 810.000000 0.000000 60.000000
262988 6.896552 6.896552 810.000000 810.000000 870.000000 0.000000 0.000000 0.000000 810.000000 0.000000 60.000000
263988 3.360299 3.360299 1553.000000 1553.000000 1607.000000 1553.000000 0.000000 0.000000 0.000000 0.000000 54.000000
264988 3.360299 3.360299 1553.000000 1553.000000 1607.000000 1553.000000 0.000000 0.000000 0.000000 0.000000 54.000000
265988 3.360299 3.360299 1553.000000 1553.000000 1607.000000 1553.000000 0.000000 0.000000 0.000000 0.000000 54.000000
266988 3.360299 3.360299 1553.000000 1553.000000 1607.000000 1553.000000 0.000000 0.000000 0.000000 0.000000 54.000000
267988 3.360299 3.360299 1553.000000 1553.000000 1607.000000 1553.000000 0.000000 0.000000 0.000000 0.000000 54.000000
268988 3.360299 3.360299 1553.000000 1553.000000 1607.000000 1553.000000 0.000000 0.000000 0.000000 0.000000 54.000000
269988 3.360299 3.360299 1553.000000 1553.000000 1607.000000 1553.000000 0.000000 0.000000 0.000000 0.000000 54.000000
270988 3.360299 3.360299 1553.000000 1553.000000 1607.000000 1553.000000 0.000000 0.000000 0.000000 0.000000 54.000000
271988 3.360299 3.360299 1553.000000 1553.000000 1607.000000 1553.000000 0.000000 0.000000 0.000000 0.000000 54.000000
272988 3.360299 3.360299 1553.000000 1553.000000 1607.000000 1553.000000 0.000000 0.000000 0.000000 0.000000 54.000000
273988 3.360299 3.360299 1553.000000 1553.000000 1607.000000 1553.000000 0.000000 0.000000 0.000000 0.000000 54.000000
274988 3.360299 3.360299 1553.000000 1553.000000 1607.000000 1553.000000 0.000000 0.000000 0.000000 0.000000 54.000000
275988 6.245976 6.245976 1456.000000 1456.000000 1553.000000 0.000000 1456.000000 0.000000 0.000000 0.000000 97.000000
276988 6.245976 6.245976 1456.000000 1456.000000 1553.000000 0.000000 1456.000000 0.000000 0.000000 0.000000 97.000000
277988 6.245976 6.245976 1456.000000 1456.000000 1553.000000 0.000000 1456.000000 0.000000 0.000000 0.000000 97.000000
278988 6.245976 6.245976 1456.000000 1456.000000 1553.000000 0.000000 1456.000000 0.000000 0.000000 0.000000 97.000000
279988 6.245976 6.245976 1456.000000 1456.000000 1553.000000 0.000000 1456.000000 0.000000 0.000000 0.000000 97.000000
280988 6.245976 6.245976 1456.000000 1456.000000 1553.000000 0.000000 1456.000000 0.000000 0.000000 0.000000 97.000000
281988 6.245976 6.245976 1456.000000 1456.000000 1553.000000 0.000000 1456.000000 0.000000 0.000000 0.000000 97.000000
282988 6.245976 6.245976 1456.000000 1456.000000 1553.000000 0.000000 0.000000 0.000000 1456.000000 0.000000 97.000000
283988 6.245976 6.245976 1456.000000 1456.000000 1553.000000 0.000000 0.000000 0.000000 1456.000000 0.000000 97.000000
284988 6.245976 6.245976 1456.000000 1456.000000 1553.000000 0.000000 0.000000 0.000000 1456.000000 0.000000 97.000000
285988 6.245976 6.245976 1456.000000 1456.000000 1553.000000 0.000000 0.000000 0.000000 1456.000000 0.000000 97.000000
286988 6.245976 6.245976 1456.000000 1456.000000 1553.000000 0.000000 0.000000 0.000000 1456.000000 0.000000 97.000000
287988 3.127172 3.127172 2788.000000 2788.000000 2878.000000 2788.000000 0.000000 0.000000 0.000000 0.000000 90.000000
288988 3.127172 3.127172 2788.000000 2788.000000 2878.000000 2788.000000 0.000000 0.000000 0.000000 0.000000 90.000000
289988 3.127172 3.127172 2788.000000 2788.000000 2878.000000 2788.000000 0.000000 0.000000 0.000000 0.000000 90.000000
290988 3.127172 3.127172 2788.000000 2788.000000 2878.000000 2788.000000 0.000000 0.000000 0.000000 0.000000 90.000000
291988 3.127172 3.127172 2788.000000 2788.000000 2878.000000 2788.000000 0.000000 0.000000 0.000000 0.000000 90.000000
292988 3.127172 3.127172 2788.000000 2788.000000 2878.000000 2788.000000 0.000000 0.000000 0.000000 0.000000 90.000000
293988 3.127172 3.127172 2788.000000 2788.000000 2878.000000 2788.000000 0.000000 0.000000 0.000000 0.000000 90.000000
294988 3.127172 3.127172 2788.000000 2788.000000 2878.000000 2788.000000 0.000000 0.000000 0.000000 0.000000 90.000000
295988 3.127172 3.127172 2788.000000 2788.000000 2878.000000 2788.000000 0.000000 0.000000 0.000000 0.000000 90.000000
296988 3.127172 3.127172 2788.000000 2788.000000 2878.000000 2788.000000 0.000000 0.000000 0.000000 0.000000 90.000000
297988 3.127172 3.127172 2788.000000 2788.000000 2878.000000 2788.000000 0.000000 0.000000 0.000000 0.000000 90.000000
298988 3.127172 3.127172 2788.000000 2788.000000 2878.000000 2788.000000 0.000000 0.000000 0.000000 0.000000 90.000000
299988 5.989957 5.989957 2621.000000 2621.000000 2788.000000 0.000000 2621.000000 0.000000 0.000000 0.000000 167.000000
300988 5.989957 5.989957 2621.000000 2621.000000 2788.000000 0.000000 2621.000000 0.000000 0.000000 0.000000 167.000000
301988 5.989957 5.989957 2621.000000 2621.000000 2788.000000 0.000000 2621.000000 0.000000 0.000000 0.000000 167.000000
302988 5.989957 5.989957 2621.000000 2621.000000 2788.000000 0.000000 2621.000000 0.000000 0.000000 0.000000 167.000000
303988 5.989957 5.989957 2621.000000 2621.000000 2788.000000 0.000000 2621.000000 0.000000 0.000000 0.000000 167.000000
304988 5.989957 5.989957 2621.000000 2621.000000 2788.000000 0.000000 2621.000000 0.000000 0.000000 0.000000 167.000000
305988 5.989957 5.989957 2621.000000 2621.000000 2788.000000 0.000000 2621.000000 0.000000 0.000000 0.000000 167.000000
306988 5.989957 5.989957 2621.000000 2621.000000 2788.000000 0.000000 0.000000 0.000000 2621.000000 0.000000 167.000000
307988 5.989957 5.989957 2621.000000 2621.000000 2788.000000 0.000000 0.000000 0.000000 2621.000000 0.000000 167.000000
308988 5.989957 5.989957 2621.000000 2621.000000 2788.000000 0.000000 0.000000 0.000000 2621.000000 0.000000 167.000000
309988 5.989957 5.989957 2621.000000 2621.000000 2788.000000 0.000000 0.000000 0.000000 2621.000000 0.000000 167.000000
310988 5.989957 5.989957 2621.000000 2621.000000 2788.000000 0.000000 0.000000 0.000000 2621.000000 0.000000 167.000000
311988 3.014692 3.014692 5083.000000 5083.000000 5241.000000 5083.000000 0.000000 0.000000 0.000000 0.000000 158.000000
312988 3.014692 3.014692 5083.000000 5083.000000 5241.000000 5083.000000 0.000000 0.000000 0.000000 0.000000 158.000000
313988 3.014692 3.014692 5083.000000 5083.000000 5241.000000 5083.000000 0.000000 0.000000 0.000000 0.000000 158.000000
314988 3.014692 3.014692 5083.000000 5083.000000 5241.000000 5083.000000 0.000000 0.000000 0.000000 0.000000 158.000000
315988 3.014692 3.014692 5083.000000 5083.000000 5241.000000 5083.000000 0.000000 0.000000 0.000000 0.000000 158.000000
316988 3.014692 3.014692 5083.000000 5083.000000 5241.000000 5083.000000 0.000000 0.000000 0.000000 0.000000 158.000000
317988 3.014692 3.014692 5083.000000 5083.000000 5241.000000 5083.000000 0.000000 0.000000 0.000000 0.000000 158.000000
318988 3.014692 3.014692 5083.000000 5083.000000 5241.000000 5083.000000 0.000000 0.000000 0.000000 0.000000 158.000000
319988 3.014692 3.014692 5083.000000 5083.000000 5241.000000 5083.000000 0.000000 0.000000 0.000000 0.000000 158.000000
320988 3.014692 3.014692 5083.000000 5083.000000 5241.000000 5083.000000 0.000000 0.000000 0.000000 0.000000 158.000000
321988 3.014692 3.014692 5083.000000 5083.000000 5241.000000 5083.000000 0.000000 0.000000 0.000000 0.000000 158.000000
249988 0.000000 0.000000 893.000000 893.000000 893.000000 893.000000 0.000000 0.000000 0.000000 0.000000 0.000000
250988 0.000000 0.000000 893.000000 893.000000 893.000000 893.000000 0.000000 0.000000 0.000000 0.000000 0.000000
251988 5.935050 5.935050 840.000000 840.000000 893.000000 0.000000 840.000000 0.000000 0.000000 0.000000 53.000000
252988 5.935050 5.935050 840.000000 840.000000 893.000000 0.000000 840.000000 0.000000 0.000000 0.000000 53.000000
253988 5.935050 5.935050 840.000000 840.000000 893.000000 0.000000 840.000000 0.000000 0.000000 0.000000 53.000000
254988 5.935050 5.935050 840.000000 840.000000 893.000000 0.000000 840.000000 0.000000 0.000000 0.000000 53.000000
255988 5.935050 5.935050 840.000000 840.000000 893.000000 0.000000 840.000000 0.000000 0.000000 0.000000 53.000000
256988 5.935050 5.935050 840.000000 840.000000 893.000000 0.000000 840.000000 0.000000 0.000000 0.000000 53.000000
257988 5.935050 5.935050 840.000000 840.000000 893.000000 0.000000 840.000000 0.000000 0.000000 0.000000 53.000000
258988 5.935050 5.935050 840.000000 840.000000 893.000000 0.000000 0.000000 0.000000 840.000000 0.000000 53.000000
259988 5.935050 5.935050 840.000000 840.000000 893.000000 0.000000 0.000000 0.000000 840.000000 0.000000 53.000000
260988 5.935050 5.935050 840.000000 840.000000 893.000000 0.000000 0.000000 0.000000 840.000000 0.000000 53.000000
261988 5.935050 5.935050 840.000000 840.000000 893.000000 0.000000 0.000000 0.000000 840.000000 0.000000 53.000000
262988 5.935050 5.935050 840.000000 840.000000 893.000000 0.000000 0.000000 0.000000 840.000000 0.000000 53.000000
263988 2.879424 2.879424 1619.000000 1619.000000 1667.000000 1619.000000 0.000000 0.000000 0.000000 0.000000 48.000000
264988 2.879424 2.879424 1619.000000 1619.000000 1667.000000 1619.000000 0.000000 0.000000 0.000000 0.000000 48.000000
265988 2.879424 2.879424 1619.000000 1619.000000 1667.000000 1619.000000 0.000000 0.000000 0.000000 0.000000 48.000000
266988 2.879424 2.879424 1619.000000 1619.000000 1667.000000 1619.000000 0.000000 0.000000 0.000000 0.000000 48.000000
267988 2.879424 2.879424 1619.000000 1619.000000 1667.000000 1619.000000 0.000000 0.000000 0.000000 0.000000 48.000000
268988 2.879424 2.879424 1619.000000 1619.000000 1667.000000 1619.000000 0.000000 0.000000 0.000000 0.000000 48.000000
269988 2.879424 2.879424 1619.000000 1619.000000 1667.000000 1619.000000 0.000000 0.000000 0.000000 0.000000 48.000000
270988 2.879424 2.879424 1619.000000 1619.000000 1667.000000 1619.000000 0.000000 0.000000 0.000000 0.000000 48.000000
271988 2.879424 2.879424 1619.000000 1619.000000 1667.000000 1619.000000 0.000000 0.000000 0.000000 0.000000 48.000000
272988 2.879424 2.879424 1619.000000 1619.000000 1667.000000 1619.000000 0.000000 0.000000 0.000000 0.000000 48.000000
273988 2.879424 2.879424 1619.000000 1619.000000 1667.000000 1619.000000 0.000000 0.000000 0.000000 0.000000 48.000000
274988 2.879424 2.879424 1619.000000 1619.000000 1667.000000 1619.000000 0.000000 0.000000 0.000000 0.000000 48.000000
275988 5.682520 5.682520 1527.000000 1527.000000 1619.000000 0.000000 1527.000000 0.000000 0.000000 0.000000 92.000000
276988 5.682520 5.682520 1527.000000 1527.000000 1619.000000 0.000000 1527.000000 0.000000 0.000000 0.000000 92.000000
277988 5.682520 5.682520 1527.000000 1527.000000 1619.000000 0.000000 1527.000000 0.000000 0.000000 0.000000 92.000000
278988 5.682520 5.682520 1527.000000 1527.000000 1619.000000 0.000000 1527.000000 0.000000 0.000000 0.000000 92.000000
279988 5.682520 5.682520 1527.000000 1527.000000 1619.000000 0.000000 1527.000000 0.000000 0.000000 0.000000 92.000000
280988 5.682520 5.682520 1527.000000 1527.000000 1619.000000 0.000000 1527.000000 0.000000 0.000000 0.000000 92.000000
281988 5.682520 5.682520 1527.000000 1527.000000 1619.000000 0.000000 1527.000000 0.000000 0.000000 0.000000 92.000000
282988 5.682520 5.682520 1527.000000 1527.000000 1619.000000 0.000000 0.000000 0.000000 1527.000000 0.000000 92.000000
283988 5.682520 5.682520 1527.000000 1527.000000 1619.000000 0.000000 0.000000 0.000000 1527.000000 0.000000 92.000000
284988 5.682520 5.682520 1527.000000 1527.000000 1619.000000 0.000000 0.000000 0.000000 1527.000000 0.000000 92.000000
285988 5.682520 5.682520 1527.000000 1527.000000 1619.000000 0.000000 0.000000 0.000000 1527.000000 0.000000 92.000000
286988 5.682520 5.682520 1527.000000 1527.000000 1619.000000 0.000000 0.000000 0.000000 1527.000000 0.000000 92.000000
287988 2.710744 2.710744 2943.000000 2943.000000 3025.000000 2943.000000 0.000000 0.000000 0.000000 0.000000 82.000000
288988 2.710744 2.710744 2943.000000 2943.000000 3025.000000 2943.000000 0.000000 0.000000 0.000000 0.000000 82.000000
289988 2.710744 2.710744 2943.000000 2943.000000 3025.000000 2943.000000 0.000000 0.000000 0.000000 0.000000 82.000000
290988 2.710744 2.710744 2943.000000 2943.000000 3025.000000 2943.000000 0.000000 0.000000 0.000000 0.000000 82.000000
291988 2.710744 2.710744 2943.000000 2943.000000 3025.000000 2943.000000 0.000000 0.000000 0.000000 0.000000 82.000000
292988 2.710744 2.710744 2943.000000 2943.000000 3025.000000 2943.000000 0.000000 0.000000 0.000000 0.000000 82.000000
293988 2.710744 2.710744 2943.000000 2943.000000 3025.000000 2943.000000 0.000000 0.000000 0.000000 0.000000 82.000000
294988 2.710744 2.710744 2943.000000 2943.000000 3025.000000 2943.000000 0.000000 0.000000 0.000000 0.000000 82.000000
295988 2.710744 2.710744 2943.000000 2943.000000 3025.000000 2943.000000 0.000000 0.000000 0.000000 0.000000 82.000000
296988 2.710744 2.710744 2943.000000 2943.000000 3025.000000 2943.000000 0.000000 0.000000 0.000000 0.000000 82.000000
297988 2.710744 2.710744 2943.000000 2943.000000 3025.000000 2943.000000 0.000000 0.000000 0.000000 0.000000 82.000000
298988 2.710744 2.710744 2943.000000 2943.000000 3025.000000 2943.000000 0.000000 0.000000 0.000000 0.000000 82.000000
299988 6.422018 6.422018 2754.000000 2754.000000 2943.000000 0.000000 2754.000000 0.000000 0.000000 0.000000 189.000000
300988 6.422018 6.422018 2754.000000 2754.000000 2943.000000 0.000000 2754.000000 0.000000 0.000000 0.000000 189.000000
301988 6.422018 6.422018 2754.000000 2754.000000 2943.000000 0.000000 2754.000000 0.000000 0.000000 0.000000 189.000000
302988 6.422018 6.422018 2754.000000 2754.000000 2943.000000 0.000000 2754.000000 0.000000 0.000000 0.000000 189.000000
303988 6.422018 6.422018 2754.000000 2754.000000 2943.000000 0.000000 2754.000000 0.000000 0.000000 0.000000 189.000000
304988 6.422018 6.422018 2754.000000 2754.000000 2943.000000 0.000000 2754.000000 0.000000 0.000000 0.000000 189.000000
305988 6.422018 6.422018 2754.000000 2754.000000 2943.000000 0.000000 2754.000000 0.000000 0.000000 0.000000 189.000000
306988 6.422018 6.422018 2754.000000 2754.000000 2943.000000 0.000000 0.000000 0.000000 2754.000000 0.000000 189.000000
307988 6.422018 6.422018 2754.000000 2754.000000 2943.000000 0.000000 0.000000 0.000000 2754.000000 0.000000 189.000000
308988 6.422018 6.422018 2754.000000 2754.000000 2943.000000 0.000000 0.000000 0.000000 2754.000000 0.000000 189.000000
309988 6.422018 6.422018 2754.000000 2754.000000 2943.000000 0.000000 0.000000 0.000000 2754.000000 0.000000 189.000000
310988 6.422018 6.422018 2754.000000 2754.000000 2943.000000 0.000000 0.000000 0.000000 2754.000000 0.000000 189.000000
311988 3.182640 3.182640 5354.000000 5354.000000 5530.000000 5354.000000 0.000000 0.000000 0.000000 0.000000 176.000000
312988 3.182640 3.182640 5354.000000 5354.000000 5530.000000 5354.000000 0.000000 0.000000 0.000000 0.000000 176.000000
313988 3.182640 3.182640 5354.000000 5354.000000 5530.000000 5354.000000 0.000000 0.000000 0.000000 0.000000 176.000000
314988 3.182640 3.182640 5354.000000 5354.000000 5530.000000 5354.000000 0.000000 0.000000 0.000000 0.000000 176.000000
315988 3.182640 3.182640 5354.000000 5354.000000 5530.000000 5354.000000 0.000000 0.000000 0.000000 0.000000 176.000000
316988 3.182640 3.182640 5354.000000 5354.000000 5530.000000 5354.000000 0.000000 0.000000 0.000000 0.000000 176.000000
317988 3.182640 3.182640 5354.000000 5354.000000 5530.000000 5354.000000 0.000000 0.000000 0.000000 0.000000 176.000000
318988 3.182640 3.182640 5354.000000 5354.000000 5530.000000 5354.000000 0.000000 0.000000 0.000000 0.000000 176.000000
319988 3.182640 3.182640 5354.000000 5354.000000 5530.000000 5354.000000 0.000000 0.000000 0.000000 0.000000 176.000000
320988 3.182640 3.182640 5354.000000 5354.000000 5530.000000 5354.000000 0.000000 0.000000 0.000000 0.000000 176.000000
321988 3.182640 3.182640 5354.000000 5354.000000 5530.000000 5354.000000 0.000000 0.000000 0.000000 0.000000 176.000000
