246911 1.748634 1.748634 915.000000 915.000000 915.000000 496.000000 236.000000 16.000000 167.000000 0.000000 0.000000
247911 4.228330 4.228330 923.000000 923.000000 946.000000 528.000000 209.000000 17.000000 169.000000 0.000000 23.000000
248911 6.646217 6.646217 930.000000 930.000000 978.000000 560.000000 178.000000 17.000000 175.000000 0.000000 48.000000
249911 8.439647 8.439647 949.000000 949.000000 1019.000000 610.000000 165.000000 16.000000 158.000000 0.000000 70.000000
250911 9.904762 9.904762 961.000000 961.000000 1050.000000 645.000000 136.000000 15.000000 165.000000 0.000000 89.000000
251911 11.254613 11.254613 977.000000 977.000000 1084.000000 683.000000 115.000000 15.000000 164.000000 0.000000 107.000000
252911 13.195691 13.195691 988.000000 988.000000 1114.000000 708.000000 93.000000 21.000000 166.000000 0.000000 126.000000
253911 15.899218 15.899218 992.000000 992.000000 1151.000000 734.000000 83.000000 24.000000 151.000000 0.000000 159.000000
254911 18.343195 18.343195 993.000000 993.000000 1183.000000 753.000000 82.000000 27.000000 131.000000 0.000000 190.000000
255911 20.247934 20.247934 989.000000 989.000000 1210.000000 770.000000 81.000000 24.000000 114.000000 0.000000 221.000000
256911 22.489960 22.489960 988.000000 988.000000 1245.000000 795.000000 81.000000 23.000000 89.000000 0.000000 257.000000
257911 25.978091 25.978091 985.000000 985.000000 1278.000000 798.000000 86.000000 39.000000 62.000000 0.000000 293.000000
258911 28.494624 28.494624 957.000000 957.000000 1302.000000 785.000000 97.000000 26.000000 49.000000 0.000000 345.000000
259911 32.137405 32.137405 923.000000 923.000000 1310.000000 734.000000 98.000000 34.000000 57.000000 0.000000 387.000000
260911 35.773585 35.773585 888.000000 888.000000 1325.000000 695.000000 101.000000 37.000000 55.000000 0.000000 437.000000
261911 39.159790 39.159790 848.000000 848.000000 1333.000000 648.000000 106.000000 37.000000 57.000000 0.000000 485.000000
262911 42.580164 42.580164 800.000000 800.000000 1341.000000 596.000000 116.000000 30.000000 58.000000 0.000000 541.000000
263911 45.965951 45.965951 765.000000 765.000000 1351.000000 550.000000 125.000000 35.000000 55.000000 0.000000 586.000000
264911 49.341142 49.341142 733.000000 733.000000 1366.000000 508.000000 130.000000 41.000000 54.000000 0.000000 633.000000
265911 51.554591 51.554591 695.000000 695.000000 1383.000000 481.000000 137.000000 25.000000 52.000000 0.000000 688.000000
266911 54.139669 54.139669 666.000000 666.000000 1389.000000 439.000000 134.000000 29.000000 64.000000 0.000000 723.000000
267911 57.060932 57.060932 637.000000 637.000000 1395.000000 399.000000 131.000000 38.000000 69.000000 0.000000 758.000000
268911 59.885796 59.885796 595.000000 595.000000 1401.000000 359.000000 129.000000 33.000000 74.000000 0.000000 806.000000
269911 61.587527 61.587527 570.000000 570.000000 1411.000000 338.000000 134.000000 28.000000 70.000000 0.000000 841.000000
270911 63.295615 63.295615 544.000000 544.000000 1414.000000 315.000000 128.000000 25.000000 76.000000 0.000000 870.000000
271911 63.585039 63.585039 532.000000 532.000000 1417.000000 319.000000 114.000000 16.000000 83.000000 0.000000 885.000000
272911 63.012730 63.012730 533.000000 533.000000 1414.000000 335.000000 109.000000 10.000000 79.000000 0.000000 881.000000
273911 62.579731 62.579731 536.000000 536.000000 1411.000000 346.000000 96.000000 8.000000 86.000000 0.000000 875.000000
274911 62.653208 62.653208 533.000000 533.000000 1387.000000 339.000000 88.000000 15.000000 91.000000 0.000000 854.000000
275911 62.780594 62.780594 534.000000 534.000000 1381.000000 348.000000 82.000000 20.000000 84.000000 0.000000 847.000000
276911 63.234228 63.234228 528.000000 528.000000 1379.000000 355.000000 72.000000 21.000000 80.000000 0.000000 851.000000
277911 62.867647 62.867647 517.000000 517.000000 1360.000000 359.000000 72.000000 12.000000 74.000000 0.000000 843.000000
278911 62.935508 62.935508 511.000000 511.000000 1349.000000 355.000000 72.000000 11.000000 73.000000 0.000000 838.000000
279911 62.946429 62.946429 521.000000 521.000000 1344.000000 373.000000 64.000000 23.000000 61.000000 0.000000 823.000000
280911 62.139605 62.139605 508.000000 508.000000 1318.000000 375.000000 62.000000 9.000000 62.000000 0.000000 810.000000
281911 61.893584 61.893584 506.000000 506.000000 1278.000000 367.000000 62.000000 19.000000 58.000000 0.000000 772.000000
282911 62.008032 62.008032 492.000000 492.000000 1245.000000 355.000000 66.000000 19.000000 52.000000 0.000000 753.000000
283911 63.428571 63.428571 475.000000 475.000000 1225.000000 333.000000 64.000000 27.000000 51.000000 0.000000 750.000000
284911 63.280600 63.280600 457.000000 457.000000 1201.000000 331.000000 64.000000 16.000000 46.000000 0.000000 744.000000
285911 62.197232 62.197232 447.000000 447.000000 1156.000000 329.000000 63.000000 10.000000 45.000000 0.000000 709.000000
286911 62.455516 62.455516 438.000000 438.000000 1124.000000 316.000000 65.000000 16.000000 41.000000 0.000000 686.000000
287911 62.718090 62.718090 426.000000 426.000000 1089.000000 294.000000 69.000000 20.000000 43.000000 0.000000 663.000000
288911 62.416746 62.416746 404.000000 404.000000 1051.000000 276.000000 72.000000 9.000000 47.000000 0.000000 647.000000
289911 61.923454 61.923454 403.000000 403.000000 1019.000000 270.000000 78.000000 15.000000 40.000000 0.000000 616.000000
290911 63.232323 63.232323 391.000000 391.000000 990.000000 244.000000 86.000000 27.000000 34.000000 0.000000 599.000000
291911 62.947368 62.947368 365.000000 365.000000 950.000000 231.000000 84.000000 13.000000 37.000000 0.000000 585.000000
292911 62.608696 62.608696 355.000000 355.000000 920.000000 226.000000 81.000000 11.000000 37.000000 0.000000 565.000000
293911 62.375139 62.375139 354.000000 354.000000 901.000000 226.000000 75.000000 15.000000 38.000000 0.000000 547.000000
294911 62.557078 62.557078 336.000000 336.000000 876.000000 210.000000 80.000000 8.000000 38.000000 0.000000 540.000000
295911 63.151659 63.151659 326.000000 326.000000 844.000000 192.000000 63.000000 15.000000 56.000000 0.000000 518.000000
296911 64.173703 64.173703 314.000000 314.000000 829.000000 185.000000 56.000000 17.000000 56.000000 0.000000 515.000000
297911 64.698647 64.698647 299.000000 299.000000 813.000000 177.000000 54.000000 12.000000 56.000000 0.000000 514.000000
298911 64.757161 64.757161 296.000000 296.000000 803.000000 182.000000 45.000000 13.000000 56.000000 0.000000 507.000000
299911 64.548920 64.548920 289.000000 289.000000 787.000000 186.000000 38.000000 10.000000 55.000000 0.000000 498.000000
300911 64.358974 64.358974 286.000000 286.000000 780.000000 196.000000 35.000000 8.000000 47.000000 0.000000 494.000000
301911 64.220183 64.220183 285.000000 285.000000 763.000000 195.000000 34.000000 12.000000 44.000000 0.000000 478.000000
302911 63.430851 63.430851 280.000000 280.000000 752.000000 202.000000 33.000000 5.000000 40.000000 0.000000 472.000000
303911 64.102564 64.102564 280.000000 280.000000 741.000000 195.000000 35.000000 14.000000 36.000000 0.000000 461.000000
304911 63.537415 63.537415 279.000000 279.000000 735.000000 203.000000 37.000000 11.000000 28.000000 0.000000 456.000000
305911 62.880886 62.880886 274.000000 274.000000 722.000000 211.000000 32.000000 6.000000 25.000000 0.000000 448.000000
306911 62.234795 62.234795 272.000000 272.000000 707.000000 211.000000 32.000000 5.000000 24.000000 0.000000 435.000000
307911 61.918605 61.918605 271.000000 271.000000 688.000000 208.000000 33.000000 9.000000 21.000000 0.000000 417.000000
308911 62.406015 62.406015 263.000000 263.000000 665.000000 195.000000 34.000000 13.000000 21.000000 0.000000 402.000000
309911 63.482280 63.482280 249.000000 249.000000 649.000000 178.000000 36.000000 12.000000 23.000000 0.000000 400.000000
310911 63.795853 63.795853 237.000000 237.000000 627.000000 168.000000 37.000000 10.000000 22.000000 0.000000 390.000000
311911 65.139116 65.139116 222.000000 222.000000 611.000000 149.000000 40.000000 9.000000 24.000000 0.000000 389.000000
312911 66.556291 66.556291 214.000000 214.000000 604.000000 141.000000 42.000000 12.000000 19.000000 0.000000 390.000000
313911 68.013468 68.013468 200.000000 200.000000 594.000000 126.000000 45.000000 10.000000 19.000000 0.000000 394.000000
314911 69.150780 69.150780 191.000000 191.000000 577.000000 114.000000 47.000000 13.000000 17.000000 0.000000 386.000000
315911 68.535262 68.535262 182.000000 182.000000 553.000000 114.000000 40.000000 8.000000 20.000000 0.000000 371.000000
316911 68.773234 68.773234 174.000000 174.000000 538.000000 104.000000 42.000000 6.000000 22.000000 0.000000 364.000000
317911 69.771863 69.771863 169.000000 169.000000 526.000000 93.000000 38.000000 10.000000 28.000000 0.000000 357.000000
318911 69.019608 69.019608 161.000000 161.000000 510.000000 95.000000 34.000000 3.000000 29.000000 0.000000 349.000000
252515 2.777778 2.777778 936.000000 936.000000 936.000000 552.000000 254.000000 26.000000 104.000000 0.000000 0.000000
253515 5.956113 5.956113 924.000000 924.000000 957.000000 553.000000 229.000000 24.000000 118.000000 0.000000 33.000000
254515 9.257375 9.257375 915.000000 915.000000 983.000000 561.000000 207.000000 23.000000 124.000000 0.000000 68.000000
255515 13.266332 13.266332 896.000000 896.000000 995.000000 538.000000 181.000000 33.000000 144.000000 0.000000 99.000000
256515 16.650343 16.650343 877.000000 877.000000 1021.000000 542.000000 157.000000 26.000000 152.000000 0.000000 144.000000
257515 18.678161 18.678161 865.000000 865.000000 1044.000000 551.000000 133.000000 16.000000 165.000000 0.000000 179.000000
258515 20.316869 20.316869 874.000000 874.000000 1073.000000 572.000000 110.000000 19.000000 173.000000 0.000000 199.000000
259515 21.524664 21.524664 890.000000 890.000000 1115.000000 624.000000 90.000000 15.000000 161.000000 0.000000 225.000000
260515 23.076923 23.076923 895.000000 895.000000 1144.000000 647.000000 84.000000 15.000000 149.000000 0.000000 249.000000
261515 25.702128 25.702128 899.000000 899.000000 1175.000000 661.000000 83.000000 26.000000 129.000000 0.000000 276.000000
262515 26.776860 26.776860 904.000000 904.000000 1210.000000 695.000000 85.000000 18.000000 106.000000 0.000000 306.000000
263515 29.076305 29.076305 909.000000 909.000000 1245.000000 711.000000 97.000000 26.000000 75.000000 0.000000 336.000000
264515 31.471282 31.471282 898.000000 898.000000 1271.000000 713.000000 101.000000 27.000000 57.000000 0.000000 373.000000
265515 34.159566 34.159566 882.000000 882.000000 1291.000000 700.000000 97.000000 32.000000 53.000000 0.000000 409.000000
266515 35.889571 35.889571 855.000000 855.000000 1304.000000 692.000000 92.000000 19.000000 52.000000 0.000000 449.000000
267515 37.519026 37.519026 838.000000 838.000000 1314.000000 674.000000 91.000000 17.000000 56.000000 0.000000 476.000000
268515 40.878123 40.878123 812.000000 812.000000 1321.000000 635.000000 83.000000 31.000000 63.000000 0.000000 509.000000
269515 44.168548 44.168548 776.000000 776.000000 1329.000000 588.000000 93.000000 34.000000 61.000000 0.000000 553.000000
270515 48.059701 48.059701 738.000000 738.000000 1340.000000 536.000000 91.000000 42.000000 69.000000 0.000000 602.000000
271515 51.142225 51.142225 704.000000 704.000000 1357.000000 505.000000 98.000000 41.000000 60.000000 0.000000 653.000000
272515 54.065934 54.065934 662.000000 662.000000 1365.000000 462.000000 101.000000 35.000000 64.000000 0.000000 703.000000
273515 56.841339 56.841339 623.000000 623.000000 1374.000000 428.000000 108.000000 30.000000 57.000000 0.000000 751.000000
274515 60.375994 60.375994 588.000000 588.000000 1383.000000 378.000000 112.000000 40.000000 58.000000 0.000000 795.000000
275515 61.737258 61.737258 557.000000 557.000000 1393.000000 368.000000 114.000000 24.000000 51.000000 0.000000 836.000000
276515 63.570914 63.570914 538.000000 538.000000 1389.000000 336.000000 115.000000 32.000000 55.000000 0.000000 851.000000
277515 63.907044 63.907044 514.000000 514.000000 1377.000000 334.000000 107.000000 17.000000 56.000000 0.000000 863.000000
278515 63.991163 63.991163 505.000000 505.000000 1358.000000 327.000000 98.000000 16.000000 64.000000 0.000000 853.000000
279515 64.365256 64.365256 495.000000 495.000000 1347.000000 321.000000 86.000000 15.000000 73.000000 0.000000 852.000000
280515 63.813814 63.813814 494.000000 494.000000 1332.000000 327.000000 79.000000 12.000000 76.000000 0.000000 838.000000
281515 64.334601 64.334601 487.000000 487.000000 1315.000000 321.000000 76.000000 18.000000 72.000000 0.000000 828.000000
282515 64.506173 64.506173 474.000000 474.000000 1296.000000 309.000000 76.000000 14.000000 75.000000 0.000000 822.000000
283515 65.050821 65.050821 470.000000 470.000000 1279.000000 302.000000 73.000000 23.000000 72.000000 0.000000 809.000000
284515 63.930545 63.930545 463.000000 463.000000 1267.000000 325.000000 72.000000 6.000000 60.000000 0.000000 804.000000
285515 64.141821 64.141821 461.000000 461.000000 1241.000000 313.000000 76.000000 16.000000 56.000000 0.000000 780.000000
286515 64.681892 64.681892 449.000000 449.000000 1226.000000 305.000000 77.000000 16.000000 51.000000 0.000000 777.000000
287515 64.744646 64.744646 443.000000 443.000000 1214.000000 298.000000 74.000000 15.000000 56.000000 0.000000 771.000000
288515 65.058236 65.058236 434.000000 434.000000 1202.000000 292.000000 78.000000 14.000000 50.000000 0.000000 768.000000
289515 64.786325 64.786325 429.000000 429.000000 1170.000000 290.000000 76.000000 17.000000 46.000000 0.000000 741.000000
290515 64.680105 64.680105 417.000000 417.000000 1141.000000 283.000000 73.000000 14.000000 47.000000 0.000000 724.000000
291515 64.684685 64.684685 401.000000 401.000000 1110.000000 270.000000 73.000000 9.000000 49.000000 0.000000 709.000000
292515 63.729128 63.729128 400.000000 400.000000 1078.000000 271.000000 71.000000 9.000000 49.000000 0.000000 678.000000
293515 63.452266 63.452266 398.000000 398.000000 1037.000000 263.000000 65.000000 19.000000 51.000000 0.000000 639.000000
294515 63.326653 63.326653 384.000000 384.000000 998.000000 250.000000 63.000000 18.000000 53.000000 0.000000 614.000000
295515 64.008180 64.008180 372.000000 372.000000 978.000000 234.000000 68.000000 20.000000 50.000000 0.000000 606.000000
296515 63.124336 63.124336 362.000000 362.000000 941.000000 237.000000 64.000000 15.000000 46.000000 0.000000 579.000000
297515 62.472406 62.472406 353.000000 353.000000 906.000000 233.000000 61.000000 13.000000 46.000000 0.000000 553.000000
298515 61.947905 61.947905 345.000000 345.000000 883.000000 235.000000 57.000000 9.000000 44.000000 0.000000 538.000000
299515 62.004662 62.004662 339.000000 339.000000 858.000000 226.000000 53.000000 13.000000 47.000000 0.000000 519.000000
300515 61.151079 61.151079 331.000000 331.000000 834.000000 226.000000 53.000000 7.000000 45.000000 0.000000 503.000000
301515 61.166253 61.166253 326.000000 326.000000 806.000000 217.000000 55.000000 13.000000 41.000000 0.000000 480.000000
302515 61.712846 61.712846 318.000000 318.000000 794.000000 209.000000 53.000000 14.000000 42.000000 0.000000 476.000000
303515 61.340206 61.340206 310.000000 310.000000 776.000000 212.000000 48.000000 10.000000 40.000000 0.000000 466.000000
304515 59.921156 59.921156 308.000000 308.000000 761.000000 222.000000 50.000000 3.000000 33.000000 0.000000 453.000000
305515 59.649123 59.649123 306.000000 306.000000 741.000000 219.000000 48.000000 7.000000 32.000000 0.000000 435.000000
306515 61.080332 61.080332 294.000000 294.000000 722.000000 199.000000 49.000000 13.000000 33.000000 0.000000 428.000000
307515 60.112360 60.112360 289.000000 289.000000 712.000000 202.000000 56.000000 5.000000 26.000000 0.000000 423.000000
308515 61.614731 61.614731 281.000000 281.000000 706.000000 186.000000 52.000000 10.000000 33.000000 0.000000 425.000000
309515 62.844702 62.844702 271.000000 271.000000 689.000000 171.000000 53.000000 15.000000 32.000000 0.000000 418.000000
310515 62.686567 62.686567 258.000000 258.000000 670.000000 161.000000 54.000000 8.000000 35.000000 0.000000 412.000000
311515 62.557078 62.557078 253.000000 253.000000 657.000000 155.000000 57.000000 7.000000 34.000000 0.000000 404.000000
312515 62.187500 62.187500 250.000000 250.000000 640.000000 151.000000 58.000000 8.000000 33.000000 0.000000 390.000000
313515 61.477987 61.477987 250.000000 250.000000 636.000000 164.000000 54.000000 5.000000 27.000000 0.000000 386.000000
314515 62.600321 62.600321 245.000000 245.000000 623.000000 150.000000 53.000000 12.000000 30.000000 0.000000 378.000000
315515 62.926829 62.926829 237.000000 237.000000 615.000000 145.000000 51.000000 9.000000 32.000000 0.000000 378.000000
316515 62.938230 62.938230 230.000000 230.000000 599.000000 140.000000 47.000000 8.000000 35.000000 0.000000 369.000000
317515 62.627986 62.627986 225.000000 225.000000 586.000000 135.000000 43.000000 6.000000 41.000000 0.000000 361.000000
318515 61.471103 61.471103 224.000000 224.000000 571.000000 138.000000 37.000000 4.000000 45.000000 0.000000 347.000000
319515 61.250000 61.250000 224.000000 224.000000 560.000000 140.000000 36.000000 7.000000 41.000000 0.000000 336.000000
320515 61.301989 61.301989 223.000000 223.000000 553.000000 140.000000 37.000000 9.000000 37.000000 0.000000 330.000000
321515 60.185185 60.185185 221.000000 221.000000 540.000000 146.000000 36.000000 6.000000 33.000000 0.000000 319.000000
322515 59.176030 59.176030 226.000000 226.000000 534.000000 158.000000 36.000000 8.000000 24.000000 0.000000 308.000000
323515 58.587786 58.587786 221.000000 221.000000 524.000000 159.000000 33.000000 4.000000 25.000000 0.000000 303.000000
324515 59.179688 59.179688 219.000000 219.000000 512.000000 150.000000 38.000000 10.000000 21.000000 0.000000 293.000000
254093 2.015677 2.015677 893.000000 893.000000 893.000000 470.000000 258.000000 18.000000 147.000000 0.000000 0.000000
255093 6.352683 6.352683 881.000000 881.000000 913.000000 461.000000 247.000000 26.000000 147.000000 0.000000 32.000000
256093 9.032944 9.032944 875.000000 875.000000 941.000000 480.000000 228.000000 19.000000 148.000000 0.000000 66.000000
257093 11.283644 11.283644 874.000000 874.000000 966.000000 497.000000 202.000000 17.000000 158.000000 0.000000 92.000000
258093 12.685828 12.685828 894.000000 894.000000 1009.000000 555.000000 169.000000 13.000000 157.000000 0.000000 115.000000
259093 14.326923 14.326923 908.000000 908.000000 1040.000000 592.000000 124.000000 17.000000 175.000000 0.000000 132.000000
260093 16.493874 16.493874 905.000000 905.000000 1061.000000 597.000000 107.000000 19.000000 182.000000 0.000000 156.000000
261093 18.508287 18.508287 908.000000 908.000000 1086.000000 612.000000 79.000000 23.000000 194.000000 0.000000 178.000000
262093 20.695807 20.695807 910.000000 910.000000 1121.000000 643.000000 72.000000 21.000000 174.000000 0.000000 211.000000
263093 22.298456 22.298456 930.000000 930.000000 1166.000000 698.000000 68.000000 24.000000 140.000000 0.000000 236.000000
264093 24.277457 24.277457 938.000000 938.000000 1211.000000 745.000000 69.000000 21.000000 103.000000 0.000000 273.000000
265093 25.463336 25.463336 938.000000 938.000000 1241.000000 773.000000 68.000000 13.000000 84.000000 0.000000 303.000000
266093 27.672956 27.672956 951.000000 951.000000 1272.000000 785.000000 72.000000 31.000000 63.000000 0.000000 321.000000
267093 30.317092 30.317092 934.000000 934.000000 1293.000000 772.000000 81.000000 33.000000 48.000000 0.000000 359.000000
268093 33.843798 33.843798 900.000000 900.000000 1306.000000 733.000000 87.000000 36.000000 44.000000 0.000000 406.000000
269093 36.938309 36.938309 859.000000 859.000000 1313.000000 689.000000 96.000000 31.000000 43.000000 0.000000 454.000000
270093 39.501511 39.501511 822.000000 822.000000 1324.000000 658.000000 101.000000 21.000000 42.000000 0.000000 502.000000
271093 41.872659 41.872659 801.000000 801.000000 1335.000000 635.000000 99.000000 25.000000 42.000000 0.000000 534.000000
272093 44.485842 44.485842 775.000000 775.000000 1342.000000 595.000000 106.000000 30.000000 44.000000 0.000000 567.000000
273093 47.922849 47.922849 737.000000 737.000000 1348.000000 537.000000 115.000000 35.000000 50.000000 0.000000 611.000000
274093 50.884956 50.884956 701.000000 701.000000 1356.000000 489.000000 125.000000 35.000000 52.000000 0.000000 655.000000
275093 55.172414 55.172414 658.000000 658.000000 1363.000000 419.000000 134.000000 47.000000 58.000000 0.000000 705.000000
276093 58.832117 58.832117 602.000000 602.000000 1370.000000 354.000000 147.000000 38.000000 63.000000 0.000000 768.000000
277093 60.758570 60.758570 569.000000 569.000000 1371.000000 329.000000 144.000000 31.000000 65.000000 0.000000 802.000000
278093 62.763636 62.763636 544.000000 544.000000 1375.000000 301.000000 147.000000 32.000000 64.000000 0.000000 831.000000
279093 64.332604 64.332604 512.000000 512.000000 1371.000000 280.000000 143.000000 23.000000 66.000000 0.000000 859.000000
280093 64.801178 64.801178 501.000000 501.000000 1358.000000 270.000000 130.000000 23.000000 78.000000 0.000000 857.000000
281093 64.571006 64.571006 490.000000 490.000000 1352.000000 281.000000 118.000000 11.000000 80.000000 0.000000 862.000000
282093 64.653244 64.653244 487.000000 487.000000 1341.000000 281.000000 108.000000 13.000000 85.000000 0.000000 854.000000
283093 64.377358 64.377358 480.000000 480.000000 1325.000000 283.000000 99.000000 8.000000 90.000000 0.000000 845.000000
284093 63.685015 63.685015 484.000000 484.000000 1308.000000 297.000000 81.000000 9.000000 97.000000 0.000000 824.000000
285093 62.480620 62.480620 490.000000 490.000000 1290.000000 323.000000 65.000000 6.000000 96.000000 0.000000 800.000000
286093 62.293794 62.293794 498.000000 498.000000 1273.000000 332.000000 55.000000 18.000000 93.000000 0.000000 775.000000
287093 61.976285 61.976285 491.000000 491.000000 1265.000000 344.000000 56.000000 10.000000 81.000000 0.000000 774.000000
288093 61.795075 61.795075 494.000000 494.000000 1259.000000 352.000000 52.000000 13.000000 77.000000 0.000000 765.000000
289093 61.946903 61.946903 496.000000 496.000000 1243.000000 360.000000 50.000000 23.000000 63.000000 0.000000 747.000000
290093 61.613692 61.613692 485.000000 485.000000 1227.000000 367.000000 51.000000 14.000000 53.000000 0.000000 742.000000
291093 61.721311 61.721311 486.000000 486.000000 1220.000000 378.000000 44.000000 19.000000 45.000000 0.000000 734.000000
292093 62.080537 62.080537 472.000000 472.000000 1192.000000 366.000000 48.000000 20.000000 38.000000 0.000000 720.000000
293093 61.863676 61.863676 457.000000 457.000000 1159.000000 358.000000 47.000000 15.000000 37.000000 0.000000 702.000000
294093 61.365678 61.365678 445.000000 445.000000 1113.000000 347.000000 47.000000 15.000000 36.000000 0.000000 668.000000
295093 62.477231 62.477231 430.000000 430.000000 1098.000000 330.000000 54.000000 18.000000 28.000000 0.000000 668.000000
296093 64.059590 64.059590 409.000000 409.000000 1074.000000 304.000000 55.000000 23.000000 27.000000 0.000000 665.000000
297093 64.773821 64.773821 389.000000 389.000000 1039.000000 279.000000 57.000000 23.000000 30.000000 0.000000 650.000000
298093 65.014866 65.014866 371.000000 371.000000 1009.000000 263.000000 63.000000 18.000000 27.000000 0.000000 638.000000
299093 66.147456 66.147456 348.000000 348.000000 963.000000 231.000000 65.000000 22.000000 30.000000 0.000000 615.000000
300093 67.426710 67.426710 321.000000 321.000000 921.000000 201.000000 63.000000 21.000000 36.000000 0.000000 600.000000
301093 67.154106 67.154106 304.000000 304.000000 889.000000 191.000000 67.000000 12.000000 34.000000 0.000000 585.000000
302093 67.986030 67.986030 292.000000 292.000000 859.000000 173.000000 69.000000 17.000000 33.000000 0.000000 567.000000
303093 68.636912 68.636912 274.000000 274.000000 829.000000 156.000000 67.000000 14.000000 37.000000 0.000000 555.000000
304093 69.581281 69.581281 264.000000 264.000000 812.000000 146.000000 62.000000 17.000000 39.000000 0.000000 548.000000
305093 68.434343 68.434343 257.000000 257.000000 792.000000 159.000000 57.000000 7.000000 34.000000 0.000000 535.000000
306093 69.210867 69.210867 250.000000 250.000000 773.000000 152.000000 48.000000 12.000000 38.000000 0.000000 523.000000
307093 69.352708 69.352708 243.000000 243.000000 757.000000 145.000000 43.000000 11.000000 44.000000 0.000000 514.000000
308093 69.044415 69.044415 238.000000 238.000000 743.000000 148.000000 40.000000 8.000000 42.000000 0.000000 505.000000
309093 68.543956 68.543956 235.000000 235.000000 728.000000 148.000000 39.000000 6.000000 42.000000 0.000000 493.000000
310093 68.741355 68.741355 233.000000 233.000000 723.000000 148.000000 34.000000 7.000000 44.000000 0.000000 490.000000
311093 68.162693 68.162693 233.000000 233.000000 713.000000 152.000000 32.000000 6.000000 43.000000 0.000000 480.000000
312093 67.514124 67.514124 233.000000 233.000000 708.000000 165.000000 29.000000 3.000000 36.000000 0.000000 475.000000
313093 67.338129 67.338129 237.000000 237.000000 695.000000 169.000000 28.000000 10.000000 30.000000 0.000000 458.000000
314093 67.057101 67.057101 231.000000 231.000000 683.000000 166.000000 35.000000 6.000000 24.000000 0.000000 452.000000
315093 66.965620 66.965620 231.000000 231.000000 669.000000 167.000000 35.000000 10.000000 19.000000 0.000000 438.000000
316093 66.973886 66.973886 220.000000 220.000000 651.000000 165.000000 29.000000 5.000000 21.000000 0.000000 431.000000
317093 65.826772 65.826772 222.000000 222.000000 635.000000 169.000000 30.000000 5.000000 18.000000 0.000000 413.000000
318093 65.957447 65.957447 217.000000 217.000000 611.000000 155.000000 34.000000 9.000000 19.000000 0.000000 394.000000
319093 66.040956 66.040956 206.000000 206.000000 586.000000 142.000000 33.000000 7.000000 24.000000 0.000000 380.000000
320093 66.074600 66.074600 197.000000 197.000000 563.000000 132.000000 35.000000 6.000000 24.000000 0.000000 366.000000
321093 65.750916 65.750916 194.000000 194.000000 546.000000 132.000000 33.000000 7.000000 22.000000 0.000000 352.000000
322093 63.915547 63.915547 193.000000 193.000000 521.000000 134.000000 35.000000 5.000000 19.000000 0.000000 328.000000
323093 63.636364 63.636364 191.000000 191.000000 495.000000 122.000000 38.000000 11.000000 20.000000 0.000000 304.000000
324093 65.189873 65.189873 181.000000 181.000000 474.000000 103.000000 42.000000 16.000000 20.000000 0.000000 293.000000
325093 64.692982 64.692982 169.000000 169.000000 456.000000 104.000000 42.000000 8.000000 15.000000 0.000000 287.000000
326093 63.636364 63.636364 162.000000 162.000000 440.000000 102.000000 39.000000 2.000000 19.000000 0.000000 278.000000
254646 2.255639 2.255639 931.000000 931.000000 931.000000 523.000000 259.000000 21.000000 128.000000 0.000000 0.000000
255646 4.293194 4.293194 930.000000 930.000000 955.000000 537.000000 244.000000 16.000000 133.000000 0.000000 25.000000
256646 7.209063 7.209063 921.000000 921.000000 971.000000 536.000000 204.000000 20.000000 161.000000 0.000000 50.000000
257646 10.468594 10.468594 929.000000 929.000000 1003.000000 545.000000 188.000000 31.000000 165.000000 0.000000 74.000000
258646 13.826680 13.826680 914.000000 914.000000 1027.000000 543.000000 168.000000 29.000000 174.000000 0.000000 113.000000
259646 16.572505 16.572505 909.000000 909.000000 1062.000000 569.000000 140.000000 23.000000 177.000000 0.000000 153.000000
260646 18.430657 18.430657 912.000000 912.000000 1096.000000 601.000000 118.000000 18.000000 175.000000 0.000000 184.000000
261646 20.440529 20.440529 924.000000 924.000000 1135.000000 637.000000 98.000000 21.000000 168.000000 0.000000 211.000000
262646 22.222222 22.222222 939.000000 939.000000 1179.000000 683.000000 93.000000 22.000000 141.000000 0.000000 240.000000
263646 24.729392 24.729392 926.000000 926.000000 1201.000000 682.000000 94.000000 22.000000 128.000000 0.000000 275.000000
264646 25.910931 25.910931 932.000000 932.000000 1235.000000 721.000000 91.000000 17.000000 103.000000 0.000000 303.000000
265646 27.545383 27.545383 939.000000 939.000000 1267.000000 750.000000 78.000000 21.000000 90.000000 0.000000 328.000000
266646 29.892142 29.892142 940.000000 940.000000 1298.000000 765.000000 73.000000 30.000000 72.000000 0.000000 358.000000
267646 31.614860 31.614860 917.000000 917.000000 1319.000000 769.000000 69.000000 15.000000 64.000000 0.000000 402.000000
268646 34.412651 34.412651 898.000000 898.000000 1328.000000 733.000000 77.000000 27.000000 61.000000 0.000000 430.000000
269646 37.303371 37.303371 863.000000 863.000000 1335.000000 696.000000 74.000000 26.000000 67.000000 0.000000 472.000000
270646 40.516605 40.516605 843.000000 843.000000 1355.000000 666.000000 80.000000 37.000000 60.000000 0.000000 512.000000
271646 43.973703 43.973703 808.000000 808.000000 1369.000000 627.000000 86.000000 41.000000 54.000000 0.000000 561.000000
272646 47.501810 47.501810 768.000000 768.000000 1381.000000 579.000000 97.000000 43.000000 49.000000 0.000000 613.000000
273646 51.187905 51.187905 717.000000 717.000000 1389.000000 526.000000 104.000000 39.000000 48.000000 0.000000 672.000000
274646 53.829635 53.829635 677.000000 677.000000 1397.000000 483.000000 111.000000 32.000000 51.000000 0.000000 720.000000
275646 56.210078 56.210078 653.000000 653.000000 1409.000000 458.000000 116.000000 36.000000 43.000000 0.000000 756.000000
276646 59.065156 59.065156 616.000000 616.000000 1412.000000 410.000000 124.000000 38.000000 44.000000 0.000000 796.000000
277646 61.173975 61.173975 576.000000 576.000000 1414.000000 376.000000 129.000000 27.000000 44.000000 0.000000 838.000000
278646 63.139205 63.139205 547.000000 547.000000 1408.000000 339.000000 126.000000 28.000000 54.000000 0.000000 861.000000
279646 64.235127 64.235127 524.000000 524.000000 1412.000000 323.000000 127.000000 19.000000 55.000000 0.000000 888.000000
280646 64.546104 64.546104 511.000000 511.000000 1399.000000 314.000000 112.000000 15.000000 70.000000 0.000000 888.000000
281646 65.242578 65.242578 495.000000 495.000000 1381.000000 294.000000 110.000000 15.000000 76.000000 0.000000 886.000000
282646 66.102941 66.102941 482.000000 482.000000 1360.000000 274.000000 105.000000 21.000000 82.000000 0.000000 878.000000
283646 65.922619 65.922619 470.000000 470.000000 1344.000000 277.000000 97.000000 12.000000 84.000000 0.000000 874.000000
284646 65.658094 65.658094 470.000000 470.000000 1322.000000 285.000000 88.000000 16.000000 81.000000 0.000000 852.000000
285646 65.677321 65.677321 470.000000 470.000000 1314.000000 298.000000 79.000000 19.000000 74.000000 0.000000 844.000000
286646 65.870570 65.870570 459.000000 459.000000 1298.000000 298.000000 73.000000 16.000000 72.000000 0.000000 839.000000
287646 65.807963 65.807963 455.000000 455.000000 1281.000000 295.000000 74.000000 17.000000 69.000000 0.000000 826.000000
288646 65.977742 65.977742 443.000000 443.000000 1258.000000 290.000000 64.000000 15.000000 74.000000 0.000000 815.000000
289646 65.273312 65.273312 445.000000 445.000000 1244.000000 305.000000 59.000000 13.000000 68.000000 0.000000 799.000000
290646 64.836066 64.836066 442.000000 442.000000 1220.000000 307.000000 57.000000 13.000000 65.000000 0.000000 778.000000
291646 63.933054 63.933054 438.000000 438.000000 1195.000000 316.000000 59.000000 7.000000 56.000000 0.000000 757.000000
292646 62.864494 62.864494 440.000000 440.000000 1166.000000 326.000000 54.000000 7.000000 53.000000 0.000000 726.000000
293646 62.157383 62.157383 442.000000 442.000000 1131.000000 329.000000 53.000000 14.000000 46.000000 0.000000 689.000000
294646 62.398557 62.398557 429.000000 429.000000 1109.000000 317.000000 57.000000 12.000000 43.000000 0.000000 680.000000
295646 62.718090 62.718090 426.000000 426.000000 1089.000000 315.000000 52.000000 20.000000 39.000000 0.000000 663.000000
296646 62.821735 62.821735 410.000000 410.000000 1049.000000 299.000000 56.000000 20.000000 35.000000 0.000000 639.000000
297646 62.512463 62.512463 392.000000 392.000000 1003.000000 277.000000 65.000000 16.000000 34.000000 0.000000 611.000000
298646 62.797927 62.797927 373.000000 373.000000 965.000000 258.000000 64.000000 14.000000 37.000000 0.000000 592.000000
299646 62.393162 62.393162 364.000000 364.000000 936.000000 249.000000 69.000000 12.000000 34.000000 0.000000 572.000000
300646 61.909989 61.909989 359.000000 359.000000 911.000000 240.000000 75.000000 12.000000 32.000000 0.000000 552.000000
301646 61.801596 61.801596 347.000000 347.000000 877.000000 227.000000 74.000000 12.000000 34.000000 0.000000 530.000000
302646 62.984724 62.984724 331.000000 331.000000 851.000000 206.000000 70.000000 16.000000 39.000000 0.000000 520.000000
303646 61.652281 61.652281 320.000000 320.000000 811.000000 206.000000 68.000000 9.000000 37.000000 0.000000 491.000000
304646 62.690355 62.690355 312.000000 312.000000 788.000000 186.000000 71.000000 18.000000 37.000000 0.000000 476.000000
305646 63.835264 63.835264 295.000000 295.000000 777.000000 173.000000 65.000000 14.000000 43.000000 0.000000 482.000000
306646 64.682540 64.682540 282.000000 282.000000 756.000000 163.000000 58.000000 15.000000 46.000000 0.000000 474.000000
307646 64.402174 64.402174 271.000000 271.000000 736.000000 160.000000 53.000000 9.000000 49.000000 0.000000 465.000000
308646 64.868603 64.868603 267.000000 267.000000 723.000000 156.000000 48.000000 13.000000 50.000000 0.000000 456.000000
309646 64.755245 64.755245 261.000000 261.000000 715.000000 161.000000 42.000000 9.000000 49.000000 0.000000 454.000000
310646 64.194009 64.194009 260.000000 260.000000 701.000000 165.000000 42.000000 9.000000 44.000000 0.000000 441.000000
311646 64.161850 64.161850 258.000000 258.000000 692.000000 171.000000 35.000000 10.000000 42.000000 0.000000 434.000000
312646 63.357664 63.357664 259.000000 259.000000 685.000000 180.000000 36.000000 8.000000 35.000000 0.000000 426.000000
313646 63.040238 63.040238 257.000000 257.000000 671.000000 183.000000 33.000000 9.000000 32.000000 0.000000 414.000000
314646 61.984733 61.984733 251.000000 251.000000 655.000000 185.000000 31.000000 2.000000 33.000000 0.000000 404.000000
315646 61.778471 61.778471 254.000000 254.000000 641.000000 185.000000 29.000000 9.000000 31.000000 0.000000 387.000000
316646 61.746032 61.746032 248.000000 248.000000 630.000000 180.000000 32.000000 7.000000 29.000000 0.000000 382.000000
317646 61.674718 61.674718 245.000000 245.000000 621.000000 182.000000 32.000000 7.000000 24.000000 0.000000 376.000000
318646 62.767710 62.767710 238.000000 238.000000 607.000000 170.000000 30.000000 12.000000 26.000000 0.000000 369.000000
319646 62.913907 62.913907 229.000000 229.000000 604.000000 173.000000 31.000000 5.000000 20.000000 0.000000 375.000000
320646 64.745763 64.745763 224.000000 224.000000 590.000000 159.000000 31.000000 16.000000 18.000000 0.000000 366.000000
321646 64.359862 64.359862 211.000000 211.000000 578.000000 157.000000 33.000000 5.000000 16.000000 0.000000 367.000000
322646 64.516129 64.516129 207.000000 207.000000 558.000000 147.000000 32.000000 9.000000 19.000000 0.000000 351.000000
323646 65.306122 65.306122 200.000000 200.000000 539.000000 136.000000 30.000000 13.000000 21.000000 0.000000 339.000000
324646 66.349810 66.349810 188.000000 188.000000 526.000000 122.000000 35.000000 11.000000 20.000000 0.000000 338.000000
325646 66.205534 66.205534 175.000000 175.000000 506.000000 110.000000 39.000000 4.000000 22.000000 0.000000 331.000000
326646 67.070707 67.070707 171.000000 171.000000 495.000000 100.000000 40.000000 8.000000 23.000000 0.000000 324.000000
252091 1.490948 1.490948 939.000000 939.000000 939.000000 551.000000 254.000000 14.000000 120.000000 0.000000 0.000000
253091 4.145078 4.145078 943.000000 943.000000 965.000000 558.000000 237.000000 18.000000 130.000000 0.000000 22.000000
254091 7.638191 7.638191 947.000000 947.000000 995.000000 567.000000 225.000000 28.000000 127.000000 0.000000 48.000000
255091 10.334646 10.334646 933.000000 933.000000 1016.000000 575.000000 197.000000 22.000000 139.000000 0.000000 83.000000
256091 13.282002 13.282002 929.000000 929.000000 1039.000000 579.000000 173.000000 28.000000 149.000000 0.000000 110.000000
257091 15.868545 15.868545 917.000000 917.000000 1065.000000 591.000000 136.000000 21.000000 169.000000 0.000000 148.000000
258091 18.881760 18.881760 911.000000 911.000000 1091.000000 592.000000 125.000000 26.000000 168.000000 0.000000 180.000000
259091 20.551601 20.551601 913.000000 913.000000 1124.000000 624.000000 102.000000 20.000000 167.000000 0.000000 211.000000
260091 22.750865 22.750865 917.000000 917.000000 1156.000000 640.000000 97.000000 24.000000 156.000000 0.000000 239.000000
261091 24.537815 24.537815 915.000000 915.000000 1190.000000 666.000000 91.000000 17.000000 141.000000 0.000000 275.000000
262091 25.892857 25.892857 932.000000 932.000000 1232.000000 711.000000 83.000000 19.000000 119.000000 0.000000 300.000000
263091 27.958697 27.958697 935.000000 935.000000 1259.000000 720.000000 90.000000 28.000000 97.000000 0.000000 324.000000
264091 29.906542 29.906542 927.000000 927.000000 1284.000000 718.000000 101.000000 27.000000 81.000000 0.000000 357.000000
265091 32.134660 32.134660 913.000000 913.000000 1307.000000 716.000000 105.000000 26.000000 66.000000 0.000000 394.000000
266091 34.259955 34.259955 900.000000 900.000000 1331.000000 715.000000 101.000000 25.000000 59.000000 0.000000 431.000000
267091 37.017804 37.017804 883.000000 883.000000 1348.000000 694.000000 103.000000 34.000000 52.000000 0.000000 465.000000
268091 39.852941 39.852941 848.000000 848.000000 1360.000000 666.000000 97.000000 30.000000 55.000000 0.000000 512.000000
269091 42.333089 42.333089 808.000000 808.000000 1363.000000 621.000000 105.000000 22.000000 60.000000 0.000000 555.000000
270091 45.050946 45.050946 789.000000 789.000000 1374.000000 583.000000 105.000000 34.000000 67.000000 0.000000 585.000000
271091 47.945205 47.945205 754.000000 754.000000 1387.000000 544.000000 113.000000 32.000000 65.000000 0.000000 633.000000
272091 51.069900 51.069900 718.000000 718.000000 1402.000000 512.000000 107.000000 32.000000 67.000000 0.000000 684.000000
273091 53.862509 53.862509 693.000000 693.000000 1411.000000 463.000000 124.000000 42.000000 64.000000 0.000000 718.000000
274091 56.840621 56.840621 656.000000 656.000000 1418.000000 419.000000 126.000000 44.000000 67.000000 0.000000 762.000000
275091 58.976157 58.976157 614.000000 614.000000 1426.000000 398.000000 120.000000 29.000000 67.000000 0.000000 812.000000
276091 60.990928 60.990928 580.000000 580.000000 1433.000000 371.000000 122.000000 21.000000 66.000000 0.000000 853.000000
277091 61.807989 61.807989 566.000000 566.000000 1427.000000 360.000000 121.000000 21.000000 64.000000 0.000000 861.000000
278091 62.747875 62.747875 550.000000 550.000000 1412.000000 343.000000 110.000000 24.000000 73.000000 0.000000 862.000000
279091 63.395415 63.395415 530.000000 530.000000 1396.000000 330.000000 107.000000 19.000000 74.000000 0.000000 866.000000
280091 62.770563 62.770563 528.000000 528.000000 1386.000000 341.000000 103.000000 12.000000 72.000000 0.000000 858.000000
281091 63.011696 63.011696 519.000000 519.000000 1368.000000 332.000000 94.000000 13.000000 80.000000 0.000000 849.000000
282091 62.500000 62.500000 523.000000 523.000000 1352.000000 347.000000 78.000000 16.000000 82.000000 0.000000 829.000000
283091 63.095238 63.095238 518.000000 518.000000 1344.000000 341.000000 78.000000 22.000000 77.000000 0.000000 826.000000
284091 64.177979 64.177979 498.000000 498.000000 1326.000000 324.000000 73.000000 23.000000 78.000000 0.000000 828.000000
285091 64.258555 64.258555 486.000000 486.000000 1315.000000 325.000000 73.000000 16.000000 72.000000 0.000000 829.000000
286091 63.713405 63.713405 485.000000 485.000000 1298.000000 333.000000 73.000000 14.000000 65.000000 0.000000 813.000000
287091 63.981410 63.981410 482.000000 482.000000 1291.000000 341.000000 66.000000 17.000000 58.000000 0.000000 809.000000
288091 63.836478 63.836478 470.000000 470.000000 1272.000000 347.000000 60.000000 10.000000 53.000000 0.000000 802.000000
289091 65.036087 65.036087 458.000000 458.000000 1247.000000 325.000000 58.000000 22.000000 53.000000 0.000000 789.000000
290091 64.860427 64.860427 442.000000 442.000000 1218.000000 316.000000 60.000000 14.000000 52.000000 0.000000 776.000000
291091 64.502530 64.502530 438.000000 438.000000 1186.000000 316.000000 59.000000 17.000000 46.000000 0.000000 748.000000
292091 64.930556 64.930556 422.000000 422.000000 1152.000000 299.000000 57.000000 18.000000 48.000000 0.000000 730.000000
293091 64.742451 64.742451 412.000000 412.000000 1126.000000 299.000000 55.000000 15.000000 43.000000 0.000000 714.000000
294091 65.750916 65.750916 392.000000 392.000000 1092.000000 269.000000 58.000000 18.000000 47.000000 0.000000 700.000000
295091 65.759850 65.759850 380.000000 380.000000 1066.000000 264.000000 61.000000 15.000000 40.000000 0.000000 686.000000
296091 65.570600 65.570600 369.000000 369.000000 1034.000000 257.000000 66.000000 13.000000 33.000000 0.000000 665.000000
297091 65.662651 65.662651 360.000000 360.000000 996.000000 245.000000 65.000000 18.000000 32.000000 0.000000 636.000000
298091 65.876289 65.876289 350.000000 350.000000 970.000000 234.000000 65.000000 19.000000 32.000000 0.000000 620.000000
299091 65.845824 65.845824 331.000000 331.000000 934.000000 223.000000 62.000000 12.000000 34.000000 0.000000 603.000000
300091 66.334441 66.334441 320.000000 320.000000 903.000000 207.000000 59.000000 16.000000 38.000000 0.000000 583.000000
301091 66.551326 66.551326 302.000000 302.000000 867.000000 187.000000 60.000000 12.000000 43.000000 0.000000 565.000000
302091 66.823529 66.823529 294.000000 294.000000 850.000000 182.000000 59.000000 12.000000 41.000000 0.000000 556.000000
303091 66.340269 66.340269 286.000000 286.000000 817.000000 182.000000 50.000000 11.000000 43.000000 0.000000 531.000000
304091 66.708701 66.708701 278.000000 278.000000 793.000000 175.000000 46.000000 14.000000 43.000000 0.000000 515.000000
305091 66.367137 66.367137 274.000000 274.000000 779.000000 178.000000 42.000000 12.000000 42.000000 0.000000 505.000000
306091 66.666667 66.666667 263.000000 263.000000 753.000000 169.000000 38.000000 12.000000 44.000000 0.000000 490.000000
307091 67.432432 67.432432 256.000000 256.000000 740.000000 161.000000 39.000000 15.000000 41.000000 0.000000 484.000000
308091 66.394558 66.394558 254.000000 254.000000 735.000000 174.000000 44.000000 7.000000 29.000000 0.000000 481.000000
309091 65.730337 65.730337 248.000000 248.000000 712.000000 171.000000 40.000000 4.000000 33.000000 0.000000 464.000000
310091 65.714286 65.714286 249.000000 249.000000 700.000000 171.000000 37.000000 9.000000 32.000000 0.000000 451.000000
311091 65.072464 65.072464 244.000000 244.000000 690.000000 175.000000 39.000000 3.000000 27.000000 0.000000 446.000000
312091 64.232489 64.232489 246.000000 246.000000 671.000000 175.000000 43.000000 6.000000 22.000000 0.000000 425.000000
313091 63.302752 63.302752 241.000000 241.000000 654.000000 177.000000 41.000000 1.000000 22.000000 0.000000 413.000000
314091 63.679245 63.679245 241.000000 241.000000 636.000000 171.000000 37.000000 10.000000 23.000000 0.000000 395.000000
315091 64.448052 64.448052 232.000000 232.000000 616.000000 160.000000 36.000000 13.000000 23.000000 0.000000 384.000000
316091 64.548495 64.548495 222.000000 222.000000 598.000000 154.000000 31.000000 10.000000 27.000000 0.000000 376.000000
317091 64.285714 64.285714 211.000000 211.000000 574.000000 143.000000 29.000000 6.000000 33.000000 0.000000 363.000000
318091 64.601770 64.601770 205.000000 205.000000 565.000000 142.000000 27.000000 5.000000 31.000000 0.000000 360.000000
319091 65.573770 65.573770 199.000000 199.000000 549.000000 127.000000 32.000000 10.000000 30.000000 0.000000 350.000000
320091 65.561694 65.561694 196.000000 196.000000 543.000000 130.000000 33.000000 9.000000 24.000000 0.000000 347.000000
321091 65.399240 65.399240 190.000000 190.000000 526.000000 123.000000 39.000000 8.000000 20.000000 0.000000 336.000000
322091 65.294118 65.294118 187.000000 187.000000 510.000000 124.000000 35.000000 10.000000 18.000000 0.000000 323.000000
323091 65.517241 65.517241 177.000000 177.000000 493.000000 119.000000 30.000000 7.000000 21.000000 0.000000 316.000000
324091 64.656965 64.656965 173.000000 173.000000 481.000000 119.000000 32.000000 3.000000 19.000000 0.000000 308.000000
228847 2.717391 2.717391 920.000000 920.000000 920.000000 493.000000 248.000000 25.000000 154.000000 0.000000 0.000000
229847 5.179704 5.179704 914.000000 914.000000 946.000000 509.000000 230.000000 17.000000 158.000000 0.000000 32.000000
230847 7.033639 7.033639 925.000000 925.000000 981.000000 550.000000 204.000000 13.000000 158.000000 0.000000 56.000000
231847 9.359606 9.359606 940.000000 940.000000 1015.000000 585.000000 185.000000 20.000000 150.000000 0.000000 75.000000
232847 11.153846 11.153846 936.000000 936.000000 1040.000000 602.000000 160.000000 12.000000 162.000000 0.000000 104.000000
233847 13.767442 13.767442 947.000000 947.000000 1075.000000 630.000000 129.000000 20.000000 168.000000 0.000000 128.000000
234847 16.454545 16.454545 945.000000 945.000000 1100.000000 639.000000 102.000000 26.000000 178.000000 0.000000 155.000000
235847 18.029903 18.029903 950.000000 950.000000 1137.000000 681.000000 91.000000 18.000000 160.000000 0.000000 187.000000
236847 20.462329 20.462329 954.000000 954.000000 1168.000000 697.000000 78.000000 25.000000 154.000000 0.000000 214.000000
237847 21.576763 21.576763 961.000000 961.000000 1205.000000 738.000000 77.000000 16.000000 130.000000 0.000000 244.000000
238847 23.212851 23.212851 974.000000 974.000000 1245.000000 781.000000 79.000000 18.000000 96.000000 0.000000 271.000000
239847 25.450274 25.450274 979.000000 979.000000 1277.000000 797.000000 82.000000 27.000000 73.000000 0.000000 298.000000
240847 28.129830 28.129830 960.000000 960.000000 1294.000000 780.000000 86.000000 30.000000 64.000000 0.000000 334.000000
241847 31.207289 31.207289 938.000000 938.000000 1317.000000 759.000000 93.000000 32.000000 54.000000 0.000000 379.000000
242847 33.932584 33.932584 913.000000 913.000000 1335.000000 740.000000 96.000000 31.000000 46.000000 0.000000 422.000000
243847 37.238806 37.238806 876.000000 876.000000 1340.000000 687.000000 101.000000 35.000000 53.000000 0.000000 464.000000
244847 40.266469 40.266469 837.000000 837.000000 1351.000000 642.000000 114.000000 30.000000 51.000000 0.000000 514.000000
245847 42.699927 42.699927 808.000000 808.000000 1363.000000 610.000000 122.000000 27.000000 49.000000 0.000000 555.000000
246847 45.793709 45.793709 775.000000 775.000000 1367.000000 553.000000 135.000000 34.000000 53.000000 0.000000 592.000000
247847 49.636628 49.636628 737.000000 737.000000 1376.000000 500.000000 140.000000 44.000000 53.000000 0.000000 639.000000
248847 52.805755 52.805755 691.000000 691.000000 1390.000000 455.000000 144.000000 35.000000 57.000000 0.000000 699.000000
249847 56.000000 56.000000 657.000000 657.000000 1400.000000 406.000000 147.000000 41.000000 63.000000 0.000000 743.000000
250847 59.003559 59.003559 614.000000 614.000000 1405.000000 358.000000 151.000000 38.000000 67.000000 0.000000 791.000000
251847 60.142857 60.142857 582.000000 582.000000 1400.000000 333.000000 153.000000 24.000000 72.000000 0.000000 818.000000
252847 61.510791 61.510791 557.000000 557.000000 1390.000000 305.000000 142.000000 22.000000 88.000000 0.000000 833.000000
253847 62.249284 62.249284 550.000000 550.000000 1396.000000 306.000000 134.000000 23.000000 87.000000 0.000000 846.000000
254847 62.509012 62.509012 539.000000 539.000000 1387.000000 303.000000 122.000000 19.000000 95.000000 0.000000 848.000000
255847 62.563360 62.563360 535.000000 535.000000 1381.000000 310.000000 114.000000 18.000000 93.000000 0.000000 846.000000
256847 62.244898 62.244898 530.000000 530.000000 1372.000000 319.000000 102.000000 12.000000 97.000000 0.000000 842.000000
257847 61.393324 61.393324 542.000000 542.000000 1378.000000 355.000000 92.000000 10.000000 85.000000 0.000000 836.000000
258847 61.600000 61.600000 547.000000 547.000000 1375.000000 365.000000 72.000000 19.000000 91.000000 0.000000 828.000000
259847 60.782866 60.782866 544.000000 544.000000 1354.000000 377.000000 63.000000 13.000000 91.000000 0.000000 810.000000
260847 60.642270 60.642270 541.000000 541.000000 1339.000000 381.000000 59.000000 14.000000 87.000000 0.000000 798.000000
261847 60.210210 60.210210 542.000000 542.000000 1332.000000 395.000000 53.000000 12.000000 82.000000 0.000000 790.000000
262847 59.832954 59.832954 541.000000 541.000000 1317.000000 408.000000 53.000000 12.000000 68.000000 0.000000 776.000000
263847 59.434683 59.434683 549.000000 549.000000 1309.000000 419.000000 53.000000 18.000000 59.000000 0.000000 760.000000
264847 59.721146 59.721146 537.000000 537.000000 1291.000000 412.000000 59.000000 17.000000 49.000000 0.000000 754.000000
265847 59.559402 59.559402 533.000000 533.000000 1271.000000 414.000000 64.000000 19.000000 36.000000 0.000000 738.000000
266847 60.519903 60.519903 516.000000 516.000000 1231.000000 384.000000 66.000000 30.000000 36.000000 0.000000 715.000000
267847 60.502092 60.502092 488.000000 488.000000 1195.000000 371.000000 64.000000 16.000000 37.000000 0.000000 707.000000
268847 61.617900 61.617900 468.000000 468.000000 1162.000000 342.000000 71.000000 22.000000 33.000000 0.000000 694.000000
269847 62.985866 62.985866 444.000000 444.000000 1132.000000 313.000000 71.000000 25.000000 35.000000 0.000000 688.000000
270847 63.470320 63.470320 422.000000 422.000000 1095.000000 297.000000 69.000000 22.000000 34.000000 0.000000 673.000000
271847 64.346190 64.346190 397.000000 397.000000 1063.000000 270.000000 72.000000 18.000000 37.000000 0.000000 666.000000
272847 64.613881 64.613881 386.000000 386.000000 1023.000000 253.000000 71.000000 24.000000 38.000000 0.000000 637.000000
273847 65.580448 65.580448 355.000000 355.000000 982.000000 224.000000 70.000000 17.000000 44.000000 0.000000 627.000000
274847 66.457680 66.457680 340.000000 340.000000 957.000000 207.000000 70.000000 19.000000 44.000000 0.000000 617.000000
275847 67.058824 67.058824 322.000000 322.000000 935.000000 190.000000 69.000000 14.000000 49.000000 0.000000 613.000000
276847 66.555925 66.555925 317.000000 317.000000 903.000000 184.000000 72.000000 15.000000 46.000000 0.000000 586.000000
277847 67.314286 67.314286 300.000000 300.000000 875.000000 171.000000 68.000000 14.000000 47.000000 0.000000 575.000000
278847 67.640187 67.640187 293.000000 293.000000 856.000000 168.000000 65.000000 16.000000 44.000000 0.000000 563.000000
279847 67.409144 67.409144 283.000000 283.000000 853.000000 176.000000 60.000000 5.000000 42.000000 0.000000 570.000000
280847 66.265060 66.265060 283.000000 283.000000 830.000000 179.000000 54.000000 3.000000 47.000000 0.000000 547.000000
281847 66.626066 66.626066 288.000000 288.000000 821.000000 179.000000 50.000000 14.000000 45.000000 0.000000 533.000000
282847 65.601966 65.601966 284.000000 284.000000 814.000000 187.000000 53.000000 4.000000 40.000000 0.000000 530.000000
283847 65.671642 65.671642 286.000000 286.000000 804.000000 188.000000 42.000000 10.000000 46.000000 0.000000 518.000000
284847 65.732484 65.732484 279.000000 279.000000 785.000000 189.000000 36.000000 10.000000 44.000000 0.000000 506.000000
285847 65.172855 65.172855 278.000000 278.000000 781.000000 200.000000 33.000000 6.000000 39.000000 0.000000 503.000000
286847 65.098039 65.098039 275.000000 275.000000 765.000000 193.000000 36.000000 8.000000 38.000000 0.000000 490.000000
287847 64.619493 64.619493 271.000000 271.000000 749.000000 194.000000 36.000000 6.000000 35.000000 0.000000 478.000000
288847 64.217687 64.217687 269.000000 269.000000 735.000000 195.000000 35.000000 6.000000 33.000000 0.000000 466.000000
289847 63.988920 63.988920 267.000000 267.000000 722.000000 196.000000 38.000000 7.000000 26.000000 0.000000 455.000000
290847 63.857143 63.857143 262.000000 262.000000 700.000000 187.000000 41.000000 9.000000 25.000000 0.000000 438.000000
291847 64.723032 64.723032 255.000000 255.000000 686.000000 176.000000 41.000000 13.000000 25.000000 0.000000 431.000000
292847 63.496933 63.496933 246.000000 246.000000 652.000000 172.000000 44.000000 8.000000 22.000000 0.000000 406.000000
293847 63.694268 63.694268 241.000000 241.000000 628.000000 164.000000 46.000000 13.000000 18.000000 0.000000 387.000000
294847 62.809917 62.809917 231.000000 231.000000 605.000000 159.000000 46.000000 6.000000 20.000000 0.000000 374.000000
295847 63.931624 63.931624 221.000000 221.000000 585.000000 139.000000 48.000000 10.000000 24.000000 0.000000 364.000000
296847 63.380282 63.380282 215.000000 215.000000 568.000000 138.000000 45.000000 7.000000 25.000000 0.000000 353.000000
297847 64.154412 64.154412 206.000000 206.000000 544.000000 123.000000 46.000000 11.000000 26.000000 0.000000 338.000000
298847 63.705104 63.705104 198.000000 198.000000 529.000000 123.000000 40.000000 6.000000 29.000000 0.000000 331.000000
299847 63.013699 63.013699 195.000000 195.000000 511.000000 118.000000 42.000000 6.000000 29.000000 0.000000 316.000000
300847 62.804878 62.804878 192.000000 192.000000 492.000000 114.000000 39.000000 9.000000 30.000000 0.000000 300.000000
265311 1.970954 1.970954 964.000000 964.000000 964.000000 599.000000 220.000000 19.000000 126.000000 0.000000 0.000000
266311 5.622490 5.622490 961.000000 961.000000 996.000000 615.000000 214.000000 21.000000 111.000000 0.000000 35.000000
267311 8.374384 8.374384 949.000000 949.000000 1015.000000 616.000000 200.000000 19.000000 114.000000 0.000000 66.000000
268311 9.683605 9.683605 954.000000 954.000000 1043.000000 648.000000 184.000000 12.000000 110.000000 0.000000 89.000000
269311 12.300469 12.300469 957.000000 957.000000 1065.000000 652.000000 158.000000 23.000000 124.000000 0.000000 108.000000
270311 15.645014 15.645014 955.000000 955.000000 1093.000000 653.000000 130.000000 33.000000 139.000000 0.000000 138.000000
271311 18.991899 18.991899 924.000000 924.000000 1111.000000 640.000000 105.000000 24.000000 155.000000 0.000000 187.000000
272311 22.743363 22.743363 905.000000 905.000000 1130.000000 614.000000 98.000000 32.000000 161.000000 0.000000 225.000000
273311 25.409130 25.409130 893.000000 893.000000 1161.000000 622.000000 99.000000 27.000000 145.000000 0.000000 268.000000
274311 28.667225 28.667225 885.000000 885.000000 1193.000000 626.000000 100.000000 34.000000 125.000000 0.000000 308.000000
275311 31.087662 31.087662 878.000000 878.000000 1232.000000 649.000000 101.000000 29.000000 99.000000 0.000000 354.000000
276311 33.149171 33.149171 876.000000 876.000000 1267.000000 676.000000 91.000000 29.000000 80.000000 0.000000 391.000000
277311 35.166538 35.166538 857.000000 857.000000 1291.000000 678.000000 97.000000 20.000000 62.000000 0.000000 434.000000
278311 37.730061 37.730061 839.000000 839.000000 1304.000000 650.000000 102.000000 27.000000 60.000000 0.000000 465.000000
279311 39.635535 39.635535 817.000000 817.000000 1317.000000 631.000000 109.000000 22.000000 55.000000 0.000000 500.000000
280311 42.417417 42.417417 795.000000 795.000000 1332.000000 604.000000 100.000000 28.000000 63.000000 0.000000 537.000000
281311 43.875278 43.875278 778.000000 778.000000 1347.000000 593.000000 103.000000 22.000000 60.000000 0.000000 569.000000
282311 46.017699 46.017699 756.000000 756.000000 1356.000000 566.000000 100.000000 24.000000 66.000000 0.000000 600.000000
283311 48.243045 48.243045 730.000000 730.000000 1366.000000 540.000000 101.000000 23.000000 66.000000 0.000000 636.000000
284311 49.745084 49.745084 711.000000 711.000000 1373.000000 517.000000 105.000000 21.000000 68.000000 0.000000 662.000000
285311 54.211663 54.211663 685.000000 685.000000 1389.000000 468.000000 106.000000 49.000000 62.000000 0.000000 704.000000
286311 57.951289 57.951289 627.000000 627.000000 1396.000000 419.000000 106.000000 40.000000 62.000000 0.000000 769.000000
287311 59.646643 59.646643 602.000000 602.000000 1415.000000 410.000000 105.000000 31.000000 56.000000 0.000000 813.000000
288311 61.810467 61.810467 565.000000 565.000000 1414.000000 372.000000 100.000000 25.000000 68.000000 0.000000 849.000000
289311 62.800566 62.800566 548.000000 548.000000 1414.000000 355.000000 101.000000 22.000000 70.000000 0.000000 866.000000
290311 62.883655 62.883655 532.000000 532.000000 1401.000000 344.000000 105.000000 12.000000 71.000000 0.000000 869.000000
291311 63.564782 63.564782 529.000000 529.000000 1397.000000 337.000000 106.000000 20.000000 66.000000 0.000000 868.000000
292311 63.812950 63.812950 519.000000 519.000000 1390.000000 337.000000 104.000000 16.000000 62.000000 0.000000 871.000000
293311 63.741842 63.741842 515.000000 515.000000 1379.000000 346.000000 97.000000 15.000000 57.000000 0.000000 864.000000
294311 63.208241 63.208241 511.000000 511.000000 1359.000000 348.000000 94.000000 11.000000 58.000000 0.000000 848.000000
295311 62.971342 62.971342 506.000000 506.000000 1326.000000 344.000000 86.000000 15.000000 61.000000 0.000000 820.000000
296311 63.263728 63.263728 488.000000 488.000000 1293.000000 330.000000 79.000000 13.000000 66.000000 0.000000 805.000000
297311 64.673485 64.673485 476.000000 476.000000 1271.000000 303.000000 78.000000 27.000000 68.000000 0.000000 795.000000
298311 64.931946 64.931946 453.000000 453.000000 1249.000000 300.000000 69.000000 15.000000 69.000000 0.000000 796.000000
299311 64.691358 64.691358 444.000000 444.000000 1215.000000 294.000000 62.000000 15.000000 73.000000 0.000000 771.000000
300311 64.760303 64.760303 437.000000 437.000000 1189.000000 286.000000 64.000000 18.000000 69.000000 0.000000 752.000000
301311 63.370593 63.370593 438.000000 438.000000 1163.000000 307.000000 63.000000 12.000000 56.000000 0.000000 725.000000
302311 64.348592 64.348592 425.000000 425.000000 1136.000000 285.000000 65.000000 20.000000 55.000000 0.000000 711.000000
303311 64.253394 64.253394 412.000000 412.000000 1105.000000 280.000000 62.000000 17.000000 53.000000 0.000000 693.000000
304311 64.792627 64.792627 402.000000 402.000000 1085.000000 277.000000 58.000000 20.000000 47.000000 0.000000 683.000000
305311 64.606742 64.606742 390.000000 390.000000 1068.000000 284.000000 54.000000 12.000000 40.000000 0.000000 678.000000
306311 64.482431 64.482431 384.000000 384.000000 1053.000000 283.000000 56.000000 10.000000 35.000000 0.000000 669.000000
307311 64.355469 64.355469 376.000000 376.000000 1024.000000 269.000000 59.000000 11.000000 37.000000 0.000000 648.000000
308311 63.886063 63.886063 364.000000 364.000000 983.000000 259.000000 62.000000 9.000000 34.000000 0.000000 619.000000
309311 63.235294 63.235294 362.000000 362.000000 952.000000 260.000000 49.000000 12.000000 41.000000 0.000000 590.000000
310311 63.517915 63.517915 346.000000 346.000000 921.000000 243.000000 50.000000 10.000000 43.000000 0.000000 575.000000
311311 63.485017 63.485017 345.000000 345.000000 901.000000 241.000000 51.000000 16.000000 37.000000 0.000000 556.000000
312311 65.366972 65.366972 331.000000 331.000000 872.000000 212.000000 51.000000 29.000000 39.000000 0.000000 541.000000
313311 64.797136 64.797136 305.000000 305.000000 838.000000 203.000000 50.000000 10.000000 42.000000 0.000000 533.000000
314311 64.907975 64.907975 297.000000 297.000000 815.000000 198.000000 55.000000 11.000000 33.000000 0.000000 518.000000
315311 65.107459 65.107459 290.000000 290.000000 791.000000 188.000000 55.000000 14.000000 33.000000 0.000000 501.000000
316311 65.194805 65.194805 277.000000 277.000000 770.000000 185.000000 50.000000 9.000000 33.000000 0.000000 493.000000
317311 66.930171 66.930171 269.000000 269.000000 759.000000 168.000000 51.000000 18.000000 32.000000 0.000000 490.000000
318311 67.068273 67.068273 257.000000 257.000000 747.000000 165.000000 54.000000 11.000000 27.000000 0.000000 490.000000
319311 67.397260 67.397260 247.000000 247.000000 730.000000 157.000000 47.000000 9.000000 34.000000 0.000000 483.000000
320311 67.039106 67.039106 244.000000 244.000000 716.000000 158.000000 47.000000 8.000000 31.000000 0.000000 472.000000
321311 67.097701 67.097701 243.000000 243.000000 696.000000 155.000000 42.000000 14.000000 32.000000 0.000000 453.000000
322311 66.915052 66.915052 232.000000 232.000000 671.000000 149.000000 40.000000 10.000000 33.000000 0.000000 439.000000
323311 66.666667 66.666667 224.000000 224.000000 654.000000 143.000000 38.000000 6.000000 37.000000 0.000000 430.000000
324311 66.146646 66.146646 224.000000 224.000000 641.000000 149.000000 36.000000 7.000000 32.000000 0.000000 417.000000
325311 66.666667 66.666667 220.000000 220.000000 624.000000 143.000000 32.000000 12.000000 33.000000 0.000000 404.000000
326311 66.502463 66.502463 212.000000 212.000000 609.000000 139.000000 35.000000 8.000000 30.000000 0.000000 397.000000
327311 67.116358 67.116358 204.000000 204.000000 593.000000 136.000000 31.000000 9.000000 28.000000 0.000000 389.000000
328311 67.010309 67.010309 200.000000 200.000000 582.000000 140.000000 28.000000 8.000000 24.000000 0.000000 382.000000
329311 67.844523 67.844523 192.000000 192.000000 566.000000 130.000000 25.000000 10.000000 27.000000 0.000000 374.000000
330311 66.240876 66.240876 188.000000 188.000000 548.000000 134.000000 22.000000 3.000000 29.000000 0.000000 360.000000
331311 65.804067 65.804067 188.000000 188.000000 541.000000 137.000000 25.000000 3.000000 23.000000 0.000000 353.000000
332311 66.477273 66.477273 187.000000 187.000000 528.000000 129.000000 27.000000 10.000000 21.000000 0.000000 341.000000
333311 66.144814 66.144814 179.000000 179.000000 511.000000 126.000000 28.000000 6.000000 19.000000 0.000000 332.000000
334311 65.173116 65.173116 176.000000 176.000000 491.000000 125.000000 26.000000 5.000000 20.000000 0.000000 315.000000
335311 64.570231 64.570231 174.000000 174.000000 477.000000 127.000000 27.000000 5.000000 15.000000 0.000000 303.000000
336311 65.170940 65.170940 170.000000 170.000000 468.000000 120.000000 29.000000 7.000000 14.000000 0.000000 298.000000
337311 64.745011 64.745011 164.000000 164.000000 451.000000 112.000000 32.000000 5.000000 15.000000 0.000000 287.000000
261106 2.483801 2.483801 926.000000 926.000000 926.000000 531.000000 265.000000 23.000000 107.000000 0.000000 0.000000
262106 7.089947 7.089947 909.000000 909.000000 945.000000 511.000000 245.000000 31.000000 122.000000 0.000000 36.000000
263106 10.559006 10.559006 891.000000 891.000000 966.000000 507.000000 226.000000 27.000000 131.000000 0.000000 75.000000
264106 13.069909 13.069909 878.000000 878.000000 987.000000 513.000000 207.000000 20.000000 138.000000 0.000000 109.000000
265106 15.559960 15.559960 876.000000 876.000000 1009.000000 516.000000 188.000000 24.000000 148.000000 0.000000 133.000000
266106 18.514947 18.514947 872.000000 872.000000 1037.000000 527.000000 166.000000 27.000000 152.000000 0.000000 165.000000
267106 20.978363 20.978363 865.000000 865.000000 1063.000000 533.000000 141.000000 25.000000 166.000000 0.000000 198.000000
268106 23.181818 23.181818 868.000000 868.000000 1100.000000 565.000000 113.000000 23.000000 167.000000 0.000000 232.000000
269106 24.513274 24.513274 872.000000 872.000000 1130.000000 585.000000 104.000000 19.000000 164.000000 0.000000 258.000000
270106 26.534140 26.534140 872.000000 872.000000 1157.000000 600.000000 98.000000 22.000000 152.000000 0.000000 285.000000
271106 28.655462 28.655462 872.000000 872.000000 1190.000000 626.000000 91.000000 23.000000 132.000000 0.000000 318.000000
272106 29.176854 29.176854 881.000000 881.000000 1227.000000 672.000000 93.000000 12.000000 104.000000 0.000000 346.000000
273106 30.427892 30.427892 898.000000 898.000000 1262.000000 705.000000 89.000000 20.000000 84.000000 0.000000 364.000000
274106 31.832298 31.832298 898.000000 898.000000 1288.000000 718.000000 86.000000 20.000000 74.000000 0.000000 390.000000
275106 33.820138 33.820138 885.000000 885.000000 1301.000000 701.000000 90.000000 24.000000 70.000000 0.000000 416.000000
276106 35.839028 35.839028 869.000000 869.000000 1317.000000 685.000000 95.000000 24.000000 65.000000 0.000000 448.000000
277106 37.640872 37.640872 853.000000 853.000000 1331.000000 671.000000 93.000000 23.000000 66.000000 0.000000 478.000000
278106 39.821694 39.821694 837.000000 837.000000 1346.000000 642.000000 108.000000 27.000000 60.000000 0.000000 509.000000
279106 41.831502 41.831502 812.000000 812.000000 1365.000000 628.000000 114.000000 18.000000 52.000000 0.000000 553.000000
280106 45.520757 45.520757 792.000000 792.000000 1373.000000 569.000000 127.000000 44.000000 52.000000 0.000000 581.000000
281106 48.370746 48.370746 745.000000 745.000000 1381.000000 525.000000 132.000000 32.000000 56.000000 0.000000 636.000000
282106 52.117732 52.117732 716.000000 716.000000 1393.000000 478.000000 137.000000 49.000000 52.000000 0.000000 677.000000
283106 54.467477 54.467477 668.000000 668.000000 1399.000000 444.000000 132.000000 31.000000 61.000000 0.000000 731.000000
284106 57.173448 57.173448 633.000000 633.000000 1401.000000 402.000000 136.000000 33.000000 62.000000 0.000000 768.000000
285106 58.398856 58.398856 606.000000 606.000000 1399.000000 375.000000 133.000000 24.000000 74.000000 0.000000 793.000000
286106 59.537572 59.537572 588.000000 588.000000 1384.000000 350.000000 131.000000 28.000000 79.000000 0.000000 796.000000
287106 59.824047 59.824047 566.000000 566.000000 1364.000000 339.000000 125.000000 18.000000 84.000000 0.000000 798.000000
288106 61.221486 61.221486 554.000000 554.000000 1359.000000 333.000000 103.000000 27.000000 91.000000 0.000000 805.000000
289106 61.646884 61.646884 539.000000 539.000000 1348.000000 332.000000 100.000000 22.000000 85.000000 0.000000 809.000000
290106 61.090366 61.090366 534.000000 534.000000 1339.000000 347.000000 92.000000 13.000000 82.000000 0.000000 805.000000
291106 61.631420 61.631420 528.000000 528.000000 1324.000000 338.000000 83.000000 20.000000 87.000000 0.000000 796.000000
292106 61.089793 61.089793 519.000000 519.000000 1303.000000 346.000000 85.000000 12.000000 76.000000 0.000000 784.000000
293106 61.175561 61.175561 520.000000 520.000000 1293.000000 352.000000 72.000000 18.000000 78.000000 0.000000 773.000000
294106 61.544462 61.544462 508.000000 508.000000 1282.000000 351.000000 68.000000 15.000000 74.000000 0.000000 774.000000
295106 61.718750 61.718750 507.000000 507.000000 1280.000000 359.000000 63.000000 17.000000 68.000000 0.000000 773.000000
296106 61.897233 61.897233 501.000000 501.000000 1265.000000 359.000000 58.000000 19.000000 65.000000 0.000000 764.000000
297106 61.736334 61.736334 485.000000 485.000000 1244.000000 353.000000 63.000000 9.000000 60.000000 0.000000 759.000000
298106 60.763607 60.763607 491.000000 491.000000 1231.000000 369.000000 66.000000 8.000000 48.000000 0.000000 740.000000
299106 61.596010 61.596010 479.000000 479.000000 1203.000000 346.000000 68.000000 17.000000 48.000000 0.000000 724.000000
300106 62.068966 62.068966 468.000000 468.000000 1189.000000 339.000000 67.000000 17.000000 45.000000 0.000000 721.000000
301106 63.341858 63.341858 454.000000 454.000000 1173.000000 318.000000 70.000000 24.000000 42.000000 0.000000 719.000000
302106 63.525305 63.525305 433.000000 433.000000 1146.000000 308.000000 71.000000 15.000000 39.000000 0.000000 713.000000
303106 63.946188 63.946188 419.000000 419.000000 1115.000000 289.000000 76.000000 17.000000 37.000000 0.000000 696.000000
304106 64.397424 64.397424 407.000000 407.000000 1087.000000 271.000000 77.000000 20.000000 39.000000 0.000000 680.000000
305106 64.638783 64.638783 390.000000 390.000000 1052.000000 257.000000 75.000000 18.000000 40.000000 0.000000 662.000000
306106 64.659427 64.659427 378.000000 378.000000 1013.000000 241.000000 75.000000 20.000000 42.000000 0.000000 635.000000
307106 65.199591 65.199591 356.000000 356.000000 977.000000 222.000000 71.000000 16.000000 47.000000 0.000000 621.000000
308106 65.336134 65.336134 345.000000 345.000000 952.000000 213.000000 65.000000 15.000000 52.000000 0.000000 607.000000
309106 66.052061 66.052061 332.000000 332.000000 922.000000 198.000000 67.000000 19.000000 48.000000 0.000000 590.000000
310106 66.152150 66.152150 323.000000 323.000000 907.000000 198.000000 69.000000 16.000000 40.000000 0.000000 584.000000
311106 66.403608 66.403608 312.000000 312.000000 887.000000 194.000000 60.000000 14.000000 44.000000 0.000000 575.000000
312106 66.089965 66.089965 305.000000 305.000000 867.000000 195.000000 54.000000 11.000000 45.000000 0.000000 562.000000
313106 64.810427 64.810427 300.000000 300.000000 844.000000 200.000000 52.000000 3.000000 45.000000 0.000000 544.000000
314106 64.425428 64.425428 298.000000 298.000000 818.000000 195.000000 49.000000 7.000000 47.000000 0.000000 520.000000
315106 64.483627 64.483627 297.000000 297.000000 794.000000 186.000000 49.000000 15.000000 47.000000 0.000000 497.000000
316106 63.984674 63.984674 288.000000 288.000000 783.000000 191.000000 52.000000 6.000000 39.000000 0.000000 495.000000
317106 63.695090 63.695090 291.000000 291.000000 774.000000 198.000000 44.000000 10.000000 39.000000 0.000000 483.000000
318106 62.992126 62.992126 289.000000 289.000000 762.000000 205.000000 39.000000 7.000000 38.000000 0.000000 473.000000
319106 63.562753 63.562753 284.000000 284.000000 741.000000 193.000000 42.000000 14.000000 35.000000 0.000000 457.000000
320106 63.535912 63.535912 272.000000 272.000000 724.000000 189.000000 41.000000 8.000000 34.000000 0.000000 452.000000
321106 63.366337 63.366337 266.000000 266.000000 707.000000 187.000000 37.000000 7.000000 35.000000 0.000000 441.000000
322106 64.194009 64.194009 270.000000 270.000000 701.000000 187.000000 36.000000 19.000000 28.000000 0.000000 431.000000
323106 64.041605 64.041605 253.000000 253.000000 673.000000 177.000000 35.000000 11.000000 30.000000 0.000000 420.000000
324106 65.303030 65.303030 241.000000 241.000000 660.000000 164.000000 34.000000 12.000000 31.000000 0.000000 419.000000
325106 64.596273 64.596273 234.000000 234.000000 644.000000 165.000000 34.000000 6.000000 29.000000 0.000000 410.000000
326106 64.205457 64.205457 232.000000 232.000000 623.000000 160.000000 33.000000 9.000000 30.000000 0.000000 391.000000
327106 64.297521 64.297521 225.000000 225.000000 605.000000 156.000000 31.000000 9.000000 29.000000 0.000000 380.000000
328106 65.313029 65.313029 216.000000 216.000000 591.000000 148.000000 31.000000 11.000000 26.000000 0.000000 375.000000
329106 66.156463 66.156463 211.000000 211.000000 588.000000 145.000000 33.000000 12.000000 21.000000 0.000000 377.000000
330106 65.614035 65.614035 201.000000 201.000000 570.000000 139.000000 36.000000 5.000000 21.000000 0.000000 369.000000
331106 64.363636 64.363636 201.000000 201.000000 550.000000 141.000000 38.000000 5.000000 17.000000 0.000000 349.000000
332106 63.946869 63.946869 197.000000 197.000000 527.000000 136.000000 34.000000 7.000000 20.000000 0.000000 330.000000
333106 65.769231 65.769231 189.000000 189.000000 520.000000 122.000000 35.000000 11.000000 21.000000 0.000000 331.000000
242740 1.983299 1.983299 958.000000 958.000000 958.000000 605.000000 215.000000 19.000000 119.000000 0.000000 0.000000
243740 6.020408 6.020408 951.000000 951.000000 980.000000 594.000000 215.000000 30.000000 112.000000 0.000000 29.000000
244740 7.968127 7.968127 939.000000 939.000000 1004.000000 602.000000 210.000000 15.000000 112.000000 0.000000 65.000000
245740 11.241447 11.241447 930.000000 930.000000 1023.000000 593.000000 194.000000 22.000000 121.000000 0.000000 93.000000
246740 14.190476 14.190476 926.000000 926.000000 1050.000000 603.000000 167.000000 25.000000 131.000000 0.000000 124.000000
247740 17.641597 17.641597 914.000000 914.000000 1077.000000 600.000000 154.000000 27.000000 133.000000 0.000000 163.000000
248740 20.860018 20.860018 890.000000 890.000000 1093.000000 580.000000 134.000000 25.000000 151.000000 0.000000 203.000000
249740 22.803904 22.803904 891.000000 891.000000 1127.000000 609.000000 114.000000 21.000000 147.000000 0.000000 236.000000
250740 24.847958 24.847958 891.000000 891.000000 1151.000000 616.000000 108.000000 26.000000 141.000000 0.000000 260.000000
251740 27.557058 27.557058 884.000000 884.000000 1183.000000 624.000000 109.000000 27.000000 124.000000 0.000000 299.000000
252740 29.256198 29.256198 876.000000 876.000000 1210.000000 633.000000 110.000000 20.000000 113.000000 0.000000 334.000000
253740 31.209677 31.209677 876.000000 876.000000 1240.000000 647.000000 109.000000 23.000000 97.000000 0.000000 364.000000
254740 33.175729 33.175729 871.000000 871.000000 1269.000000 664.000000 103.000000 23.000000 81.000000 0.000000 398.000000
255740 35.034803 35.034803 861.000000 861.000000 1293.000000 667.000000 106.000000 21.000000 67.000000 0.000000 432.000000
256740 37.825421 37.825421 838.000000 838.000000 1306.000000 639.000000 105.000000 26.000000 68.000000 0.000000 468.000000
257740 39.772727 39.772727 820.000000 820.000000 1320.000000 625.000000 97.000000 25.000000 73.000000 0.000000 500.000000
258740 42.042042 42.042042 796.000000 796.000000 1332.000000 600.000000 100.000000 24.000000 72.000000 0.000000 536.000000
259740 44.320713 44.320713 776.000000 776.000000 1347.000000 575.000000 109.000000 26.000000 66.000000 0.000000 571.000000
260740 46.833579 46.833579 748.000000 748.000000 1358.000000 549.000000 103.000000 26.000000 70.000000 0.000000 610.000000
261740 49.088257 49.088257 723.000000 723.000000 1371.000000 520.000000 105.000000 25.000000 73.000000 0.000000 648.000000
262740 51.622206 51.622206 712.000000 712.000000 1387.000000 495.000000 109.000000 41.000000 67.000000 0.000000 675.000000
263740 54.110079 54.110079 674.000000 674.000000 1399.000000 461.000000 113.000000 32.000000 68.000000 0.000000 725.000000
264740 56.165360 56.165360 641.000000 641.000000 1403.000000 428.000000 122.000000 26.000000 65.000000 0.000000 762.000000
265740 58.475783 58.475783 619.000000 619.000000 1404.000000 395.000000 117.000000 36.000000 71.000000 0.000000 785.000000
266740 59.232955 59.232955 590.000000 590.000000 1408.000000 390.000000 119.000000 16.000000 65.000000 0.000000 818.000000
267740 60.213523 60.213523 586.000000 586.000000 1405.000000 385.000000 115.000000 27.000000 59.000000 0.000000 819.000000
268740 60.344828 60.344828 572.000000 572.000000 1392.000000 387.000000 102.000000 20.000000 63.000000 0.000000 820.000000
269740 61.074800 61.074800 552.000000 552.000000 1377.000000 369.000000 92.000000 16.000000 75.000000 0.000000 825.000000
270740 61.792799 61.792799 541.000000 541.000000 1361.000000 356.000000 85.000000 21.000000 79.000000 0.000000 820.000000
271740 62.089552 62.089552 529.000000 529.000000 1340.000000 350.000000 81.000000 21.000000 77.000000 0.000000 811.000000
272740 62.993921 62.993921 521.000000 521.000000 1316.000000 342.000000 71.000000 34.000000 74.000000 0.000000 795.000000
273740 63.008442 63.008442 500.000000 500.000000 1303.000000 341.000000 68.000000 18.000000 73.000000 0.000000 803.000000
274740 62.538941 62.538941 497.000000 497.000000 1284.000000 350.000000 65.000000 16.000000 66.000000 0.000000 787.000000
275740 63.593005 63.593005 479.000000 479.000000 1258.000000 328.000000 62.000000 21.000000 68.000000 0.000000 779.000000
276740 63.687601 63.687601 464.000000 464.000000 1242.000000 330.000000 62.000000 13.000000 59.000000 0.000000 778.000000
277740 63.807190 63.807190 458.000000 458.000000 1224.000000 327.000000 64.000000 15.000000 52.000000 0.000000 766.000000
278740 63.643927 63.643927 449.000000 449.000000 1202.000000 325.000000 68.000000 12.000000 44.000000 0.000000 753.000000
279740 63.829787 63.829787 446.000000 446.000000 1175.000000 321.000000 69.000000 21.000000 35.000000 0.000000 729.000000
280740 63.910422 63.910422 428.000000 428.000000 1161.000000 321.000000 64.000000 9.000000 34.000000 0.000000 733.000000
281740 64.867257 64.867257 417.000000 417.000000 1130.000000 298.000000 65.000000 20.000000 34.000000 0.000000 713.000000
282740 65.225225 65.225225 399.000000 399.000000 1110.000000 284.000000 63.000000 13.000000 39.000000 0.000000 711.000000
283740 65.558633 65.558633 388.000000 388.000000 1083.000000 268.000000 62.000000 15.000000 43.000000 0.000000 695.000000
284740 66.161137 66.161137 375.000000 375.000000 1055.000000 246.000000 68.000000 18.000000 43.000000 0.000000 680.000000
285740 66.048780 66.048780 360.000000 360.000000 1025.000000 234.000000 70.000000 12.000000 44.000000 0.000000 665.000000
286740 66.228514 66.228514 347.000000 347.000000 989.000000 220.000000 69.000000 13.000000 45.000000 0.000000 642.000000
287740 66.356108 66.356108 339.000000 339.000000 966.000000 212.000000 69.000000 14.000000 44.000000 0.000000 627.000000
288740 66.168623 66.168623 328.000000 328.000000 937.000000 206.000000 73.000000 11.000000 38.000000 0.000000 609.000000
289740 66.812227 66.812227 317.000000 317.000000 916.000000 197.000000 69.000000 13.000000 38.000000 0.000000 599.000000
290740 67.081448 67.081448 305.000000 305.000000 884.000000 191.000000 61.000000 14.000000 39.000000 0.000000 579.000000
291740 66.977830 66.977830 295.000000 295.000000 857.000000 183.000000 60.000000 12.000000 40.000000 0.000000 562.000000
292740 66.787879 66.787879 286.000000 286.000000 825.000000 176.000000 55.000000 12.000000 43.000000 0.000000 539.000000
293740 66.913580 66.913580 276.000000 276.000000 810.000000 168.000000 50.000000 8.000000 50.000000 0.000000 534.000000
294740 65.909091 65.909091 275.000000 275.000000 792.000000 175.000000 48.000000 5.000000 47.000000 0.000000 517.000000
295740 65.064935 65.064935 274.000000 274.000000 770.000000 179.000000 43.000000 5.000000 47.000000 0.000000 496.000000
296740 63.989290 63.989290 276.000000 276.000000 747.000000 183.000000 45.000000 7.000000 41.000000 0.000000 471.000000
297740 63.237311 63.237311 274.000000 274.000000 729.000000 185.000000 44.000000 6.000000 39.000000 0.000000 455.000000
298740 62.921348 62.921348 275.000000 275.000000 712.000000 187.000000 39.000000 11.000000 38.000000 0.000000 437.000000
299740 62.824207 62.824207 270.000000 270.000000 694.000000 186.000000 40.000000 12.000000 32.000000 0.000000 424.000000
300740 62.333826 62.333826 262.000000 262.000000 677.000000 184.000000 39.000000 7.000000 32.000000 0.000000 415.000000
301740 62.255639 62.255639 257.000000 257.000000 665.000000 184.000000 36.000000 6.000000 31.000000 0.000000 408.000000
302740 61.430793 61.430793 256.000000 256.000000 643.000000 185.000000 34.000000 8.000000 29.000000 0.000000 387.000000
303740 60.731320 60.731320 257.000000 257.000000 629.000000 191.000000 31.000000 10.000000 25.000000 0.000000 372.000000
304740 61.951220 61.951220 250.000000 250.000000 615.000000 176.000000 33.000000 16.000000 25.000000 0.000000 365.000000
305740 61.666667 61.666667 236.000000 236.000000 600.000000 171.000000 34.000000 6.000000 25.000000 0.000000 364.000000
306740 61.855670 61.855670 233.000000 233.000000 582.000000 166.000000 32.000000 11.000000 24.000000 0.000000 349.000000
307740 62.390158 62.390158 222.000000 222.000000 569.000000 160.000000 31.000000 8.000000 23.000000 0.000000 347.000000
308740 63.752277 63.752277 210.000000 210.000000 549.000000 144.000000 30.000000 11.000000 25.000000 0.000000 339.000000
309740 65.064695 65.064695 199.000000 199.000000 541.000000 130.000000 35.000000 10.000000 24.000000 0.000000 342.000000
310740 65.037594 65.037594 195.000000 195.000000 532.000000 131.000000 37.000000 9.000000 18.000000 0.000000 337.000000
311740 63.564356 63.564356 188.000000 188.000000 505.000000 123.000000 41.000000 4.000000 20.000000 0.000000 317.000000
312740 62.626263 62.626263 192.000000 192.000000 495.000000 127.000000 40.000000 7.000000 18.000000 0.000000 303.000000
313740 63.842975 63.842975 186.000000 186.000000 484.000000 116.000000 41.000000 11.000000 18.000000 0.000000 298.000000
314740 63.965885 63.965885 175.000000 175.000000 469.000000 104.000000 40.000000 6.000000 25.000000 0.000000 294.000000
236709 2.395833 2.395833 960.000000 960.000000 960.000000 581.000000 229.000000 23.000000 127.000000 0.000000 0.000000
237709 5.397149 5.397149 954.000000 954.000000 982.000000 581.000000 214.000000 25.000000 134.000000 0.000000 28.000000
238709 8.548708 8.548708 947.000000 947.000000 1006.000000 584.000000 196.000000 27.000000 140.000000 0.000000 59.000000
239709 11.605416 11.605416 937.000000 937.000000 1034.000000 593.000000 175.000000 23.000000 146.000000 0.000000 97.000000
240709 13.757116 13.757116 929.000000 929.000000 1054.000000 598.000000 162.000000 20.000000 149.000000 0.000000 125.000000
241709 16.361974 16.361974 938.000000 938.000000 1094.000000 639.000000 133.000000 23.000000 143.000000 0.000000 156.000000
242709 18.442256 18.442256 927.000000 927.000000 1117.000000 646.000000 108.000000 16.000000 157.000000 0.000000 190.000000
243709 21.034181 21.034181 928.000000 928.000000 1141.000000 644.000000 97.000000 27.000000 160.000000 0.000000 213.000000
244709 23.449448 23.449448 929.000000 929.000000 1177.000000 666.000000 96.000000 28.000000 139.000000 0.000000 248.000000
245709 25.876461 25.876461 913.000000 913.000000 1198.000000 657.000000 99.000000 25.000000 132.000000 0.000000 285.000000
246709 26.892110 26.892110 925.000000 925.000000 1242.000000 707.000000 97.000000 17.000000 104.000000 0.000000 317.000000
247709 30.684500 30.684500 916.000000 916.000000 1271.000000 697.000000 98.000000 35.000000 86.000000 0.000000 355.000000
248709 32.665639 32.665639 903.000000 903.000000 1298.000000 704.000000 101.000000 29.000000 69.000000 0.000000 395.000000
249709 35.053111 35.053111 884.000000 884.000000 1318.000000 693.000000 106.000000 28.000000 57.000000 0.000000 434.000000
250709 37.218045 37.218045 858.000000 858.000000 1330.000000 666.000000 109.000000 23.000000 60.000000 0.000000 472.000000
251709 39.285714 39.285714 842.000000 842.000000 1344.000000 651.000000 102.000000 26.000000 63.000000 0.000000 502.000000
252709 41.002950 41.002950 820.000000 820.000000 1356.000000 632.000000 105.000000 20.000000 63.000000 0.000000 536.000000
253709 43.850659 43.850659 803.000000 803.000000 1366.000000 600.000000 102.000000 36.000000 65.000000 0.000000 563.000000
254709 47.421932 47.421932 766.000000 766.000000 1377.000000 554.000000 107.000000 42.000000 63.000000 0.000000 611.000000
255709 50.539180 50.539180 724.000000 724.000000 1391.000000 512.000000 111.000000 36.000000 65.000000 0.000000 667.000000
256709 52.849003 52.849003 695.000000 695.000000 1404.000000 494.000000 104.000000 33.000000 64.000000 0.000000 709.000000
257709 55.697098 55.697098 657.000000 657.000000 1413.000000 452.000000 107.000000 31.000000 67.000000 0.000000 756.000000
258709 58.521127 58.521127 629.000000 629.000000 1420.000000 408.000000 112.000000 40.000000 69.000000 0.000000 791.000000
259709 60.633803 60.633803 594.000000 594.000000 1420.000000 381.000000 109.000000 35.000000 69.000000 0.000000 826.000000
260709 62.066525 62.066525 554.000000 554.000000 1413.000000 356.000000 108.000000 18.000000 72.000000 0.000000 859.000000
261709 62.606232 62.606232 544.000000 544.000000 1412.000000 360.000000 105.000000 16.000000 63.000000 0.000000 868.000000
262709 63.049645 63.049645 537.000000 537.000000 1410.000000 358.000000 100.000000 16.000000 63.000000 0.000000 873.000000
263709 63.128096 63.128096 537.000000 537.000000 1413.000000 366.000000 92.000000 16.000000 63.000000 0.000000 876.000000
264709 63.414634 63.414634 525.000000 525.000000 1394.000000 361.000000 85.000000 15.000000 64.000000 0.000000 869.000000
265709 63.563050 63.563050 518.000000 518.000000 1364.000000 346.000000 86.000000 21.000000 65.000000 0.000000 846.000000
266709 63.955224 63.955224 498.000000 498.000000 1340.000000 321.000000 88.000000 15.000000 74.000000 0.000000 842.000000
267709 63.608795 63.608795 497.000000 497.000000 1319.000000 321.000000 87.000000 17.000000 72.000000 0.000000 822.000000
268709 64.351145 64.351145 490.000000 490.000000 1310.000000 316.000000 85.000000 23.000000 66.000000 0.000000 820.000000
269709 63.522993 63.522993 475.000000 475.000000 1283.000000 317.000000 84.000000 7.000000 67.000000 0.000000 808.000000
270709 63.191153 63.191153 478.000000 478.000000 1266.000000 320.000000 84.000000 12.000000 62.000000 0.000000 788.000000
271709 63.577760 63.577760 472.000000 472.000000 1241.000000 311.000000 83.000000 20.000000 58.000000 0.000000 769.000000
272709 63.376835 63.376835 468.000000 468.000000 1226.000000 316.000000 86.000000 19.000000 47.000000 0.000000 758.000000
273709 63.795987 63.795987 456.000000 456.000000 1196.000000 299.000000 85.000000 23.000000 49.000000 0.000000 740.000000
274709 63.838903 63.838903 442.000000 442.000000 1167.000000 284.000000 83.000000 20.000000 55.000000 0.000000 725.000000
275709 63.968668 63.968668 429.000000 429.000000 1149.000000 278.000000 78.000000 15.000000 58.000000 0.000000 720.000000
276709 64.381122 64.381122 414.000000 414.000000 1123.000000 263.000000 79.000000 14.000000 58.000000 0.000000 709.000000
277709 63.886343 63.886343 403.000000 403.000000 1091.000000 262.000000 73.000000 9.000000 59.000000 0.000000 688.000000
278709 63.167760 63.167760 400.000000 400.000000 1067.000000 269.000000 72.000000 7.000000 52.000000 0.000000 667.000000
279709 63.208453 63.208453 398.000000 398.000000 1041.000000 261.000000 71.000000 15.000000 51.000000 0.000000 643.000000
280709 62.388944 62.388944 395.000000 395.000000 1013.000000 266.000000 73.000000 14.000000 42.000000 0.000000 618.000000
281709 61.752577 61.752577 382.000000 382.000000 970.000000 250.000000 67.000000 11.000000 54.000000 0.000000 588.000000
282709 61.571125 61.571125 381.000000 381.000000 942.000000 251.000000 62.000000 19.000000 49.000000 0.000000 561.000000
283709 61.343612 61.343612 366.000000 366.000000 908.000000 241.000000 60.000000 15.000000 50.000000 0.000000 542.000000
284709 61.738149 61.738149 352.000000 352.000000 886.000000 233.000000 56.000000 13.000000 50.000000 0.000000 534.000000
285709 61.664713 61.664713 339.000000 339.000000 853.000000 220.000000 57.000000 12.000000 50.000000 0.000000 514.000000
286709 60.260973 60.260973 342.000000 342.000000 843.000000 241.000000 52.000000 7.000000 42.000000 0.000000 501.000000
287709 60.342717 60.342717 337.000000 337.000000 817.000000 227.000000 56.000000 13.000000 41.000000 0.000000 480.000000
288709 60.424469 60.424469 330.000000 330.000000 801.000000 223.000000 52.000000 13.000000 42.000000 0.000000 471.000000
289709 61.779449 61.779449 325.000000 325.000000 798.000000 220.000000 44.000000 20.000000 41.000000 0.000000 473.000000
290709 61.311054 61.311054 313.000000 313.000000 778.000000 222.000000 41.000000 12.000000 38.000000 0.000000 465.000000
291709 61.059603 61.059603 305.000000 305.000000 755.000000 217.000000 42.000000 11.000000 35.000000 0.000000 450.000000
292709 60.922659 60.922659 299.000000 299.000000 737.000000 212.000000 44.000000 11.000000 32.000000 0.000000 438.000000
293709 61.917808 61.917808 293.000000 293.000000 730.000000 206.000000 39.000000 15.000000 33.000000 0.000000 437.000000
294709 63.076923 63.076923 275.000000 275.000000 715.000000 191.000000 38.000000 11.000000 35.000000 0.000000 440.000000
295709 63.172805 63.172805 269.000000 269.000000 706.000000 192.000000 36.000000 9.000000 32.000000 0.000000 437.000000
296709 63.027656 63.027656 259.000000 259.000000 687.000000 186.000000 40.000000 5.000000 28.000000 0.000000 428.000000
297709 63.259259 63.259259 255.000000 255.000000 675.000000 178.000000 43.000000 7.000000 27.000000 0.000000 420.000000
298709 63.069909 63.069909 248.000000 248.000000 658.000000 168.000000 47.000000 5.000000 28.000000 0.000000 410.000000
299709 63.692308 63.692308 249.000000 249.000000 650.000000 168.000000 48.000000 13.000000 20.000000 0.000000 401.000000
300709 64.444444 64.444444 237.000000 237.000000 630.000000 154.000000 51.000000 13.000000 19.000000 0.000000 393.000000
301709 65.153971 65.153971 223.000000 223.000000 617.000000 143.000000 49.000000 8.000000 23.000000 0.000000 394.000000
302709 65.050167 65.050167 213.000000 213.000000 598.000000 137.000000 47.000000 4.000000 25.000000 0.000000 385.000000
303709 65.651438 65.651438 211.000000 211.000000 591.000000 134.000000 44.000000 8.000000 25.000000 0.000000 380.000000
304709 66.493955 66.493955 203.000000 203.000000 579.000000 128.000000 36.000000 9.000000 30.000000 0.000000 376.000000
305709 67.317940 67.317940 192.000000 192.000000 563.000000 116.000000 35.000000 8.000000 33.000000 0.000000 371.000000
306709 66.300366 66.300366 187.000000 187.000000 546.000000 117.000000 32.000000 3.000000 35.000000 0.000000 359.000000
307709 66.165414 66.165414 187.000000 187.000000 532.000000 112.000000 32.000000 7.000000 36.000000 0.000000 345.000000
308709 65.517241 65.517241 186.000000 186.000000 522.000000 115.000000 33.000000 6.000000 32.000000 0.000000 336.000000
