248489 2.594595 2.594595 925.000000 925.000000 925.000000 516.000000 249.000000 24.000000 136.000000 0.000000 0.000000
249489 6.019007 6.019007 920.000000 920.000000 947.000000 510.000000 225.000000 30.000000 155.000000 0.000000 27.000000
250489 8.512821 8.512821 911.000000 911.000000 975.000000 525.000000 213.000000 19.000000 154.000000 0.000000 64.000000
251489 11.788212 11.788212 910.000000 910.000000 1001.000000 533.000000 178.000000 27.000000 172.000000 0.000000 91.000000
252489 14.453125 14.453125 903.000000 903.000000 1024.000000 532.000000 164.000000 27.000000 180.000000 0.000000 121.000000
253489 16.294227 16.294227 922.000000 922.000000 1074.000000 593.000000 149.000000 23.000000 157.000000 0.000000 152.000000
254489 18.050542 18.050542 928.000000 928.000000 1108.000000 626.000000 121.000000 20.000000 161.000000 0.000000 180.000000
255489 19.788918 19.788918 929.000000 929.000000 1137.000000 644.000000 111.000000 17.000000 157.000000 0.000000 208.000000
256489 22.231687 22.231687 939.000000 939.000000 1174.000000 670.000000 105.000000 26.000000 138.000000 0.000000 235.000000
257489 23.153527 23.153527 944.000000 944.000000 1205.000000 705.000000 97.000000 18.000000 124.000000 0.000000 261.000000
258489 24.051655 24.051655 957.000000 957.000000 1239.000000 745.000000 93.000000 16.000000 103.000000 0.000000 282.000000
259489 26.440410 26.440410 960.000000 960.000000 1267.000000 755.000000 86.000000 28.000000 91.000000 0.000000 307.000000
260489 28.814872 28.814872 945.000000 945.000000 1291.000000 753.000000 84.000000 26.000000 82.000000 0.000000 346.000000
261489 30.152672 30.152672 933.000000 933.000000 1310.000000 751.000000 89.000000 18.000000 75.000000 0.000000 377.000000
262489 32.705350 32.705350 919.000000 919.000000 1327.000000 729.000000 98.000000 26.000000 66.000000 0.000000 408.000000
263489 34.847357 34.847357 900.000000 900.000000 1343.000000 703.000000 106.000000 25.000000 66.000000 0.000000 443.000000
264489 38.868479 38.868479 882.000000 882.000000 1361.000000 665.000000 109.000000 50.000000 58.000000 0.000000 479.000000
265489 41.909621 41.909621 835.000000 835.000000 1372.000000 618.000000 126.000000 38.000000 53.000000 0.000000 537.000000
266489 45.434783 45.434783 790.000000 790.000000 1380.000000 560.000000 135.000000 37.000000 58.000000 0.000000 590.000000
267489 48.273381 48.273381 757.000000 757.000000 1390.000000 509.000000 152.000000 38.000000 58.000000 0.000000 633.000000
268489 50.213675 50.213675 723.000000 723.000000 1404.000000 482.000000 164.000000 24.000000 53.000000 0.000000 681.000000
269489 52.161588 52.161588 705.000000 705.000000 1411.000000 448.000000 163.000000 30.000000 64.000000 0.000000 706.000000
270489 53.943662 53.943662 685.000000 685.000000 1420.000000 406.000000 172.000000 31.000000 76.000000 0.000000 735.000000
271489 55.836850 55.836850 661.000000 661.000000 1422.000000 378.000000 173.000000 33.000000 77.000000 0.000000 761.000000
272489 56.882022 56.882022 635.000000 635.000000 1424.000000 360.000000 173.000000 21.000000 81.000000 0.000000 789.000000
273489 57.928118 57.928118 621.000000 621.000000 1419.000000 337.000000 168.000000 24.000000 92.000000 0.000000 798.000000
274489 57.987333 57.987333 619.000000 619.000000 1421.000000 351.000000 157.000000 22.000000 89.000000 0.000000 802.000000
275489 58.988764 58.988764 603.000000 603.000000 1424.000000 349.000000 139.000000 19.000000 96.000000 0.000000 821.000000
276489 58.743754 58.743754 594.000000 594.000000 1401.000000 341.000000 131.000000 16.000000 106.000000 0.000000 807.000000
277489 58.219670 58.219670 594.000000 594.000000 1393.000000 354.000000 114.000000 12.000000 114.000000 0.000000 799.000000
278489 57.619739 57.619739 599.000000 599.000000 1378.000000 362.000000 106.000000 15.000000 116.000000 0.000000 779.000000
279489 56.419663 56.419663 610.000000 610.000000 1363.000000 390.000000 93.000000 16.000000 111.000000 0.000000 753.000000
280489 56.144224 56.144224 615.000000 615.000000 1359.000000 408.000000 82.000000 19.000000 106.000000 0.000000 744.000000
281489 56.176471 56.176471 612.000000 612.000000 1360.000000 421.000000 75.000000 16.000000 100.000000 0.000000 748.000000
282489 56.688840 56.688840 612.000000 612.000000 1353.000000 421.000000 79.000000 26.000000 86.000000 0.000000 741.000000
283489 55.838323 55.838323 603.000000 603.000000 1336.000000 432.000000 79.000000 13.000000 79.000000 0.000000 733.000000
284489 55.327245 55.327245 610.000000 610.000000 1314.000000 445.000000 68.000000 23.000000 74.000000 0.000000 704.000000
285489 55.111453 55.111453 603.000000 603.000000 1301.000000 440.000000 86.000000 19.000000 58.000000 0.000000 698.000000
286489 55.113193 55.113193 593.000000 593.000000 1281.000000 437.000000 81.000000 18.000000 57.000000 0.000000 688.000000
287489 54.169976 54.169976 589.000000 589.000000 1259.000000 440.000000 92.000000 12.000000 45.000000 0.000000 670.000000
288489 54.692557 54.692557 582.000000 582.000000 1236.000000 422.000000 89.000000 22.000000 49.000000 0.000000 654.000000
289489 54.897119 54.897119 567.000000 567.000000 1215.000000 415.000000 89.000000 19.000000 44.000000 0.000000 648.000000
290489 56.165541 56.165541 547.000000 547.000000 1184.000000 374.000000 99.000000 28.000000 46.000000 0.000000 637.000000
291489 57.417103 57.417103 519.000000 519.000000 1146.000000 335.000000 102.000000 31.000000 51.000000 0.000000 627.000000
292489 58.645276 58.645276 489.000000 489.000000 1122.000000 311.000000 95.000000 25.000000 58.000000 0.000000 633.000000
293489 57.947321 57.947321 478.000000 478.000000 1101.000000 309.000000 99.000000 15.000000 55.000000 0.000000 623.000000
294489 58.845438 58.845438 469.000000 469.000000 1074.000000 284.000000 100.000000 27.000000 58.000000 0.000000 605.000000
295489 59.103908 59.103908 449.000000 449.000000 1049.000000 261.000000 108.000000 20.000000 60.000000 0.000000 600.000000
296489 59.568204 59.568204 435.000000 435.000000 1019.000000 245.000000 106.000000 23.000000 61.000000 0.000000 584.000000
297489 58.900000 58.900000 423.000000 423.000000 1000.000000 246.000000 103.000000 12.000000 62.000000 0.000000 577.000000
298489 59.251769 59.251769 421.000000 421.000000 989.000000 244.000000 99.000000 18.000000 60.000000 0.000000 568.000000
299489 59.712230 59.712230 412.000000 412.000000 973.000000 235.000000 89.000000 20.000000 68.000000 0.000000 561.000000
300489 59.895288 59.895288 400.000000 400.000000 955.000000 233.000000 84.000000 17.000000 66.000000 0.000000 555.000000
301489 59.345301 59.345301 394.000000 394.000000 947.000000 242.000000 77.000000 9.000000 66.000000 0.000000 553.000000
302489 59.384942 59.384942 397.000000 397.000000 943.000000 245.000000 71.000000 14.000000 67.000000 0.000000 546.000000
303489 58.297872 58.297872 398.000000 398.000000 940.000000 267.000000 58.000000 6.000000 67.000000 0.000000 542.000000
304489 57.787325 57.787325 403.000000 403.000000 931.000000 279.000000 57.000000 10.000000 57.000000 0.000000 528.000000
305489 57.969432 57.969432 396.000000 396.000000 916.000000 268.000000 53.000000 11.000000 64.000000 0.000000 520.000000
306489 57.315732 57.315732 395.000000 395.000000 909.000000 276.000000 49.000000 7.000000 63.000000 0.000000 514.000000
307489 56.629213 56.629213 393.000000 393.000000 890.000000 278.000000 51.000000 7.000000 57.000000 0.000000 497.000000
308489 56.447964 56.447964 399.000000 399.000000 884.000000 285.000000 54.000000 14.000000 46.000000 0.000000 485.000000
309489 56.442417 56.442417 393.000000 393.000000 877.000000 287.000000 55.000000 11.000000 40.000000 0.000000 484.000000
310489 56.831228 56.831228 394.000000 394.000000 871.000000 277.000000 64.000000 18.000000 35.000000 0.000000 477.000000
311489 56.810244 56.810244 383.000000 383.000000 859.000000 275.000000 63.000000 12.000000 33.000000 0.000000 476.000000
312489 57.976190 57.976190 374.000000 374.000000 840.000000 255.000000 67.000000 21.000000 31.000000 0.000000 466.000000
313489 57.823961 57.823961 357.000000 357.000000 818.000000 249.000000 70.000000 12.000000 26.000000 0.000000 461.000000
314489 58.594730 58.594730 345.000000 345.000000 797.000000 226.000000 70.000000 15.000000 34.000000 0.000000 452.000000
315489 58.602846 58.602846 336.000000 336.000000 773.000000 217.000000 69.000000 16.000000 34.000000 0.000000 437.000000
316489 58.552632 58.552632 324.000000 324.000000 760.000000 212.000000 64.000000 9.000000 39.000000 0.000000 436.000000
317489 58.713137 58.713137 319.000000 319.000000 746.000000 206.000000 61.000000 11.000000 41.000000 0.000000 427.000000
318489 59.504132 59.504132 307.000000 307.000000 726.000000 191.000000 63.000000 13.000000 40.000000 0.000000 419.000000
319489 58.404558 58.404558 301.000000 301.000000 702.000000 183.000000 64.000000 9.000000 45.000000 0.000000 401.000000
320489 60.145985 60.145985 294.000000 294.000000 685.000000 160.000000 65.000000 21.000000 48.000000 0.000000 391.000000
248612 2.078775 2.078775 914.000000 914.000000 914.000000 495.000000 262.000000 19.000000 138.000000 0.000000 0.000000
249612 5.150215 5.150215 906.000000 906.000000 932.000000 484.000000 245.000000 22.000000 155.000000 0.000000 26.000000
250612 8.263598 8.263598 901.000000 901.000000 956.000000 491.000000 226.000000 24.000000 160.000000 0.000000 55.000000
251612 10.584677 10.584677 913.000000 913.000000 992.000000 529.000000 193.000000 26.000000 165.000000 0.000000 79.000000
252612 12.058824 12.058824 915.000000 915.000000 1020.000000 552.000000 163.000000 18.000000 182.000000 0.000000 105.000000
253612 13.986679 13.986679 928.000000 928.000000 1051.000000 579.000000 140.000000 24.000000 185.000000 0.000000 123.000000
254612 16.666667 16.666667 931.000000 931.000000 1086.000000 600.000000 124.000000 26.000000 181.000000 0.000000 155.000000
255612 17.825312 17.825312 940.000000 940.000000 1122.000000 644.000000 108.000000 18.000000 170.000000 0.000000 182.000000
256612 19.346518 19.346518 959.000000 959.000000 1163.000000 689.000000 94.000000 21.000000 155.000000 0.000000 204.000000
257612 21.285476 21.285476 970.000000 970.000000 1198.000000 720.000000 87.000000 27.000000 136.000000 0.000000 228.000000
258612 23.639318 23.639318 970.000000 970.000000 1231.000000 741.000000 89.000000 30.000000 110.000000 0.000000 261.000000
259612 24.268775 24.268775 975.000000 975.000000 1265.000000 785.000000 84.000000 17.000000 89.000000 0.000000 290.000000
260612 26.026336 26.026336 982.000000 982.000000 1291.000000 794.000000 83.000000 27.000000 78.000000 0.000000 309.000000
261612 28.006088 28.006088 971.000000 971.000000 1314.000000 782.000000 101.000000 25.000000 63.000000 0.000000 343.000000
262612 31.278195 31.278195 952.000000 952.000000 1330.000000 748.000000 103.000000 38.000000 63.000000 0.000000 378.000000
263612 33.482476 33.482476 925.000000 925.000000 1341.000000 715.000000 115.000000 33.000000 62.000000 0.000000 416.000000
264612 36.035372 36.035372 900.000000 900.000000 1357.000000 685.000000 127.000000 32.000000 56.000000 0.000000 457.000000
265612 38.224505 38.224505 870.000000 870.000000 1363.000000 638.000000 143.000000 28.000000 61.000000 0.000000 493.000000
266612 41.672727 41.672727 849.000000 849.000000 1375.000000 584.000000 161.000000 47.000000 57.000000 0.000000 526.000000
267612 44.356578 44.356578 814.000000 814.000000 1391.000000 541.000000 179.000000 40.000000 54.000000 0.000000 577.000000
268612 46.747677 46.747677 781.000000 781.000000 1399.000000 499.000000 182.000000 36.000000 64.000000 0.000000 618.000000
269612 49.964514 49.964514 745.000000 745.000000 1409.000000 436.000000 197.000000 40.000000 72.000000 0.000000 664.000000
270612 51.517290 51.517290 713.000000 713.000000 1417.000000 408.000000 199.000000 26.000000 80.000000 0.000000 704.000000
271612 53.553835 53.553835 690.000000 690.000000 1421.000000 375.000000 190.000000 30.000000 95.000000 0.000000 731.000000
272612 54.731638 54.731638 669.000000 669.000000 1416.000000 345.000000 189.000000 28.000000 107.000000 0.000000 747.000000
273612 55.165144 55.165144 659.000000 659.000000 1423.000000 349.000000 170.000000 21.000000 119.000000 0.000000 764.000000
274612 54.321855 54.321855 663.000000 663.000000 1423.000000 367.000000 166.000000 13.000000 117.000000 0.000000 760.000000
275612 54.125874 54.125874 674.000000 674.000000 1430.000000 394.000000 154.000000 18.000000 108.000000 0.000000 756.000000
276612 54.327938 54.327938 670.000000 670.000000 1421.000000 397.000000 132.000000 21.000000 120.000000 0.000000 751.000000
277612 53.314528 53.314528 671.000000 671.000000 1418.000000 429.000000 108.000000 9.000000 125.000000 0.000000 747.000000
278612 53.036723 53.036723 684.000000 684.000000 1416.000000 447.000000 96.000000 19.000000 122.000000 0.000000 732.000000
279612 52.327221 52.327221 685.000000 685.000000 1418.000000 465.000000 95.000000 9.000000 116.000000 0.000000 733.000000
280612 52.090716 52.090716 689.000000 689.000000 1411.000000 468.000000 96.000000 13.000000 112.000000 0.000000 722.000000
281612 52.081863 52.081863 697.000000 697.000000 1417.000000 490.000000 88.000000 18.000000 101.000000 0.000000 720.000000
282612 51.029099 51.029099 702.000000 702.000000 1409.000000 515.000000 84.000000 12.000000 91.000000 0.000000 707.000000
283612 49.855908 49.855908 708.000000 708.000000 1388.000000 526.000000 86.000000 12.000000 84.000000 0.000000 680.000000
284612 50.144092 50.144092 714.000000 714.000000 1388.000000 532.000000 93.000000 22.000000 67.000000 0.000000 674.000000
285612 51.088534 51.088534 697.000000 697.000000 1378.000000 516.000000 101.000000 23.000000 57.000000 0.000000 681.000000
286612 51.800147 51.800147 687.000000 687.000000 1361.000000 504.000000 98.000000 31.000000 54.000000 0.000000 674.000000
287612 51.804511 51.804511 664.000000 664.000000 1330.000000 485.000000 105.000000 23.000000 51.000000 0.000000 666.000000
288612 53.282443 53.282443 639.000000 639.000000 1310.000000 452.000000 102.000000 27.000000 58.000000 0.000000 671.000000
289612 54.715511 54.715511 611.000000 611.000000 1283.000000 416.000000 105.000000 30.000000 60.000000 0.000000 672.000000
290612 55.449483 55.449483 584.000000 584.000000 1257.000000 390.000000 102.000000 24.000000 68.000000 0.000000 673.000000
291612 56.642217 56.642217 561.000000 561.000000 1227.000000 360.000000 104.000000 29.000000 68.000000 0.000000 666.000000
292612 56.702748 56.702748 544.000000 544.000000 1201.000000 352.000000 101.000000 24.000000 67.000000 0.000000 657.000000
293612 57.300509 57.300509 533.000000 533.000000 1178.000000 336.000000 107.000000 30.000000 60.000000 0.000000 645.000000
294612 58.737024 58.737024 501.000000 501.000000 1156.000000 307.000000 106.000000 24.000000 64.000000 0.000000 655.000000
295612 58.916084 58.916084 488.000000 488.000000 1144.000000 303.000000 106.000000 18.000000 61.000000 0.000000 656.000000
296612 59.857904 59.857904 475.000000 475.000000 1126.000000 282.000000 103.000000 23.000000 67.000000 0.000000 651.000000
297612 59.439928 59.439928 466.000000 466.000000 1107.000000 279.000000 107.000000 17.000000 63.000000 0.000000 641.000000
298612 58.986175 58.986175 456.000000 456.000000 1085.000000 268.000000 107.000000 11.000000 70.000000 0.000000 629.000000
299612 59.590317 59.590317 454.000000 454.000000 1074.000000 264.000000 96.000000 20.000000 74.000000 0.000000 620.000000
300612 59.627907 59.627907 448.000000 448.000000 1075.000000 279.000000 90.000000 14.000000 65.000000 0.000000 627.000000
301612 58.873239 58.873239 446.000000 446.000000 1065.000000 289.000000 84.000000 8.000000 65.000000 0.000000 619.000000
302612 58.884688 58.884688 444.000000 444.000000 1058.000000 283.000000 80.000000 9.000000 72.000000 0.000000 614.000000
303612 58.740602 58.740602 454.000000 454.000000 1064.000000 295.000000 79.000000 15.000000 65.000000 0.000000 610.000000
304612 58.571429 58.571429 448.000000 448.000000 1050.000000 295.000000 71.000000 13.000000 69.000000 0.000000 602.000000
305612 59.252157 59.252157 444.000000 444.000000 1043.000000 289.000000 73.000000 19.000000 63.000000 0.000000 599.000000
306612 58.904110 58.904110 427.000000 427.000000 1022.000000 280.000000 72.000000 7.000000 68.000000 0.000000 595.000000
307612 58.447937 58.447937 435.000000 435.000000 1018.000000 295.000000 69.000000 12.000000 59.000000 0.000000 583.000000
308612 58.366534 58.366534 431.000000 431.000000 1004.000000 290.000000 75.000000 13.000000 53.000000 0.000000 573.000000
309612 58.012170 58.012170 428.000000 428.000000 986.000000 287.000000 74.000000 14.000000 53.000000 0.000000 558.000000
310612 56.965944 56.965944 428.000000 428.000000 969.000000 294.000000 75.000000 11.000000 48.000000 0.000000 541.000000
311612 56.388596 56.388596 422.000000 422.000000 947.000000 280.000000 80.000000 9.000000 53.000000 0.000000 525.000000
312612 56.756757 56.756757 416.000000 416.000000 925.000000 270.000000 81.000000 16.000000 49.000000 0.000000 509.000000
313612 56.256921 56.256921 408.000000 408.000000 903.000000 271.000000 78.000000 13.000000 46.000000 0.000000 495.000000
314612 56.321839 56.321839 400.000000 400.000000 870.000000 261.000000 76.000000 20.000000 43.000000 0.000000 470.000000
315612 57.392317 57.392317 383.000000 383.000000 859.000000 250.000000 70.000000 17.000000 46.000000 0.000000 476.000000
316612 56.939502 56.939502 371.000000 371.000000 843.000000 239.000000 73.000000 8.000000 51.000000 0.000000 472.000000
317612 56.014581 56.014581 372.000000 372.000000 823.000000 238.000000 72.000000 10.000000 52.000000 0.000000 451.000000
318612 55.569462 55.569462 368.000000 368.000000 799.000000 227.000000 71.000000 13.000000 57.000000 0.000000 431.000000
319612 55.484694 55.484694 364.000000 364.000000 784.000000 220.000000 72.000000 15.000000 57.000000 0.000000 420.000000
320612 54.709677 54.709677 360.000000 360.000000 775.000000 229.000000 70.000000 9.000000 52.000000 0.000000 415.000000
252448 1.906780 1.906780 944.000000 944.000000 944.000000 547.000000 237.000000 18.000000 142.000000 0.000000 0.000000
253448 4.136505 4.136505 945.000000 945.000000 967.000000 555.000000 218.000000 18.000000 154.000000 0.000000 22.000000
254448 7.035176 7.035176 950.000000 950.000000 995.000000 569.000000 202.000000 25.000000 154.000000 0.000000 45.000000
255448 9.411765 9.411765 947.000000 947.000000 1020.000000 571.000000 194.000000 23.000000 159.000000 0.000000 73.000000
256448 11.764706 11.764706 951.000000 951.000000 1054.000000 591.000000 174.000000 21.000000 165.000000 0.000000 103.000000
257448 13.436929 13.436929 969.000000 969.000000 1094.000000 629.000000 166.000000 22.000000 152.000000 0.000000 125.000000
258448 15.982143 15.982143 965.000000 965.000000 1120.000000 631.000000 156.000000 24.000000 154.000000 0.000000 155.000000
259448 17.959895 17.959895 964.000000 964.000000 1147.000000 640.000000 142.000000 23.000000 159.000000 0.000000 183.000000
260448 20.050977 20.050977 966.000000 966.000000 1177.000000 653.000000 134.000000 25.000000 154.000000 0.000000 211.000000
261448 20.939819 20.939819 976.000000 976.000000 1213.000000 693.000000 141.000000 17.000000 125.000000 0.000000 237.000000
262448 22.578062 22.578062 988.000000 988.000000 1249.000000 724.000000 137.000000 21.000000 106.000000 0.000000 261.000000
263448 24.392157 24.392157 988.000000 988.000000 1275.000000 737.000000 122.000000 24.000000 105.000000 0.000000 287.000000
264448 26.226994 26.226994 992.000000 992.000000 1304.000000 745.000000 126.000000 30.000000 91.000000 0.000000 312.000000
265448 28.195489 28.195489 978.000000 978.000000 1330.000000 748.000000 120.000000 23.000000 87.000000 0.000000 352.000000
266448 30.723341 30.723341 960.000000 960.000000 1341.000000 717.000000 118.000000 31.000000 94.000000 0.000000 381.000000
267448 33.528980 33.528980 941.000000 941.000000 1363.000000 695.000000 121.000000 35.000000 90.000000 0.000000 422.000000
268448 36.020334 36.020334 912.000000 912.000000 1377.000000 660.000000 132.000000 31.000000 89.000000 0.000000 465.000000
269448 38.153185 38.153185 897.000000 897.000000 1397.000000 643.000000 131.000000 33.000000 90.000000 0.000000 500.000000
270448 39.338494 39.338494 885.000000 885.000000 1421.000000 646.000000 140.000000 23.000000 76.000000 0.000000 536.000000
271448 41.863700 41.863700 870.000000 870.000000 1438.000000 620.000000 142.000000 34.000000 74.000000 0.000000 568.000000
272448 45.010323 45.010323 846.000000 846.000000 1453.000000 574.000000 154.000000 47.000000 71.000000 0.000000 607.000000
273448 47.235495 47.235495 802.000000 802.000000 1465.000000 533.000000 166.000000 29.000000 74.000000 0.000000 663.000000
274448 49.155976 49.155976 784.000000 784.000000 1481.000000 520.000000 155.000000 31.000000 78.000000 0.000000 697.000000
275448 51.040967 51.040967 760.000000 760.000000 1489.000000 496.000000 152.000000 31.000000 81.000000 0.000000 729.000000
276448 52.585628 52.585628 735.000000 735.000000 1489.000000 474.000000 144.000000 29.000000 88.000000 0.000000 754.000000
277448 53.072248 53.072248 714.000000 714.000000 1481.000000 454.000000 142.000000 19.000000 99.000000 0.000000 767.000000
278448 53.794038 53.794038 707.000000 707.000000 1476.000000 442.000000 144.000000 25.000000 96.000000 0.000000 769.000000
279448 54.962863 54.962863 702.000000 702.000000 1481.000000 441.000000 130.000000 35.000000 96.000000 0.000000 779.000000
280448 55.307640 55.307640 685.000000 685.000000 1479.000000 436.000000 120.000000 24.000000 105.000000 0.000000 794.000000
281448 55.775803 55.775803 679.000000 679.000000 1463.000000 428.000000 116.000000 32.000000 103.000000 0.000000 784.000000
282448 56.104252 56.104252 659.000000 659.000000 1458.000000 433.000000 112.000000 19.000000 95.000000 0.000000 799.000000
283448 56.780822 56.780822 658.000000 658.000000 1460.000000 431.000000 106.000000 27.000000 94.000000 0.000000 802.000000
284448 56.955923 56.955923 643.000000 643.000000 1452.000000 432.000000 104.000000 18.000000 89.000000 0.000000 809.000000
285448 57.034483 57.034483 649.000000 649.000000 1450.000000 447.000000 94.000000 26.000000 82.000000 0.000000 801.000000
286448 57.102869 57.102869 641.000000 641.000000 1429.000000 441.000000 94.000000 28.000000 78.000000 0.000000 788.000000
287448 56.961131 56.961131 628.000000 628.000000 1415.000000 437.000000 96.000000 19.000000 76.000000 0.000000 787.000000
288448 57.081851 57.081851 621.000000 621.000000 1405.000000 433.000000 98.000000 18.000000 72.000000 0.000000 784.000000
289448 57.338129 57.338129 609.000000 609.000000 1390.000000 422.000000 89.000000 16.000000 82.000000 0.000000 781.000000
290448 57.420749 57.420749 603.000000 603.000000 1388.000000 437.000000 88.000000 12.000000 66.000000 0.000000 785.000000
291448 57.258659 57.258659 603.000000 603.000000 1357.000000 420.000000 96.000000 23.000000 64.000000 0.000000 754.000000
292448 57.596372 57.596372 588.000000 588.000000 1323.000000 409.000000 92.000000 27.000000 60.000000 0.000000 735.000000
293448 58.504958 58.504958 570.000000 570.000000 1311.000000 397.000000 92.000000 26.000000 55.000000 0.000000 741.000000
294448 59.829721 59.829721 548.000000 548.000000 1292.000000 371.000000 89.000000 29.000000 59.000000 0.000000 744.000000
295448 59.920635 59.920635 522.000000 522.000000 1260.000000 348.000000 94.000000 17.000000 63.000000 0.000000 738.000000
296448 60.731707 60.731707 505.000000 505.000000 1230.000000 321.000000 93.000000 22.000000 69.000000 0.000000 725.000000
297448 60.894780 60.894780 494.000000 494.000000 1207.000000 314.000000 99.000000 22.000000 59.000000 0.000000 713.000000
298448 61.111111 61.111111 477.000000 477.000000 1188.000000 306.000000 98.000000 15.000000 58.000000 0.000000 711.000000
299448 61.254296 61.254296 470.000000 470.000000 1164.000000 299.000000 95.000000 19.000000 57.000000 0.000000 694.000000
300448 60.926573 60.926573 463.000000 463.000000 1144.000000 301.000000 97.000000 16.000000 49.000000 0.000000 681.000000
301448 61.006289 61.006289 451.000000 451.000000 1113.000000 290.000000 91.000000 17.000000 53.000000 0.000000 662.000000
302448 61.503208 61.503208 437.000000 437.000000 1091.000000 274.000000 84.000000 17.000000 62.000000 0.000000 654.000000
303448 61.789376 61.789376 426.000000 426.000000 1073.000000 263.000000 83.000000 16.000000 64.000000 0.000000 647.000000
304448 61.641221 61.641221 420.000000 420.000000 1048.000000 260.000000 80.000000 18.000000 62.000000 0.000000 628.000000
305448 62.207031 62.207031 405.000000 405.000000 1024.000000 246.000000 70.000000 18.000000 71.000000 0.000000 619.000000
306448 62.041625 62.041625 398.000000 398.000000 1009.000000 245.000000 69.000000 15.000000 69.000000 0.000000 611.000000
307448 61.322645 61.322645 398.000000 398.000000 998.000000 257.000000 70.000000 12.000000 59.000000 0.000000 600.000000
308448 60.790274 60.790274 398.000000 398.000000 987.000000 268.000000 61.000000 11.000000 58.000000 0.000000 589.000000
309448 61.554404 61.554404 396.000000 396.000000 965.000000 258.000000 60.000000 25.000000 53.000000 0.000000 569.000000
310448 61.228814 61.228814 382.000000 382.000000 944.000000 259.000000 56.000000 16.000000 51.000000 0.000000 562.000000
311448 61.194030 61.194030 375.000000 375.000000 938.000000 261.000000 54.000000 11.000000 49.000000 0.000000 563.000000
312448 61.244541 61.244541 362.000000 362.000000 916.000000 253.000000 53.000000 7.000000 49.000000 0.000000 554.000000
313448 60.825893 60.825893 363.000000 363.000000 896.000000 254.000000 50.000000 12.000000 47.000000 0.000000 533.000000
314448 60.294118 60.294118 360.000000 360.000000 884.000000 253.000000 56.000000 9.000000 42.000000 0.000000 524.000000
315448 59.606481 59.606481 360.000000 360.000000 864.000000 256.000000 55.000000 11.000000 38.000000 0.000000 504.000000
316448 59.738717 59.738717 353.000000 353.000000 842.000000 248.000000 52.000000 14.000000 39.000000 0.000000 489.000000
317448 59.401198 59.401198 348.000000 348.000000 835.000000 247.000000 58.000000 9.000000 34.000000 0.000000 487.000000
318448 60.268949 60.268949 342.000000 342.000000 818.000000 236.000000 58.000000 17.000000 31.000000 0.000000 476.000000
319448 60.951189 60.951189 328.000000 328.000000 799.000000 216.000000 58.000000 16.000000 38.000000 0.000000 471.000000
320448 60.953608 60.953608 321.000000 321.000000 776.000000 204.000000 64.000000 18.000000 35.000000 0.000000 455.000000
321448 59.495352 59.495352 313.000000 313.000000 753.000000 203.000000 67.000000 8.000000 35.000000 0.000000 440.000000
322448 59.972490 59.972490 306.000000 306.000000 727.000000 183.000000 73.000000 15.000000 35.000000 0.000000 421.000000
323448 59.663866 59.663866 298.000000 298.000000 714.000000 182.000000 70.000000 10.000000 36.000000 0.000000 416.000000
324448 59.656652 59.656652 295.000000 295.000000 699.000000 176.000000 72.000000 13.000000 34.000000 0.000000 404.000000
253614 1.982379 1.982379 908.000000 908.000000 908.000000 480.000000 267.000000 18.000000 143.000000 0.000000 0.000000
254614 4.705882 4.705882 913.000000 913.000000 935.000000 507.000000 228.000000 22.000000 156.000000 0.000000 22.000000
255614 6.846473 6.846473 915.000000 915.000000 964.000000 532.000000 199.000000 17.000000 167.000000 0.000000 49.000000
256614 8.853119 8.853119 922.000000 922.000000 994.000000 560.000000 162.000000 16.000000 184.000000 0.000000 72.000000
257614 11.035156 11.035156 929.000000 929.000000 1024.000000 577.000000 148.000000 18.000000 186.000000 0.000000 95.000000
258614 12.440646 12.440646 937.000000 937.000000 1053.000000 605.000000 126.000000 15.000000 191.000000 0.000000 116.000000
259614 15.377532 15.377532 944.000000 944.000000 1086.000000 621.000000 108.000000 25.000000 190.000000 0.000000 142.000000
260614 16.578014 16.578014 956.000000 956.000000 1128.000000 671.000000 100.000000 15.000000 170.000000 0.000000 172.000000
261614 17.787234 17.787234 982.000000 982.000000 1175.000000 734.000000 97.000000 16.000000 135.000000 0.000000 193.000000
262614 19.884488 19.884488 997.000000 997.000000 1212.000000 758.000000 103.000000 26.000000 110.000000 0.000000 215.000000
263614 21.048387 21.048387 994.000000 994.000000 1240.000000 782.000000 104.000000 15.000000 93.000000 0.000000 246.000000
264614 22.712934 22.712934 1002.000000 1002.000000 1268.000000 798.000000 108.000000 22.000000 74.000000 0.000000 266.000000
265614 24.632068 24.632068 996.000000 996.000000 1291.000000 802.000000 104.000000 23.000000 67.000000 0.000000 295.000000
266614 27.459954 27.459954 982.000000 982.000000 1311.000000 785.000000 102.000000 31.000000 64.000000 0.000000 329.000000
267614 30.250190 30.250190 950.000000 950.000000 1319.000000 734.000000 121.000000 30.000000 65.000000 0.000000 369.000000
268614 32.933233 32.933233 926.000000 926.000000 1333.000000 703.000000 127.000000 32.000000 64.000000 0.000000 407.000000
269614 35.368578 35.368578 899.000000 899.000000 1343.000000 666.000000 129.000000 31.000000 73.000000 0.000000 444.000000
270614 38.671587 38.671587 866.000000 866.000000 1355.000000 624.000000 136.000000 35.000000 71.000000 0.000000 489.000000
271614 42.481752 42.481752 828.000000 828.000000 1370.000000 570.000000 152.000000 40.000000 66.000000 0.000000 542.000000
272614 45.842372 45.842372 796.000000 796.000000 1383.000000 518.000000 164.000000 47.000000 67.000000 0.000000 587.000000
273614 48.640916 48.640916 760.000000 760.000000 1398.000000 479.000000 170.000000 42.000000 69.000000 0.000000 638.000000
274614 50.889680 50.889680 723.000000 723.000000 1405.000000 444.000000 170.000000 33.000000 76.000000 0.000000 682.000000
275614 53.460452 53.460452 700.000000 700.000000 1416.000000 408.000000 164.000000 41.000000 87.000000 0.000000 716.000000
276614 54.577465 54.577465 665.000000 665.000000 1420.000000 387.000000 162.000000 20.000000 96.000000 0.000000 755.000000
277614 54.971989 54.971989 663.000000 663.000000 1428.000000 387.000000 160.000000 20.000000 96.000000 0.000000 765.000000
278614 55.283415 55.283415 658.000000 658.000000 1429.000000 390.000000 149.000000 19.000000 100.000000 0.000000 771.000000
279614 55.073478 55.073478 654.000000 654.000000 1429.000000 404.000000 137.000000 12.000000 101.000000 0.000000 775.000000
280614 55.107714 55.107714 665.000000 665.000000 1439.000000 415.000000 124.000000 19.000000 107.000000 0.000000 774.000000
281614 54.349339 54.349339 667.000000 667.000000 1437.000000 440.000000 113.000000 11.000000 103.000000 0.000000 770.000000
282614 54.494774 54.494774 669.000000 669.000000 1435.000000 446.000000 103.000000 16.000000 104.000000 0.000000 766.000000
283614 54.705056 54.705056 667.000000 667.000000 1424.000000 444.000000 101.000000 22.000000 100.000000 0.000000 757.000000
284614 55.014124 55.014124 665.000000 665.000000 1416.000000 445.000000 93.000000 28.000000 99.000000 0.000000 751.000000
285614 54.571027 54.571027 663.000000 663.000000 1422.000000 472.000000 88.000000 17.000000 86.000000 0.000000 759.000000
286614 54.096045 54.096045 660.000000 660.000000 1416.000000 486.000000 88.000000 10.000000 76.000000 0.000000 756.000000
287614 53.944563 53.944563 662.000000 662.000000 1407.000000 492.000000 81.000000 14.000000 75.000000 0.000000 745.000000
288614 54.702082 54.702082 662.000000 662.000000 1393.000000 484.000000 75.000000 31.000000 72.000000 0.000000 731.000000
289614 55.434783 55.434783 638.000000 638.000000 1380.000000 470.000000 80.000000 23.000000 65.000000 0.000000 742.000000
290614 55.268976 55.268976 627.000000 627.000000 1357.000000 454.000000 94.000000 20.000000 59.000000 0.000000 730.000000
291614 56.338028 56.338028 621.000000 621.000000 1349.000000 439.000000 99.000000 32.000000 51.000000 0.000000 728.000000
292614 56.202723 56.202723 601.000000 601.000000 1322.000000 410.000000 115.000000 22.000000 54.000000 0.000000 721.000000
293614 56.061776 56.061776 586.000000 586.000000 1295.000000 396.000000 118.000000 17.000000 55.000000 0.000000 709.000000
294614 56.319115 56.319115 576.000000 576.000000 1266.000000 381.000000 119.000000 23.000000 53.000000 0.000000 690.000000
295614 56.479218 56.479218 559.000000 559.000000 1227.000000 357.000000 123.000000 25.000000 54.000000 0.000000 668.000000
296614 56.783920 56.783920 539.000000 539.000000 1194.000000 330.000000 131.000000 23.000000 55.000000 0.000000 655.000000
297614 57.510730 57.510730 521.000000 521.000000 1165.000000 304.000000 136.000000 26.000000 55.000000 0.000000 644.000000
298614 57.618214 57.618214 504.000000 504.000000 1142.000000 299.000000 124.000000 20.000000 61.000000 0.000000 638.000000
299614 59.444942 59.444942 484.000000 484.000000 1117.000000 270.000000 106.000000 31.000000 77.000000 0.000000 633.000000
300614 58.727273 58.727273 465.000000 465.000000 1100.000000 270.000000 99.000000 11.000000 85.000000 0.000000 635.000000
301614 59.314180 59.314180 461.000000 461.000000 1079.000000 257.000000 91.000000 22.000000 91.000000 0.000000 618.000000
302614 58.790170 58.790170 449.000000 449.000000 1058.000000 254.000000 92.000000 13.000000 90.000000 0.000000 609.000000
303614 58.587786 58.587786 450.000000 450.000000 1048.000000 261.000000 87.000000 16.000000 86.000000 0.000000 598.000000
304614 57.073643 57.073643 458.000000 458.000000 1032.000000 285.000000 82.000000 15.000000 76.000000 0.000000 574.000000
305614 56.195122 56.195122 459.000000 459.000000 1025.000000 301.000000 71.000000 10.000000 77.000000 0.000000 566.000000
306614 56.322957 56.322957 459.000000 459.000000 1028.000000 306.000000 68.000000 10.000000 75.000000 0.000000 569.000000
307614 56.097561 56.097561 466.000000 466.000000 1025.000000 320.000000 70.000000 16.000000 60.000000 0.000000 559.000000
308614 55.905512 55.905512 460.000000 460.000000 1016.000000 319.000000 72.000000 12.000000 57.000000 0.000000 556.000000
309614 55.223881 55.223881 462.000000 462.000000 1005.000000 330.000000 65.000000 12.000000 55.000000 0.000000 543.000000
310614 55.241935 55.241935 461.000000 461.000000 992.000000 330.000000 61.000000 17.000000 53.000000 0.000000 531.000000
311614 54.989817 54.989817 453.000000 453.000000 982.000000 334.000000 66.000000 11.000000 42.000000 0.000000 529.000000
312614 55.590062 55.590062 443.000000 443.000000 966.000000 316.000000 64.000000 14.000000 49.000000 0.000000 523.000000
313614 55.462185 55.462185 433.000000 433.000000 952.000000 311.000000 64.000000 9.000000 49.000000 0.000000 519.000000
314614 55.091104 55.091104 431.000000 431.000000 933.000000 303.000000 70.000000 12.000000 46.000000 0.000000 502.000000
315614 55.386289 55.386289 424.000000 424.000000 919.000000 295.000000 76.000000 14.000000 39.000000 0.000000 495.000000
316614 57.221610 57.221610 409.000000 409.000000 907.000000 273.000000 71.000000 21.000000 44.000000 0.000000 498.000000
317614 58.651685 58.651685 391.000000 391.000000 890.000000 252.000000 71.000000 23.000000 45.000000 0.000000 499.000000
318614 59.606481 59.606481 371.000000 371.000000 864.000000 228.000000 76.000000 22.000000 45.000000 0.000000 493.000000
319614 60.470588 60.470588 351.000000 351.000000 850.000000 214.000000 79.000000 15.000000 43.000000 0.000000 499.000000
320614 59.928230 59.928230 347.000000 347.000000 836.000000 207.000000 85.000000 12.000000 43.000000 0.000000 489.000000
321614 58.952497 58.952497 347.000000 347.000000 821.000000 218.000000 80.000000 10.000000 39.000000 0.000000 474.000000
322614 58.793970 58.793970 340.000000 340.000000 796.000000 206.000000 74.000000 12.000000 48.000000 0.000000 456.000000
323614 58.505155 58.505155 334.000000 334.000000 776.000000 200.000000 75.000000 12.000000 47.000000 0.000000 442.000000
324614 58.498024 58.498024 324.000000 324.000000 759.000000 192.000000 73.000000 9.000000 50.000000 0.000000 435.000000
325614 57.738896 57.738896 320.000000 320.000000 743.000000 192.000000 64.000000 6.000000 58.000000 0.000000 423.000000
251994 1.898734 1.898734 948.000000 948.000000 948.000000 562.000000 232.000000 18.000000 136.000000 0.000000 0.000000
252994 5.388601 5.388601 936.000000 936.000000 965.000000 551.000000 219.000000 23.000000 143.000000 0.000000 29.000000
253994 8.157100 8.157100 939.000000 939.000000 993.000000 566.000000 197.000000 27.000000 149.000000 0.000000 54.000000
254994 9.560976 9.560976 944.000000 944.000000 1025.000000 596.000000 192.000000 17.000000 139.000000 0.000000 81.000000
255994 12.476190 12.476190 943.000000 943.000000 1050.000000 601.000000 162.000000 24.000000 156.000000 0.000000 107.000000
256994 13.955638 13.955638 949.000000 949.000000 1082.000000 635.000000 140.000000 18.000000 156.000000 0.000000 133.000000
257994 16.291629 16.291629 953.000000 953.000000 1111.000000 653.000000 115.000000 23.000000 162.000000 0.000000 158.000000
258994 17.410324 17.410324 963.000000 963.000000 1143.000000 684.000000 106.000000 19.000000 154.000000 0.000000 180.000000
259994 20.308483 20.308483 966.000000 966.000000 1167.000000 675.000000 108.000000 36.000000 147.000000 0.000000 201.000000
260994 22.561983 22.561983 963.000000 963.000000 1210.000000 709.000000 105.000000 26.000000 123.000000 0.000000 247.000000
261994 24.132365 24.132365 968.000000 968.000000 1239.000000 722.000000 111.000000 28.000000 107.000000 0.000000 271.000000
262994 26.124704 26.124704 960.000000 960.000000 1267.000000 731.000000 116.000000 24.000000 89.000000 0.000000 307.000000
263994 27.722008 27.722008 957.000000 957.000000 1295.000000 748.000000 111.000000 21.000000 77.000000 0.000000 338.000000
264994 30.388423 30.388423 944.000000 944.000000 1313.000000 720.000000 124.000000 30.000000 70.000000 0.000000 369.000000
265994 32.708177 32.708177 933.000000 933.000000 1333.000000 706.000000 128.000000 36.000000 63.000000 0.000000 400.000000
266994 34.718101 34.718101 906.000000 906.000000 1348.000000 682.000000 133.000000 26.000000 65.000000 0.000000 442.000000
267994 37.279412 37.279412 881.000000 881.000000 1360.000000 650.000000 134.000000 28.000000 69.000000 0.000000 479.000000
268994 39.854545 39.854545 858.000000 858.000000 1375.000000 612.000000 144.000000 31.000000 71.000000 0.000000 517.000000
269994 42.815884 42.815884 831.000000 831.000000 1385.000000 565.000000 153.000000 39.000000 74.000000 0.000000 554.000000
270994 44.889207 44.889207 800.000000 800.000000 1399.000000 529.000000 166.000000 29.000000 76.000000 0.000000 599.000000
271994 47.666195 47.666195 780.000000 780.000000 1414.000000 487.000000 175.000000 40.000000 78.000000 0.000000 634.000000
272994 50.281294 50.281294 747.000000 747.000000 1422.000000 443.000000 177.000000 40.000000 87.000000 0.000000 675.000000
273994 52.234637 52.234637 713.000000 713.000000 1432.000000 415.000000 182.000000 29.000000 87.000000 0.000000 719.000000
274994 53.244941 53.244941 690.000000 690.000000 1433.000000 399.000000 176.000000 20.000000 95.000000 0.000000 743.000000
275994 54.212707 54.212707 689.000000 689.000000 1448.000000 401.000000 166.000000 26.000000 96.000000 0.000000 759.000000
276994 54.325260 54.325260 684.000000 684.000000 1445.000000 399.000000 165.000000 24.000000 96.000000 0.000000 761.000000
277994 54.620690 54.620690 678.000000 678.000000 1450.000000 411.000000 143.000000 20.000000 104.000000 0.000000 772.000000
278994 55.224913 55.224913 673.000000 673.000000 1445.000000 406.000000 116.000000 26.000000 125.000000 0.000000 772.000000
279994 55.222841 55.222841 653.000000 653.000000 1436.000000 414.000000 106.000000 10.000000 123.000000 0.000000 783.000000
280994 54.614851 54.614851 670.000000 670.000000 1441.000000 443.000000 95.000000 16.000000 116.000000 0.000000 771.000000
281994 53.830084 53.830084 674.000000 674.000000 1436.000000 465.000000 80.000000 11.000000 118.000000 0.000000 762.000000
282994 53.361345 53.361345 683.000000 683.000000 1428.000000 485.000000 83.000000 17.000000 98.000000 0.000000 745.000000
283994 53.146853 53.146853 690.000000 690.000000 1430.000000 509.000000 74.000000 20.000000 87.000000 0.000000 740.000000
284994 54.116819 54.116819 681.000000 681.000000 1421.000000 496.000000 72.000000 29.000000 84.000000 0.000000 740.000000
285994 53.988604 53.988604 665.000000 665.000000 1404.000000 495.000000 76.000000 19.000000 75.000000 0.000000 739.000000
286994 53.089080 53.089080 669.000000 669.000000 1392.000000 504.000000 84.000000 16.000000 65.000000 0.000000 723.000000
287994 54.407514 54.407514 663.000000 663.000000 1384.000000 487.000000 88.000000 32.000000 56.000000 0.000000 721.000000
288994 54.838710 54.838710 638.000000 638.000000 1364.000000 457.000000 105.000000 22.000000 54.000000 0.000000 726.000000
289994 54.342984 54.342984 636.000000 636.000000 1347.000000 464.000000 109.000000 21.000000 42.000000 0.000000 711.000000
290994 55.037594 55.037594 615.000000 615.000000 1330.000000 445.000000 117.000000 17.000000 36.000000 0.000000 715.000000
291994 55.175097 55.175097 601.000000 601.000000 1285.000000 415.000000 120.000000 25.000000 41.000000 0.000000 684.000000
292994 56.060606 56.060606 576.000000 576.000000 1254.000000 376.000000 129.000000 25.000000 46.000000 0.000000 678.000000
293994 56.849877 56.849877 549.000000 549.000000 1219.000000 341.000000 123.000000 23.000000 62.000000 0.000000 670.000000
294994 57.899160 57.899160 528.000000 528.000000 1190.000000 306.000000 129.000000 27.000000 66.000000 0.000000 662.000000
295994 58.260870 58.260870 503.000000 503.000000 1150.000000 281.000000 131.000000 23.000000 68.000000 0.000000 647.000000
296994 59.058615 59.058615 490.000000 490.000000 1126.000000 258.000000 127.000000 29.000000 76.000000 0.000000 636.000000
297994 60.017969 60.017969 469.000000 469.000000 1113.000000 246.000000 117.000000 24.000000 82.000000 0.000000 644.000000
298994 59.727273 59.727273 463.000000 463.000000 1100.000000 253.000000 114.000000 20.000000 76.000000 0.000000 637.000000
299994 60.368664 60.368664 454.000000 454.000000 1085.000000 239.000000 111.000000 24.000000 80.000000 0.000000 631.000000
300994 59.360301 59.360301 444.000000 444.000000 1063.000000 245.000000 104.000000 12.000000 83.000000 0.000000 619.000000
301994 58.996212 58.996212 448.000000 448.000000 1056.000000 253.000000 95.000000 15.000000 85.000000 0.000000 608.000000
302994 58.128544 58.128544 452.000000 452.000000 1058.000000 278.000000 85.000000 9.000000 80.000000 0.000000 606.000000
303994 57.884615 57.884615 448.000000 448.000000 1040.000000 278.000000 74.000000 10.000000 86.000000 0.000000 592.000000
304994 56.704981 56.704981 458.000000 458.000000 1044.000000 311.000000 63.000000 6.000000 78.000000 0.000000 586.000000
305994 56.256062 56.256062 458.000000 458.000000 1031.000000 319.000000 53.000000 7.000000 79.000000 0.000000 573.000000
306994 55.707317 55.707317 468.000000 468.000000 1025.000000 335.000000 46.000000 14.000000 73.000000 0.000000 557.000000
307994 55.380059 55.380059 466.000000 466.000000 1013.000000 346.000000 46.000000 14.000000 60.000000 0.000000 547.000000
308994 55.044955 55.044955 464.000000 464.000000 1001.000000 351.000000 47.000000 14.000000 52.000000 0.000000 537.000000
309994 55.633803 55.633803 459.000000 459.000000 994.000000 345.000000 48.000000 18.000000 48.000000 0.000000 535.000000
310994 55.476673 55.476673 456.000000 456.000000 986.000000 357.000000 46.000000 17.000000 36.000000 0.000000 530.000000
311994 55.751295 55.751295 441.000000 441.000000 965.000000 343.000000 48.000000 14.000000 36.000000 0.000000 524.000000
312994 56.691254 56.691254 429.000000 429.000000 949.000000 324.000000 53.000000 18.000000 34.000000 0.000000 520.000000
313994 57.050592 57.050592 413.000000 413.000000 929.000000 306.000000 62.000000 14.000000 31.000000 0.000000 516.000000
314994 58.707558 58.707558 399.000000 399.000000 913.000000 279.000000 68.000000 22.000000 30.000000 0.000000 514.000000
315994 59.147026 59.147026 380.000000 380.000000 891.000000 266.000000 69.000000 16.000000 29.000000 0.000000 511.000000
316994 59.122402 59.122402 367.000000 367.000000 866.000000 256.000000 68.000000 13.000000 30.000000 0.000000 499.000000
317994 61.104583 61.104583 348.000000 348.000000 851.000000 230.000000 66.000000 17.000000 35.000000 0.000000 503.000000
318994 62.334537 62.334537 332.000000 332.000000 831.000000 211.000000 66.000000 19.000000 36.000000 0.000000 499.000000
319994 63.840399 63.840399 314.000000 314.000000 802.000000 174.000000 80.000000 24.000000 36.000000 0.000000 488.000000
320994 63.402062 63.402062 299.000000 299.000000 776.000000 167.000000 82.000000 15.000000 35.000000 0.000000 477.000000
321994 64.116095 64.116095 284.000000 284.000000 758.000000 153.000000 74.000000 12.000000 45.000000 0.000000 474.000000
322994 63.781625 63.781625 279.000000 279.000000 751.000000 159.000000 70.000000 7.000000 43.000000 0.000000 472.000000
323994 63.401361 63.401361 279.000000 279.000000 735.000000 154.000000 65.000000 10.000000 50.000000 0.000000 456.000000
265780 2.446809 2.446809 940.000000 940.000000 940.000000 552.000000 217.000000 23.000000 148.000000 0.000000 0.000000
266780 4.742268 4.742268 949.000000 949.000000 970.000000 570.000000 211.000000 25.000000 143.000000 0.000000 21.000000
267780 7.363184 7.363184 952.000000 952.000000 1005.000000 597.000000 198.000000 21.000000 136.000000 0.000000 53.000000
268780 9.257473 9.257473 962.000000 962.000000 1037.000000 631.000000 178.000000 21.000000 132.000000 0.000000 75.000000
269780 11.194732 11.194732 959.000000 959.000000 1063.000000 649.000000 160.000000 15.000000 135.000000 0.000000 104.000000
270780 13.996317 13.996317 963.000000 963.000000 1086.000000 655.000000 143.000000 29.000000 136.000000 0.000000 123.000000
271780 16.111611 16.111611 958.000000 958.000000 1111.000000 657.000000 136.000000 26.000000 139.000000 0.000000 153.000000
272780 18.086040 18.086040 953.000000 953.000000 1139.000000 672.000000 113.000000 20.000000 148.000000 0.000000 186.000000
273780 19.965870 19.965870 964.000000 964.000000 1172.000000 693.000000 107.000000 26.000000 138.000000 0.000000 208.000000
274780 21.731890 21.731890 968.000000 968.000000 1201.000000 708.000000 106.000000 28.000000 126.000000 0.000000 233.000000
275780 24.078624 24.078624 956.000000 956.000000 1221.000000 699.000000 108.000000 29.000000 120.000000 0.000000 265.000000
276780 26.656026 26.656026 955.000000 955.000000 1253.000000 707.000000 115.000000 36.000000 97.000000 0.000000 298.000000
277780 28.883685 28.883685 945.000000 945.000000 1281.000000 703.000000 130.000000 34.000000 78.000000 0.000000 336.000000
278780 31.470138 31.470138 930.000000 930.000000 1306.000000 691.000000 136.000000 35.000000 68.000000 0.000000 376.000000
279780 33.685801 33.685801 911.000000 911.000000 1324.000000 672.000000 139.000000 33.000000 67.000000 0.000000 413.000000
280780 35.922330 35.922330 884.000000 884.000000 1339.000000 643.000000 148.000000 26.000000 67.000000 0.000000 455.000000
281780 37.869822 37.869822 868.000000 868.000000 1352.000000 623.000000 152.000000 28.000000 65.000000 0.000000 484.000000
282780 39.911635 39.911635 841.000000 841.000000 1358.000000 584.000000 157.000000 25.000000 75.000000 0.000000 517.000000
283780 42.587209 42.587209 824.000000 824.000000 1376.000000 558.000000 157.000000 34.000000 75.000000 0.000000 552.000000
284780 44.924406 44.924406 792.000000 792.000000 1389.000000 528.000000 151.000000 27.000000 86.000000 0.000000 597.000000
285780 46.979389 46.979389 776.000000 776.000000 1407.000000 499.000000 158.000000 30.000000 89.000000 0.000000 631.000000
286780 48.551237 48.551237 754.000000 754.000000 1415.000000 472.000000 152.000000 26.000000 104.000000 0.000000 661.000000
287780 51.016118 51.016118 734.000000 734.000000 1427.000000 450.000000 141.000000 35.000000 108.000000 0.000000 693.000000
288780 52.444134 52.444134 706.000000 706.000000 1432.000000 427.000000 142.000000 25.000000 112.000000 0.000000 726.000000
289780 53.301238 53.301238 704.000000 704.000000 1454.000000 443.000000 132.000000 25.000000 104.000000 0.000000 750.000000
290780 53.973739 53.973739 693.000000 693.000000 1447.000000 435.000000 128.000000 27.000000 103.000000 0.000000 754.000000
291780 54.439891 54.439891 695.000000 695.000000 1464.000000 453.000000 122.000000 28.000000 92.000000 0.000000 769.000000
292780 54.607509 54.607509 688.000000 688.000000 1465.000000 467.000000 106.000000 23.000000 92.000000 0.000000 777.000000
293780 54.439092 54.439092 676.000000 676.000000 1453.000000 462.000000 99.000000 14.000000 101.000000 0.000000 777.000000
294780 54.244306 54.244306 682.000000 682.000000 1449.000000 483.000000 89.000000 19.000000 91.000000 0.000000 767.000000
295780 54.329609 54.329609 666.000000 666.000000 1432.000000 467.000000 87.000000 12.000000 100.000000 0.000000 766.000000
296780 53.631285 53.631285 679.000000 679.000000 1432.000000 498.000000 82.000000 15.000000 84.000000 0.000000 753.000000
297780 53.441011 53.441011 681.000000 681.000000 1424.000000 513.000000 76.000000 18.000000 74.000000 0.000000 743.000000
298780 53.541076 53.541076 672.000000 672.000000 1412.000000 516.000000 73.000000 16.000000 67.000000 0.000000 740.000000
299780 53.890490 53.890490 662.000000 662.000000 1388.000000 490.000000 79.000000 22.000000 71.000000 0.000000 726.000000
300780 54.572056 54.572056 650.000000 650.000000 1367.000000 474.000000 88.000000 29.000000 59.000000 0.000000 717.000000
301780 55.147059 55.147059 635.000000 635.000000 1360.000000 454.000000 106.000000 25.000000 50.000000 0.000000 725.000000
302780 56.928839 56.928839 611.000000 611.000000 1335.000000 408.000000 119.000000 36.000000 48.000000 0.000000 724.000000
303780 57.328244 57.328244 582.000000 582.000000 1310.000000 385.000000 123.000000 23.000000 51.000000 0.000000 728.000000
304780 57.796742 57.796742 566.000000 566.000000 1289.000000 372.000000 126.000000 22.000000 46.000000 0.000000 723.000000
305780 58.061954 58.061954 549.000000 549.000000 1259.000000 345.000000 138.000000 21.000000 45.000000 0.000000 710.000000
306780 58.394161 58.394161 530.000000 530.000000 1233.000000 323.000000 136.000000 17.000000 54.000000 0.000000 703.000000
307780 58.546656 58.546656 524.000000 524.000000 1211.000000 318.000000 130.000000 22.000000 54.000000 0.000000 687.000000
308780 58.972199 58.972199 509.000000 509.000000 1187.000000 297.000000 126.000000 22.000000 64.000000 0.000000 678.000000
309780 60.257511 60.257511 483.000000 483.000000 1165.000000 269.000000 111.000000 20.000000 83.000000 0.000000 682.000000
310780 60.512367 60.512367 469.000000 469.000000 1132.000000 245.000000 101.000000 22.000000 101.000000 0.000000 663.000000
311780 60.178571 60.178571 462.000000 462.000000 1120.000000 246.000000 107.000000 16.000000 93.000000 0.000000 658.000000
312780 60.881295 60.881295 458.000000 458.000000 1112.000000 243.000000 98.000000 23.000000 94.000000 0.000000 654.000000
313780 59.981685 59.981685 451.000000 451.000000 1092.000000 253.000000 94.000000 14.000000 90.000000 0.000000 641.000000
314780 57.831325 57.831325 462.000000 462.000000 1079.000000 285.000000 97.000000 7.000000 73.000000 0.000000 617.000000
315780 56.505576 56.505576 478.000000 478.000000 1076.000000 316.000000 88.000000 10.000000 64.000000 0.000000 598.000000
316780 56.190476 56.190476 473.000000 473.000000 1050.000000 308.000000 82.000000 13.000000 70.000000 0.000000 577.000000
317780 55.248092 55.248092 475.000000 475.000000 1048.000000 325.000000 74.000000 6.000000 70.000000 0.000000 573.000000
318780 55.351977 55.351977 483.000000 483.000000 1037.000000 330.000000 73.000000 20.000000 60.000000 0.000000 554.000000
319780 55.275895 55.275895 473.000000 473.000000 1033.000000 338.000000 65.000000 11.000000 59.000000 0.000000 560.000000
320780 54.536489 54.536489 472.000000 472.000000 1014.000000 347.000000 51.000000 11.000000 63.000000 0.000000 542.000000
321780 53.900000 53.900000 468.000000 468.000000 1000.000000 353.000000 50.000000 7.000000 58.000000 0.000000 532.000000
322780 54.103343 54.103343 470.000000 470.000000 987.000000 344.000000 56.000000 17.000000 53.000000 0.000000 517.000000
323780 54.639175 54.639175 457.000000 457.000000 970.000000 323.000000 59.000000 17.000000 58.000000 0.000000 513.000000
324780 55.578728 55.578728 448.000000 448.000000 959.000000 313.000000 64.000000 22.000000 49.000000 0.000000 511.000000
325780 56.900212 56.900212 437.000000 437.000000 942.000000 298.000000 66.000000 31.000000 42.000000 0.000000 505.000000
326780 57.142857 57.142857 419.000000 419.000000 924.000000 283.000000 77.000000 23.000000 36.000000 0.000000 505.000000
327780 57.666667 57.666667 397.000000 397.000000 900.000000 264.000000 81.000000 16.000000 36.000000 0.000000 503.000000
328780 56.867196 56.867196 390.000000 390.000000 881.000000 260.000000 92.000000 10.000000 28.000000 0.000000 491.000000
329780 57.986111 57.986111 377.000000 377.000000 864.000000 238.000000 91.000000 14.000000 34.000000 0.000000 487.000000
330780 57.900943 57.900943 365.000000 365.000000 848.000000 235.000000 79.000000 8.000000 43.000000 0.000000 483.000000
331780 58.661888 58.661888 360.000000 360.000000 837.000000 220.000000 79.000000 14.000000 47.000000 0.000000 477.000000
332780 58.692972 58.692972 353.000000 353.000000 811.000000 204.000000 81.000000 18.000000 50.000000 0.000000 458.000000
333780 58.567775 58.567775 336.000000 336.000000 782.000000 192.000000 76.000000 12.000000 56.000000 0.000000 446.000000
334780 58.333333 58.333333 330.000000 330.000000 768.000000 189.000000 67.000000 10.000000 64.000000 0.000000 438.000000
335780 58.300654 58.300654 332.000000 332.000000 765.000000 196.000000 66.000000 13.000000 57.000000 0.000000 433.000000
336780 58.947368 58.947368 330.000000 330.000000 760.000000 189.000000 70.000000 18.000000 53.000000 0.000000 430.000000
337780 58.000000 58.000000 322.000000 322.000000 750.000000 196.000000 65.000000 7.000000 54.000000 0.000000 428.000000
240682 1.401401 1.401401 999.000000 999.000000 999.000000 664.000000 197.000000 14.000000 124.000000 0.000000 0.000000
241682 3.323558 3.323558 1001.000000 1001.000000 1023.000000 676.000000 187.000000 12.000000 126.000000 0.000000 22.000000
242682 7.142857 7.142857 1006.000000 1006.000000 1050.000000 673.000000 174.000000 31.000000 128.000000 0.000000 44.000000
243682 10.139535 10.139535 996.000000 996.000000 1075.000000 675.000000 162.000000 30.000000 129.000000 0.000000 79.000000
244682 12.010919 12.010919 992.000000 992.000000 1099.000000 683.000000 148.000000 25.000000 136.000000 0.000000 107.000000
245682 14.666667 14.666667 985.000000 985.000000 1125.000000 689.000000 132.000000 25.000000 139.000000 0.000000 140.000000
246682 18.521739 18.521739 973.000000 973.000000 1150.000000 679.000000 124.000000 36.000000 134.000000 0.000000 177.000000
247682 20.525869 20.525869 963.000000 963.000000 1179.000000 699.000000 111.000000 26.000000 127.000000 0.000000 216.000000
248682 23.690773 23.690773 954.000000 954.000000 1203.000000 685.000000 112.000000 36.000000 121.000000 0.000000 249.000000
249682 26.677445 26.677445 944.000000 944.000000 1237.000000 692.000000 114.000000 37.000000 101.000000 0.000000 293.000000
250682 28.966062 28.966062 926.000000 926.000000 1267.000000 688.000000 121.000000 26.000000 91.000000 0.000000 341.000000
251682 31.464174 31.464174 905.000000 905.000000 1284.000000 666.000000 125.000000 25.000000 89.000000 0.000000 379.000000
252682 34.047437 34.047437 891.000000 891.000000 1307.000000 655.000000 131.000000 29.000000 76.000000 0.000000 416.000000
253682 36.363636 36.363636 871.000000 871.000000 1320.000000 624.000000 139.000000 31.000000 77.000000 0.000000 449.000000
254682 38.162808 38.162808 858.000000 858.000000 1339.000000 614.000000 144.000000 30.000000 70.000000 0.000000 481.000000
255682 39.764359 39.764359 841.000000 841.000000 1358.000000 613.000000 140.000000 23.000000 65.000000 0.000000 517.000000
256682 41.921397 41.921397 828.000000 828.000000 1374.000000 593.000000 140.000000 30.000000 65.000000 0.000000 546.000000
257682 44.179320 44.179320 800.000000 800.000000 1383.000000 561.000000 132.000000 28.000000 79.000000 0.000000 583.000000
258682 46.633238 46.633238 775.000000 775.000000 1396.000000 524.000000 135.000000 30.000000 86.000000 0.000000 621.000000
259682 48.652482 48.652482 756.000000 756.000000 1410.000000 501.000000 135.000000 32.000000 88.000000 0.000000 654.000000
260682 50.842697 50.842697 731.000000 731.000000 1424.000000 466.000000 146.000000 31.000000 88.000000 0.000000 693.000000
261682 52.364395 52.364395 713.000000 713.000000 1438.000000 449.000000 136.000000 28.000000 100.000000 0.000000 725.000000
262682 53.598355 53.598355 703.000000 703.000000 1459.000000 450.000000 137.000000 26.000000 90.000000 0.000000 756.000000
263682 54.801097 54.801097 682.000000 682.000000 1458.000000 438.000000 134.000000 23.000000 87.000000 0.000000 776.000000
264682 55.257732 55.257732 671.000000 671.000000 1455.000000 431.000000 129.000000 20.000000 91.000000 0.000000 784.000000
265682 55.586018 55.586018 668.000000 668.000000 1459.000000 437.000000 122.000000 20.000000 89.000000 0.000000 791.000000
266682 56.019152 56.019152 671.000000 671.000000 1462.000000 442.000000 118.000000 28.000000 83.000000 0.000000 791.000000
267682 56.074125 56.074125 652.000000 652.000000 1457.000000 449.000000 105.000000 12.000000 86.000000 0.000000 805.000000
268682 56.271656 56.271656 654.000000 654.000000 1443.000000 444.000000 95.000000 23.000000 92.000000 0.000000 789.000000
269682 56.140351 56.140351 650.000000 650.000000 1425.000000 448.000000 88.000000 25.000000 89.000000 0.000000 775.000000
270682 55.799151 55.799151 639.000000 639.000000 1414.000000 457.000000 87.000000 14.000000 81.000000 0.000000 775.000000
271682 56.654804 56.654804 628.000000 628.000000 1405.000000 444.000000 81.000000 19.000000 84.000000 0.000000 777.000000
272682 56.842867 56.842867 620.000000 620.000000 1381.000000 439.000000 72.000000 24.000000 85.000000 0.000000 761.000000
273682 56.954612 56.954612 616.000000 616.000000 1366.000000 438.000000 81.000000 28.000000 69.000000 0.000000 750.000000
274682 56.993269 56.993269 597.000000 597.000000 1337.000000 420.000000 88.000000 22.000000 67.000000 0.000000 740.000000
275682 56.797583 56.797583 584.000000 584.000000 1324.000000 420.000000 95.000000 12.000000 57.000000 0.000000 740.000000
276682 57.923077 57.923077 574.000000 574.000000 1300.000000 394.000000 98.000000 27.000000 55.000000 0.000000 726.000000
277682 57.857701 57.857701 562.000000 562.000000 1279.000000 390.000000 108.000000 23.000000 41.000000 0.000000 717.000000
278682 58.912870 58.912870 542.000000 542.000000 1251.000000 360.000000 102.000000 28.000000 52.000000 0.000000 709.000000
279682 59.838057 59.838057 523.000000 523.000000 1235.000000 345.000000 104.000000 27.000000 47.000000 0.000000 712.000000
280682 60.726073 60.726073 496.000000 496.000000 1212.000000 312.000000 109.000000 20.000000 55.000000 0.000000 716.000000
281682 60.407816 60.407816 479.000000 479.000000 1177.000000 295.000000 110.000000 13.000000 61.000000 0.000000 698.000000
282682 60.986159 60.986159 471.000000 471.000000 1156.000000 281.000000 103.000000 20.000000 67.000000 0.000000 685.000000
283682 60.603372 60.603372 461.000000 461.000000 1127.000000 272.000000 106.000000 17.000000 66.000000 0.000000 666.000000
284682 60.672116 60.672116 455.000000 455.000000 1101.000000 260.000000 104.000000 22.000000 69.000000 0.000000 646.000000
285682 60.648148 60.648148 442.000000 442.000000 1080.000000 246.000000 105.000000 17.000000 74.000000 0.000000 638.000000
286682 59.962406 59.962406 436.000000 436.000000 1064.000000 255.000000 98.000000 10.000000 73.000000 0.000000 628.000000
287682 60.303894 60.303894 438.000000 438.000000 1053.000000 249.000000 100.000000 20.000000 69.000000 0.000000 615.000000
288682 60.424710 60.424710 427.000000 427.000000 1036.000000 246.000000 89.000000 17.000000 75.000000 0.000000 609.000000
289682 59.568204 59.568204 427.000000 427.000000 1019.000000 259.000000 88.000000 15.000000 65.000000 0.000000 592.000000
290682 59.244533 59.244533 421.000000 421.000000 1006.000000 264.000000 81.000000 11.000000 65.000000 0.000000 585.000000
291682 58.912387 58.912387 418.000000 418.000000 993.000000 268.000000 68.000000 10.000000 72.000000 0.000000 575.000000
292682 57.696228 57.696228 422.000000 422.000000 981.000000 289.000000 56.000000 7.000000 70.000000 0.000000 559.000000
293682 57.069672 57.069672 429.000000 429.000000 976.000000 302.000000 58.000000 10.000000 59.000000 0.000000 547.000000
294682 56.694561 56.694561 419.000000 419.000000 956.000000 297.000000 56.000000 5.000000 61.000000 0.000000 537.000000
295682 56.585880 56.585880 422.000000 422.000000 949.000000 303.000000 50.000000 10.000000 59.000000 0.000000 527.000000
296682 56.162915 56.162915 422.000000 422.000000 933.000000 312.000000 49.000000 13.000000 48.000000 0.000000 511.000000
297682 55.760870 55.760870 421.000000 421.000000 920.000000 313.000000 53.000000 14.000000 41.000000 0.000000 499.000000
298682 56.222222 56.222222 414.000000 414.000000 900.000000 295.000000 56.000000 20.000000 43.000000 0.000000 486.000000
299682 56.214367 56.214367 394.000000 394.000000 877.000000 280.000000 62.000000 10.000000 42.000000 0.000000 483.000000
300682 55.800464 55.800464 394.000000 394.000000 862.000000 278.000000 66.000000 13.000000 37.000000 0.000000 468.000000
301682 56.413302 56.413302 383.000000 383.000000 842.000000 260.000000 69.000000 16.000000 38.000000 0.000000 459.000000
302682 56.197353 56.197353 375.000000 375.000000 831.000000 258.000000 74.000000 11.000000 32.000000 0.000000 456.000000
303682 56.580566 56.580566 365.000000 365.000000 813.000000 243.000000 81.000000 12.000000 29.000000 0.000000 448.000000
304682 57.397959 57.397959 355.000000 355.000000 784.000000 219.000000 85.000000 21.000000 30.000000 0.000000 429.000000
305682 56.636005 56.636005 342.000000 342.000000 761.000000 213.000000 84.000000 12.000000 33.000000 0.000000 419.000000
306682 58.021390 58.021390 332.000000 332.000000 748.000000 193.000000 81.000000 18.000000 40.000000 0.000000 416.000000
307682 58.960328 58.960328 308.000000 308.000000 731.000000 174.000000 78.000000 8.000000 48.000000 0.000000 423.000000
308682 58.707865 58.707865 302.000000 302.000000 712.000000 163.000000 75.000000 8.000000 56.000000 0.000000 410.000000
309682 58.882521 58.882521 301.000000 301.000000 698.000000 162.000000 74.000000 14.000000 51.000000 0.000000 397.000000
310682 58.600583 58.600583 292.000000 292.000000 686.000000 162.000000 70.000000 8.000000 52.000000 0.000000 394.000000
311682 58.590308 58.590308 291.000000 291.000000 681.000000 165.000000 55.000000 9.000000 62.000000 0.000000 390.000000
312682 58.235294 58.235294 296.000000 296.000000 680.000000 174.000000 58.000000 12.000000 52.000000 0.000000 384.000000
241587 2.569593 2.569593 934.000000 934.000000 934.000000 528.000000 255.000000 24.000000 127.000000 0.000000 0.000000
242587 5.532359 5.532359 924.000000 924.000000 958.000000 536.000000 237.000000 19.000000 132.000000 0.000000 34.000000
243587 7.959184 7.959184 923.000000 923.000000 980.000000 539.000000 221.000000 21.000000 142.000000 0.000000 57.000000
244587 10.463968 10.463968 930.000000 930.000000 1013.000000 564.000000 209.000000 23.000000 134.000000 0.000000 83.000000
245587 12.620424 12.620424 925.000000 925.000000 1038.000000 581.000000 178.000000 18.000000 148.000000 0.000000 113.000000
246587 15.391879 15.391879 920.000000 920.000000 1059.000000 576.000000 151.000000 24.000000 169.000000 0.000000 139.000000
247587 17.216117 17.216117 927.000000 927.000000 1092.000000 607.000000 117.000000 23.000000 180.000000 0.000000 165.000000
248587 19.285714 19.285714 920.000000 920.000000 1120.000000 627.000000 98.000000 16.000000 179.000000 0.000000 200.000000
249587 21.894005 21.894005 926.000000 926.000000 1151.000000 635.000000 97.000000 27.000000 167.000000 0.000000 225.000000
250587 23.277311 23.277311 934.000000 934.000000 1190.000000 678.000000 91.000000 21.000000 144.000000 0.000000 256.000000
251587 25.448613 25.448613 938.000000 938.000000 1226.000000 702.000000 88.000000 24.000000 124.000000 0.000000 288.000000
252587 27.172196 27.172196 946.000000 946.000000 1266.000000 741.000000 87.000000 24.000000 94.000000 0.000000 320.000000
253587 28.979907 28.979907 942.000000 942.000000 1294.000000 753.000000 93.000000 23.000000 73.000000 0.000000 352.000000
254587 30.599848 30.599848 937.000000 937.000000 1317.000000 752.000000 99.000000 23.000000 63.000000 0.000000 380.000000
255587 32.708177 32.708177 922.000000 922.000000 1333.000000 734.000000 106.000000 25.000000 57.000000 0.000000 411.000000
256587 35.259259 35.259259 902.000000 902.000000 1350.000000 712.000000 107.000000 28.000000 55.000000 0.000000 448.000000
257587 37.426471 37.426471 879.000000 879.000000 1360.000000 677.000000 118.000000 28.000000 56.000000 0.000000 481.000000
258587 39.590942 39.590942 851.000000 851.000000 1369.000000 648.000000 120.000000 24.000000 59.000000 0.000000 518.000000
259587 42.017417 42.017417 828.000000 828.000000 1378.000000 607.000000 134.000000 29.000000 58.000000 0.000000 550.000000
260587 45.133381 45.133381 800.000000 800.000000 1387.000000 553.000000 149.000000 39.000000 59.000000 0.000000 587.000000
261587 47.251963 47.251963 771.000000 771.000000 1401.000000 521.000000 155.000000 32.000000 63.000000 0.000000 630.000000
262587 50.426136 50.426136 746.000000 746.000000 1408.000000 454.000000 177.000000 48.000000 67.000000 0.000000 662.000000
263587 53.437279 53.437279 693.000000 693.000000 1411.000000 403.000000 174.000000 36.000000 80.000000 0.000000 718.000000
264587 55.343241 55.343241 662.000000 662.000000 1413.000000 372.000000 174.000000 31.000000 85.000000 0.000000 751.000000
265587 57.425743 57.425743 638.000000 638.000000 1414.000000 337.000000 177.000000 36.000000 88.000000 0.000000 776.000000
266587 57.629524 57.629524 621.000000 621.000000 1409.000000 330.000000 181.000000 24.000000 86.000000 0.000000 788.000000
267587 58.233216 58.233216 614.000000 614.000000 1415.000000 329.000000 169.000000 23.000000 93.000000 0.000000 801.000000
268587 57.487580 57.487580 611.000000 611.000000 1409.000000 346.000000 152.000000 12.000000 101.000000 0.000000 798.000000
269587 57.173448 57.173448 611.000000 611.000000 1401.000000 358.000000 130.000000 11.000000 112.000000 0.000000 790.000000
270587 57.111913 57.111913 609.000000 609.000000 1385.000000 354.000000 115.000000 15.000000 125.000000 0.000000 776.000000
271587 55.781818 55.781818 617.000000 617.000000 1375.000000 383.000000 101.000000 9.000000 124.000000 0.000000 758.000000
272587 55.007257 55.007257 632.000000 632.000000 1378.000000 414.000000 89.000000 12.000000 117.000000 0.000000 746.000000
273587 54.545455 54.545455 645.000000 645.000000 1375.000000 437.000000 80.000000 20.000000 108.000000 0.000000 730.000000
274587 53.784571 53.784571 648.000000 648.000000 1374.000000 466.000000 69.000000 13.000000 100.000000 0.000000 726.000000
275587 53.092784 53.092784 654.000000 654.000000 1358.000000 475.000000 68.000000 17.000000 94.000000 0.000000 704.000000
276587 52.893175 52.893175 656.000000 656.000000 1348.000000 486.000000 65.000000 21.000000 84.000000 0.000000 692.000000
277587 53.050595 53.050595 646.000000 646.000000 1344.000000 489.000000 69.000000 15.000000 73.000000 0.000000 698.000000
278587 52.671181 52.671181 643.000000 643.000000 1329.000000 495.000000 75.000000 14.000000 59.000000 0.000000 686.000000
279587 52.587519 52.587519 644.000000 644.000000 1314.000000 492.000000 78.000000 21.000000 53.000000 0.000000 670.000000
280587 52.578907 52.578907 634.000000 634.000000 1299.000000 480.000000 92.000000 18.000000 44.000000 0.000000 665.000000
281587 52.565114 52.565114 626.000000 626.000000 1267.000000 467.000000 95.000000 25.000000 39.000000 0.000000 641.000000
282587 53.932584 53.932584 603.000000 603.000000 1246.000000 433.000000 101.000000 29.000000 40.000000 0.000000 643.000000
283587 55.646481 55.646481 572.000000 572.000000 1222.000000 395.000000 100.000000 30.000000 47.000000 0.000000 650.000000
284587 55.349621 55.349621 550.000000 550.000000 1187.000000 372.000000 118.000000 20.000000 40.000000 0.000000 637.000000
285587 56.663801 56.663801 529.000000 529.000000 1163.000000 333.000000 128.000000 25.000000 43.000000 0.000000 634.000000
286587 57.559682 57.559682 505.000000 505.000000 1131.000000 302.000000 127.000000 25.000000 51.000000 0.000000 626.000000
287587 58.802178 58.802178 485.000000 485.000000 1102.000000 273.000000 125.000000 31.000000 56.000000 0.000000 617.000000
288587 58.921933 58.921933 457.000000 457.000000 1076.000000 255.000000 124.000000 15.000000 63.000000 0.000000 619.000000
289587 60.132576 60.132576 444.000000 444.000000 1056.000000 230.000000 116.000000 23.000000 75.000000 0.000000 612.000000
290587 59.480269 59.480269 433.000000 433.000000 1039.000000 233.000000 113.000000 12.000000 75.000000 0.000000 606.000000
291587 59.306931 59.306931 427.000000 427.000000 1010.000000 230.000000 106.000000 16.000000 75.000000 0.000000 583.000000
292587 60.160160 60.160160 416.000000 416.000000 999.000000 217.000000 101.000000 18.000000 80.000000 0.000000 583.000000
293587 59.334006 59.334006 412.000000 412.000000 991.000000 234.000000 88.000000 9.000000 81.000000 0.000000 579.000000
294587 58.627649 58.627649 423.000000 423.000000 991.000000 253.000000 81.000000 13.000000 76.000000 0.000000 568.000000
295587 58.502024 58.502024 423.000000 423.000000 988.000000 266.000000 68.000000 13.000000 76.000000 0.000000 565.000000
296587 57.846154 57.846154 420.000000 420.000000 975.000000 271.000000 65.000000 9.000000 75.000000 0.000000 555.000000
297587 57.466529 57.466529 426.000000 426.000000 971.000000 284.000000 50.000000 13.000000 79.000000 0.000000 545.000000
298587 56.980352 56.980352 424.000000 424.000000 967.000000 295.000000 49.000000 8.000000 72.000000 0.000000 543.000000
299587 56.770833 56.770833 428.000000 428.000000 960.000000 303.000000 49.000000 13.000000 63.000000 0.000000 532.000000
300587 55.683003 55.683003 435.000000 435.000000 959.000000 322.000000 47.000000 10.000000 56.000000 0.000000 524.000000
301587 55.260361 55.260361 434.000000 434.000000 941.000000 324.000000 46.000000 13.000000 51.000000 0.000000 507.000000
302587 54.264392 54.264392 437.000000 437.000000 938.000000 343.000000 50.000000 8.000000 36.000000 0.000000 501.000000
303587 54.918919 54.918919 437.000000 437.000000 925.000000 330.000000 54.000000 20.000000 33.000000 0.000000 488.000000
304587 55.859803 55.859803 421.000000 421.000000 913.000000 310.000000 62.000000 18.000000 31.000000 0.000000 492.000000
305587 57.528090 57.528090 401.000000 401.000000 890.000000 279.000000 68.000000 23.000000 31.000000 0.000000 489.000000
306587 58.160920 58.160920 384.000000 384.000000 870.000000 268.000000 66.000000 20.000000 30.000000 0.000000 486.000000
307587 58.125741 58.125741 367.000000 367.000000 843.000000 251.000000 69.000000 14.000000 33.000000 0.000000 476.000000
308587 59.393939 59.393939 355.000000 355.000000 825.000000 229.000000 72.000000 20.000000 34.000000 0.000000 470.000000
309587 59.378882 59.378882 342.000000 342.000000 805.000000 221.000000 74.000000 15.000000 32.000000 0.000000 463.000000
310587 59.718670 59.718670 328.000000 328.000000 782.000000 207.000000 73.000000 13.000000 35.000000 0.000000 454.000000
311587 60.937500 60.937500 318.000000 318.000000 768.000000 186.000000 76.000000 18.000000 38.000000 0.000000 450.000000
312587 60.752688 60.752688 306.000000 306.000000 744.000000 174.000000 74.000000 14.000000 44.000000 0.000000 438.000000
313587 61.527778 61.527778 293.000000 293.000000 720.000000 158.000000 69.000000 16.000000 50.000000 0.000000 427.000000
245103 2.205882 2.205882 952.000000 952.000000 952.000000 562.000000 248.000000 21.000000 121.000000 0.000000 0.000000
246103 4.316547 4.316547 950.000000 950.000000 973.000000 567.000000 236.000000 19.000000 128.000000 0.000000 23.000000
247103 7.042254 7.042254 947.000000 947.000000 994.000000 567.000000 215.000000 23.000000 142.000000 0.000000 47.000000
248103 9.081935 9.081935 939.000000 939.000000 1013.000000 569.000000 188.000000 18.000000 164.000000 0.000000 74.000000
249103 11.442308 11.442308 941.000000 941.000000 1040.000000 580.000000 165.000000 20.000000 176.000000 0.000000 99.000000
250103 13.463324 13.463324 956.000000 956.000000 1077.000000 618.000000 140.000000 24.000000 174.000000 0.000000 121.000000
251103 16.126126 16.126126 954.000000 954.000000 1110.000000 632.000000 123.000000 23.000000 176.000000 0.000000 156.000000
252103 18.414097 18.414097 950.000000 950.000000 1135.000000 639.000000 116.000000 24.000000 171.000000 0.000000 185.000000
253103 21.021277 21.021277 958.000000 958.000000 1175.000000 667.000000 108.000000 30.000000 153.000000 0.000000 217.000000
254103 22.286184 22.286184 968.000000 968.000000 1216.000000 709.000000 110.000000 23.000000 126.000000 0.000000 248.000000
255103 24.223108 24.223108 974.000000 974.000000 1255.000000 739.000000 107.000000 23.000000 105.000000 0.000000 281.000000
256103 25.894246 25.894246 979.000000 979.000000 1286.000000 754.000000 115.000000 26.000000 84.000000 0.000000 307.000000
257103 28.024502 28.024502 965.000000 965.000000 1306.000000 746.000000 116.000000 25.000000 78.000000 0.000000 341.000000
258103 30.113208 30.113208 953.000000 953.000000 1325.000000 738.000000 116.000000 27.000000 72.000000 0.000000 372.000000
259103 31.347729 31.347729 940.000000 940.000000 1343.000000 738.000000 118.000000 18.000000 66.000000 0.000000 403.000000
260103 33.897059 33.897059 927.000000 927.000000 1360.000000 710.000000 123.000000 28.000000 66.000000 0.000000 433.000000
261103 36.788321 36.788321 900.000000 900.000000 1370.000000 671.000000 123.000000 34.000000 72.000000 0.000000 470.000000
262103 39.045553 39.045553 875.000000 875.000000 1383.000000 639.000000 129.000000 32.000000 75.000000 0.000000 508.000000
263103 41.905444 41.905444 845.000000 845.000000 1396.000000 602.000000 134.000000 34.000000 75.000000 0.000000 551.000000
264103 46.132009 46.132009 813.000000 813.000000 1409.000000 534.000000 149.000000 54.000000 76.000000 0.000000 596.000000
265103 48.036466 48.036466 769.000000 769.000000 1426.000000 508.000000 162.000000 28.000000 71.000000 0.000000 657.000000
266103 50.868659 50.868659 743.000000 743.000000 1439.000000 467.000000 161.000000 36.000000 79.000000 0.000000 696.000000
267103 53.107735 53.107735 718.000000 718.000000 1448.000000 436.000000 167.000000 39.000000 76.000000 0.000000 730.000000
268103 54.163799 54.163799 689.000000 689.000000 1453.000000 423.000000 163.000000 23.000000 80.000000 0.000000 764.000000
269103 55.624143 55.624143 673.000000 673.000000 1458.000000 400.000000 154.000000 26.000000 93.000000 0.000000 785.000000
270103 56.390977 56.390977 660.000000 660.000000 1463.000000 394.000000 150.000000 22.000000 94.000000 0.000000 803.000000
271103 56.301370 56.301370 649.000000 649.000000 1460.000000 401.000000 140.000000 11.000000 97.000000 0.000000 811.000000
272103 56.623198 56.623198 654.000000 654.000000 1457.000000 407.000000 115.000000 22.000000 110.000000 0.000000 803.000000
273103 56.756757 56.756757 646.000000 646.000000 1443.000000 403.000000 112.000000 22.000000 109.000000 0.000000 797.000000
274103 56.085754 56.085754 647.000000 647.000000 1446.000000 431.000000 102.000000 12.000000 102.000000 0.000000 799.000000
275103 56.089074 56.089074 648.000000 648.000000 1437.000000 434.000000 91.000000 17.000000 106.000000 0.000000 789.000000
276103 55.966504 55.966504 652.000000 652.000000 1433.000000 444.000000 87.000000 21.000000 100.000000 0.000000 781.000000
277103 55.399719 55.399719 651.000000 651.000000 1426.000000 456.000000 93.000000 15.000000 87.000000 0.000000 775.000000
278103 55.963303 55.963303 653.000000 653.000000 1417.000000 451.000000 95.000000 29.000000 78.000000 0.000000 764.000000
279103 55.643422 55.643422 633.000000 633.000000 1391.000000 448.000000 94.000000 16.000000 75.000000 0.000000 758.000000
280103 54.499274 54.499274 637.000000 637.000000 1378.000000 466.000000 95.000000 10.000000 66.000000 0.000000 741.000000
281103 54.712813 54.712813 640.000000 640.000000 1358.000000 462.000000 93.000000 25.000000 60.000000 0.000000 718.000000
282103 55.489171 55.489171 619.000000 619.000000 1339.000000 446.000000 98.000000 23.000000 52.000000 0.000000 720.000000
283103 56.188307 56.188307 603.000000 603.000000 1317.000000 422.000000 101.000000 26.000000 54.000000 0.000000 714.000000
284103 56.535189 56.535189 580.000000 580.000000 1293.000000 400.000000 99.000000 18.000000 63.000000 0.000000 713.000000
285103 57.165479 57.165479 565.000000 565.000000 1263.000000 376.000000 101.000000 24.000000 64.000000 0.000000 698.000000
286103 56.772101 56.772101 547.000000 547.000000 1233.000000 364.000000 99.000000 14.000000 70.000000 0.000000 686.000000
287103 58.546656 58.546656 538.000000 538.000000 1211.000000 328.000000 107.000000 36.000000 67.000000 0.000000 673.000000
288103 58.178752 58.178752 519.000000 519.000000 1186.000000 319.000000 114.000000 23.000000 63.000000 0.000000 667.000000
289103 58.254105 58.254105 500.000000 500.000000 1157.000000 304.000000 116.000000 17.000000 63.000000 0.000000 657.000000
290103 58.508772 58.508772 494.000000 494.000000 1140.000000 297.000000 113.000000 21.000000 63.000000 0.000000 646.000000
291103 58.206278 58.206278 484.000000 484.000000 1115.000000 294.000000 108.000000 18.000000 64.000000 0.000000 631.000000
292103 58.211679 58.211679 475.000000 475.000000 1096.000000 292.000000 109.000000 17.000000 57.000000 0.000000 621.000000
293103 58.434296 58.434296 459.000000 459.000000 1073.000000 277.000000 109.000000 13.000000 60.000000 0.000000 614.000000
294103 58.531935 58.531935 451.000000 451.000000 1049.000000 262.000000 97.000000 16.000000 76.000000 0.000000 598.000000
295103 57.350097 57.350097 451.000000 451.000000 1034.000000 278.000000 86.000000 10.000000 77.000000 0.000000 583.000000
296103 56.598240 56.598240 450.000000 450.000000 1023.000000 283.000000 81.000000 6.000000 80.000000 0.000000 573.000000
297103 56.624141 56.624141 452.000000 452.000000 1019.000000 288.000000 78.000000 10.000000 76.000000 0.000000 567.000000
298103 56.274900 56.274900 451.000000 451.000000 1004.000000 289.000000 73.000000 12.000000 77.000000 0.000000 553.000000
299103 56.281407 56.281407 450.000000 450.000000 995.000000 293.000000 71.000000 15.000000 71.000000 0.000000 545.000000
300103 55.689829 55.689829 454.000000 454.000000 993.000000 312.000000 73.000000 14.000000 55.000000 0.000000 539.000000
301103 56.808943 56.808943 449.000000 449.000000 984.000000 301.000000 70.000000 24.000000 54.000000 0.000000 535.000000
302103 57.407407 57.407407 433.000000 433.000000 972.000000 294.000000 65.000000 19.000000 55.000000 0.000000 539.000000
303103 56.683938 56.683938 425.000000 425.000000 965.000000 298.000000 66.000000 7.000000 54.000000 0.000000 540.000000
304103 56.631579 56.631579 422.000000 422.000000 950.000000 292.000000 67.000000 10.000000 53.000000 0.000000 528.000000
305103 57.794274 57.794274 415.000000 415.000000 943.000000 280.000000 70.000000 17.000000 48.000000 0.000000 528.000000
306103 56.474429 56.474429 408.000000 408.000000 919.000000 288.000000 68.000000 8.000000 44.000000 0.000000 511.000000
307103 56.347439 56.347439 407.000000 407.000000 898.000000 280.000000 68.000000 15.000000 44.000000 0.000000 491.000000
308103 55.630631 55.630631 404.000000 404.000000 888.000000 285.000000 72.000000 10.000000 37.000000 0.000000 484.000000
309103 55.040556 55.040556 399.000000 399.000000 863.000000 278.000000 63.000000 11.000000 47.000000 0.000000 464.000000
310103 56.382979 56.382979 388.000000 388.000000 846.000000 257.000000 68.000000 19.000000 44.000000 0.000000 458.000000
311103 57.812500 57.812500 368.000000 368.000000 832.000000 235.000000 71.000000 17.000000 45.000000 0.000000 464.000000
312103 58.823529 58.823529 351.000000 351.000000 816.000000 217.000000 68.000000 15.000000 51.000000 0.000000 465.000000
313103 57.808564 57.808564 343.000000 343.000000 794.000000 217.000000 69.000000 8.000000 49.000000 0.000000 451.000000
314103 58.109834 58.109834 345.000000 345.000000 783.000000 226.000000 61.000000 17.000000 41.000000 0.000000 438.000000
315103 58.018253 58.018253 337.000000 337.000000 767.000000 217.000000 62.000000 15.000000 43.000000 0.000000 430.000000
316103 58.588549 58.588549 330.000000 330.000000 751.000000 205.000000 63.000000 19.000000 43.000000 0.000000 421.000000
317103 58.344459 58.344459 324.000000 324.000000 749.000000 205.000000 67.000000 12.000000 40.000000 0.000000 425.000000
253650 4.021739 4.021739 920.000000 920.000000 920.000000 509.000000 243.000000 37.000000 131.000000 0.000000 0.000000
254650 6.376196 6.376196 899.000000 899.000000 941.000000 519.000000 223.000000 18.000000 139.000000 0.000000 42.000000
255650 9.006211 9.006211 903.000000 903.000000 966.000000 528.000000 205.000000 24.000000 146.000000 0.000000 63.000000
256650 12.500000 12.500000 896.000000 896.000000 992.000000 520.000000 201.000000 28.000000 147.000000 0.000000 96.000000
257650 15.929204 15.929204 885.000000 885.000000 1017.000000 517.000000 194.000000 30.000000 144.000000 0.000000 132.000000
258650 17.758784 17.758784 886.000000 886.000000 1053.000000 552.000000 171.000000 20.000000 143.000000 0.000000 167.000000
259650 18.408881 18.408881 894.000000 894.000000 1081.000000 584.000000 150.000000 12.000000 148.000000 0.000000 187.000000
260650 20.575022 20.575022 907.000000 907.000000 1113.000000 605.000000 132.000000 23.000000 147.000000 0.000000 206.000000
261650 22.711268 22.711268 900.000000 900.000000 1136.000000 613.000000 111.000000 22.000000 154.000000 0.000000 236.000000
262650 24.081981 24.081981 914.000000 914.000000 1171.000000 643.000000 106.000000 25.000000 140.000000 0.000000 257.000000
263650 25.604671 25.604671 909.000000 909.000000 1199.000000 658.000000 111.000000 17.000000 123.000000 0.000000 290.000000
264650 27.146361 27.146361 915.000000 915.000000 1223.000000 662.000000 112.000000 24.000000 117.000000 0.000000 308.000000
265650 28.571429 28.571429 919.000000 919.000000 1253.000000 679.000000 114.000000 24.000000 102.000000 0.000000 334.000000
266650 30.411171 30.411171 923.000000 923.000000 1289.000000 702.000000 116.000000 26.000000 79.000000 0.000000 366.000000
267650 32.366412 32.366412 911.000000 911.000000 1310.000000 703.000000 111.000000 25.000000 72.000000 0.000000 399.000000
268650 34.795764 34.795764 888.000000 888.000000 1322.000000 678.000000 109.000000 26.000000 75.000000 0.000000 434.000000
269650 37.397158 37.397158 866.000000 866.000000 1337.000000 646.000000 121.000000 29.000000 70.000000 0.000000 471.000000
270650 40.369004 40.369004 847.000000 847.000000 1355.000000 615.000000 125.000000 39.000000 68.000000 0.000000 508.000000
271650 43.274854 43.274854 811.000000 811.000000 1368.000000 584.000000 118.000000 35.000000 74.000000 0.000000 557.000000
272650 45.039826 45.039826 786.000000 786.000000 1381.000000 556.000000 124.000000 27.000000 79.000000 0.000000 595.000000
273650 46.374731 46.374731 770.000000 770.000000 1393.000000 541.000000 130.000000 23.000000 76.000000 0.000000 623.000000
274650 49.395018 49.395018 751.000000 751.000000 1405.000000 497.000000 135.000000 40.000000 79.000000 0.000000 654.000000
275650 50.282885 50.282885 725.000000 725.000000 1414.000000 475.000000 152.000000 22.000000 76.000000 0.000000 689.000000
276650 52.061495 52.061495 717.000000 717.000000 1431.000000 460.000000 158.000000 31.000000 68.000000 0.000000 714.000000
277650 53.738644 53.738644 688.000000 688.000000 1431.000000 433.000000 152.000000 26.000000 77.000000 0.000000 743.000000
278650 54.621849 54.621849 671.000000 671.000000 1428.000000 418.000000 149.000000 23.000000 81.000000 0.000000 757.000000
279650 55.148096 55.148096 660.000000 660.000000 1418.000000 412.000000 144.000000 24.000000 80.000000 0.000000 758.000000
280650 54.992867 54.992867 647.000000 647.000000 1402.000000 403.000000 135.000000 16.000000 93.000000 0.000000 755.000000
281650 54.859611 54.859611 647.000000 647.000000 1389.000000 407.000000 134.000000 20.000000 86.000000 0.000000 742.000000
282650 54.829339 54.829339 638.000000 638.000000 1377.000000 406.000000 122.000000 16.000000 94.000000 0.000000 739.000000
283650 54.352597 54.352597 639.000000 639.000000 1367.000000 415.000000 112.000000 15.000000 97.000000 0.000000 728.000000
284650 54.532056 54.532056 638.000000 638.000000 1357.000000 409.000000 103.000000 21.000000 105.000000 0.000000 719.000000
285650 54.592593 54.592593 634.000000 634.000000 1350.000000 407.000000 108.000000 21.000000 98.000000 0.000000 716.000000
286650 54.456929 54.456929 628.000000 628.000000 1335.000000 397.000000 114.000000 20.000000 97.000000 0.000000 707.000000
287650 54.415094 54.415094 628.000000 628.000000 1325.000000 402.000000 118.000000 24.000000 84.000000 0.000000 697.000000
288650 53.939394 53.939394 629.000000 629.000000 1320.000000 426.000000 114.000000 21.000000 68.000000 0.000000 691.000000
289650 54.503817 54.503817 622.000000 622.000000 1310.000000 423.000000 105.000000 26.000000 68.000000 0.000000 688.000000
290650 53.993856 53.993856 608.000000 608.000000 1302.000000 432.000000 99.000000 9.000000 68.000000 0.000000 694.000000
291650 55.633256 55.633256 596.000000 596.000000 1287.000000 407.000000 98.000000 25.000000 66.000000 0.000000 691.000000
292650 55.581948 55.581948 576.000000 576.000000 1263.000000 390.000000 93.000000 15.000000 78.000000 0.000000 687.000000
293650 56.058158 56.058158 565.000000 565.000000 1238.000000 376.000000 84.000000 21.000000 84.000000 0.000000 673.000000
294650 55.810147 55.810147 556.000000 556.000000 1222.000000 370.000000 90.000000 16.000000 80.000000 0.000000 666.000000
295650 55.454545 55.454545 561.000000 561.000000 1210.000000 373.000000 92.000000 22.000000 74.000000 0.000000 649.000000
296650 55.265375 55.265375 548.000000 548.000000 1187.000000 364.000000 98.000000 17.000000 69.000000 0.000000 639.000000
297650 55.081127 55.081127 543.000000 543.000000 1171.000000 362.000000 104.000000 17.000000 60.000000 0.000000 628.000000
298650 55.082537 55.082537 542.000000 542.000000 1151.000000 356.000000 111.000000 25.000000 50.000000 0.000000 609.000000
299650 55.978742 55.978742 526.000000 526.000000 1129.000000 338.000000 106.000000 29.000000 53.000000 0.000000 603.000000
300650 56.873315 56.873315 498.000000 498.000000 1113.000000 323.000000 103.000000 18.000000 54.000000 0.000000 615.000000
301650 57.470211 57.470211 486.000000 486.000000 1091.000000 307.000000 101.000000 22.000000 56.000000 0.000000 605.000000
302650 56.647940 56.647940 471.000000 471.000000 1068.000000 305.000000 91.000000 8.000000 67.000000 0.000000 597.000000
303650 56.650718 56.650718 469.000000 469.000000 1045.000000 293.000000 87.000000 16.000000 73.000000 0.000000 576.000000
304650 57.405615 57.405615 456.000000 456.000000 1033.000000 286.000000 78.000000 16.000000 76.000000 0.000000 577.000000
305650 56.415279 56.415279 459.000000 459.000000 1021.000000 299.000000 74.000000 14.000000 72.000000 0.000000 562.000000
306650 56.590684 56.590684 453.000000 453.000000 1009.000000 296.000000 72.000000 15.000000 70.000000 0.000000 556.000000
307650 57.200000 57.200000 447.000000 447.000000 1000.000000 290.000000 74.000000 19.000000 64.000000 0.000000 553.000000
308650 57.517659 57.517659 435.000000 435.000000 991.000000 289.000000 71.000000 14.000000 61.000000 0.000000 556.000000
309650 57.825203 57.825203 435.000000 435.000000 984.000000 289.000000 73.000000 20.000000 53.000000 0.000000 549.000000
310650 58.204334 58.204334 418.000000 418.000000 969.000000 279.000000 75.000000 13.000000 51.000000 0.000000 551.000000
311650 58.108108 58.108108 413.000000 413.000000 962.000000 278.000000 76.000000 10.000000 49.000000 0.000000 549.000000
312650 58.500528 58.500528 408.000000 408.000000 947.000000 275.000000 67.000000 15.000000 51.000000 0.000000 539.000000
313650 57.513514 57.513514 403.000000 403.000000 925.000000 279.000000 70.000000 10.000000 44.000000 0.000000 522.000000
314650 56.574586 56.574586 404.000000 404.000000 905.000000 280.000000 68.000000 11.000000 45.000000 0.000000 501.000000
315650 57.302118 57.302118 396.000000 396.000000 897.000000 269.000000 69.000000 13.000000 45.000000 0.000000 501.000000
316650 57.517084 57.517084 386.000000 386.000000 878.000000 255.000000 67.000000 13.000000 51.000000 0.000000 492.000000
317650 57.540603 57.540603 383.000000 383.000000 862.000000 246.000000 70.000000 17.000000 50.000000 0.000000 479.000000
318650 58.079625 58.079625 376.000000 376.000000 854.000000 238.000000 72.000000 18.000000 48.000000 0.000000 478.000000
319650 58.273381 58.273381 362.000000 362.000000 834.000000 225.000000 73.000000 14.000000 50.000000 0.000000 472.000000
320650 59.057971 59.057971 356.000000 356.000000 828.000000 219.000000 71.000000 17.000000 49.000000 0.000000 472.000000
321650 58.435208 58.435208 353.000000 353.000000 818.000000 222.000000 75.000000 13.000000 43.000000 0.000000 465.000000
322650 58.933002 58.933002 346.000000 346.000000 806.000000 208.000000 77.000000 15.000000 46.000000 0.000000 460.000000
323650 58.027813 58.027813 341.000000 341.000000 791.000000 205.000000 83.000000 9.000000 44.000000 0.000000 450.000000
324650 57.840617 57.840617 339.000000 339.000000 778.000000 201.000000 84.000000 11.000000 43.000000 0.000000 439.000000
325650 57.124183 57.124183 337.000000 337.000000 765.000000 207.000000 77.000000 9.000000 44.000000 0.000000 428.000000
