254177 2.610670 2.610670 881.000000 881.000000 881.000000 432.000000 308.000000 23.000000 118.000000 0.000000 0.000000
255177 5.222222 5.222222 869.000000 869.000000 900.000000 434.000000 284.000000 16.000000 135.000000 0.000000 31.000000
256177 8.360478 8.360478 870.000000 870.000000 921.000000 435.000000 251.000000 26.000000 158.000000 0.000000 51.000000
257177 10.245464 10.245464 862.000000 862.000000 937.000000 427.000000 239.000000 21.000000 175.000000 0.000000 75.000000
258177 12.809917 12.809917 867.000000 867.000000 968.000000 454.000000 206.000000 23.000000 184.000000 0.000000 101.000000
259177 14.970060 14.970060 872.000000 872.000000 1002.000000 482.000000 181.000000 20.000000 189.000000 0.000000 130.000000
260177 16.666667 16.666667 883.000000 883.000000 1038.000000 521.000000 144.000000 18.000000 200.000000 0.000000 155.000000
261177 18.089054 18.089054 901.000000 901.000000 1078.000000 575.000000 107.000000 18.000000 201.000000 0.000000 177.000000
262177 19.282511 19.282511 913.000000 913.000000 1115.000000 621.000000 91.000000 13.000000 188.000000 0.000000 202.000000
263177 20.590791 20.590791 929.000000 929.000000 1151.000000 666.000000 82.000000 15.000000 166.000000 0.000000 222.000000
264177 21.428571 21.428571 953.000000 953.000000 1190.000000 715.000000 76.000000 18.000000 144.000000 0.000000 237.000000
265177 21.988682 21.988682 982.000000 982.000000 1237.000000 781.000000 73.000000 17.000000 111.000000 0.000000 255.000000
266177 23.330715 23.330715 997.000000 997.000000 1273.000000 816.000000 71.000000 21.000000 89.000000 0.000000 276.000000
267177 25.076923 25.076923 1000.000000 1000.000000 1300.000000 832.000000 70.000000 26.000000 72.000000 0.000000 300.000000
268177 26.920152 26.920152 981.000000 981.000000 1315.000000 825.000000 68.000000 20.000000 68.000000 0.000000 334.000000
269177 30.082521 30.082521 967.000000 967.000000 1333.000000 797.000000 84.000000 35.000000 51.000000 0.000000 366.000000
270177 33.283693 33.283693 931.000000 931.000000 1343.000000 748.000000 98.000000 35.000000 50.000000 0.000000 412.000000
271177 36.023478 36.023478 903.000000 903.000000 1363.000000 727.000000 107.000000 31.000000 38.000000 0.000000 460.000000
272177 38.310269 38.310269 872.000000 872.000000 1373.000000 686.000000 122.000000 25.000000 39.000000 0.000000 501.000000
273177 42.474674 42.474674 847.000000 847.000000 1382.000000 624.000000 131.000000 52.000000 40.000000 0.000000 535.000000
274177 45.770065 45.770065 791.000000 791.000000 1383.000000 557.000000 142.000000 41.000000 51.000000 0.000000 592.000000
275177 48.959081 48.959081 750.000000 750.000000 1393.000000 496.000000 162.000000 39.000000 53.000000 0.000000 643.000000
276177 53.138374 53.138374 705.000000 705.000000 1402.000000 424.000000 174.000000 48.000000 59.000000 0.000000 697.000000
277177 56.116643 56.116643 653.000000 653.000000 1406.000000 360.000000 190.000000 36.000000 67.000000 0.000000 753.000000
278177 58.623137 58.623137 625.000000 625.000000 1409.000000 322.000000 187.000000 42.000000 74.000000 0.000000 784.000000
279177 59.700428 59.700428 587.000000 587.000000 1402.000000 299.000000 179.000000 22.000000 87.000000 0.000000 815.000000
280177 59.842520 59.842520 576.000000 576.000000 1397.000000 295.000000 178.000000 15.000000 88.000000 0.000000 821.000000
281177 59.683225 59.683225 576.000000 576.000000 1389.000000 303.000000 160.000000 16.000000 97.000000 0.000000 813.000000
282177 59.087618 59.087618 580.000000 580.000000 1381.000000 306.000000 149.000000 15.000000 110.000000 0.000000 801.000000
283177 58.819242 58.819242 580.000000 580.000000 1372.000000 312.000000 140.000000 15.000000 113.000000 0.000000 792.000000
284177 58.728999 58.728999 583.000000 583.000000 1369.000000 327.000000 114.000000 18.000000 124.000000 0.000000 786.000000
285177 57.666911 57.666911 587.000000 587.000000 1363.000000 357.000000 88.000000 10.000000 132.000000 0.000000 776.000000
286177 56.766642 56.766642 599.000000 599.000000 1367.000000 395.000000 73.000000 8.000000 123.000000 0.000000 768.000000
287177 56.277372 56.277372 612.000000 612.000000 1370.000000 422.000000 58.000000 13.000000 119.000000 0.000000 758.000000
288177 56.186317 56.186317 622.000000 622.000000 1374.000000 440.000000 62.000000 20.000000 100.000000 0.000000 752.000000
289177 56.055112 56.055112 625.000000 625.000000 1379.000000 466.000000 56.000000 19.000000 84.000000 0.000000 754.000000
290177 55.837563 55.837563 630.000000 630.000000 1379.000000 486.000000 52.000000 21.000000 71.000000 0.000000 749.000000
291177 54.664723 54.664723 628.000000 628.000000 1372.000000 502.000000 56.000000 6.000000 64.000000 0.000000 744.000000
292177 54.095941 54.095941 635.000000 635.000000 1355.000000 511.000000 60.000000 13.000000 51.000000 0.000000 720.000000
293177 54.387292 54.387292 624.000000 624.000000 1322.000000 487.000000 69.000000 21.000000 47.000000 0.000000 698.000000
294177 54.861111 54.861111 609.000000 609.000000 1296.000000 464.000000 80.000000 24.000000 41.000000 0.000000 687.000000
295177 55.188679 55.188679 596.000000 596.000000 1272.000000 443.000000 92.000000 26.000000 35.000000 0.000000 676.000000
296177 55.040000 55.040000 585.000000 585.000000 1250.000000 439.000000 96.000000 23.000000 27.000000 0.000000 665.000000
297177 56.359102 56.359102 564.000000 564.000000 1203.000000 384.000000 106.000000 39.000000 35.000000 0.000000 639.000000
298177 57.470289 57.470289 528.000000 528.000000 1178.000000 355.000000 108.000000 27.000000 38.000000 0.000000 650.000000
299177 58.050089 58.050089 491.000000 491.000000 1118.000000 307.000000 116.000000 22.000000 46.000000 0.000000 627.000000
300177 59.200743 59.200743 466.000000 466.000000 1076.000000 267.000000 120.000000 27.000000 52.000000 0.000000 610.000000
301177 60.669856 60.669856 440.000000 440.000000 1045.000000 230.000000 130.000000 29.000000 51.000000 0.000000 605.000000
302177 60.929773 60.929773 421.000000 421.000000 1011.000000 212.000000 119.000000 26.000000 64.000000 0.000000 590.000000
303177 61.189516 61.189516 405.000000 405.000000 992.000000 204.000000 115.000000 20.000000 66.000000 0.000000 587.000000
304177 60.684647 60.684647 389.000000 389.000000 964.000000 194.000000 113.000000 10.000000 72.000000 0.000000 575.000000
305177 59.915612 59.915612 387.000000 387.000000 948.000000 200.000000 100.000000 7.000000 80.000000 0.000000 561.000000
306177 60.105820 60.105820 388.000000 388.000000 945.000000 198.000000 97.000000 11.000000 82.000000 0.000000 557.000000
307177 59.830867 59.830867 394.000000 394.000000 946.000000 216.000000 86.000000 14.000000 78.000000 0.000000 552.000000
308177 59.211928 59.211928 391.000000 391.000000 939.000000 223.000000 83.000000 8.000000 77.000000 0.000000 548.000000
309177 58.679446 58.679446 398.000000 398.000000 939.000000 241.000000 64.000000 10.000000 83.000000 0.000000 541.000000
310177 57.309322 57.309322 408.000000 408.000000 944.000000 272.000000 59.000000 5.000000 72.000000 0.000000 536.000000
311177 56.748140 56.748140 413.000000 413.000000 941.000000 282.000000 55.000000 6.000000 70.000000 0.000000 528.000000
312177 55.769231 55.769231 421.000000 421.000000 936.000000 297.000000 53.000000 7.000000 64.000000 0.000000 515.000000
313177 55.080214 55.080214 427.000000 427.000000 935.000000 311.000000 54.000000 7.000000 55.000000 0.000000 508.000000
314177 54.378378 54.378378 429.000000 429.000000 925.000000 321.000000 53.000000 7.000000 48.000000 0.000000 496.000000
315177 54.148472 54.148472 430.000000 430.000000 916.000000 326.000000 49.000000 10.000000 45.000000 0.000000 486.000000
316177 54.475138 54.475138 423.000000 423.000000 905.000000 317.000000 51.000000 11.000000 44.000000 0.000000 482.000000
317177 53.941441 53.941441 420.000000 420.000000 888.000000 318.000000 56.000000 11.000000 35.000000 0.000000 468.000000
318177 55.797933 55.797933 410.000000 410.000000 871.000000 292.000000 57.000000 25.000000 36.000000 0.000000 461.000000
319177 56.257310 56.257310 388.000000 388.000000 855.000000 280.000000 60.000000 14.000000 34.000000 0.000000 467.000000
320177 57.074911 57.074911 377.000000 377.000000 841.000000 266.000000 61.000000 16.000000 34.000000 0.000000 464.000000
321177 58.170732 58.170732 361.000000 361.000000 820.000000 245.000000 65.000000 18.000000 33.000000 0.000000 459.000000
322177 59.113924 59.113924 345.000000 345.000000 790.000000 222.000000 67.000000 22.000000 34.000000 0.000000 445.000000
323177 59.477124 59.477124 325.000000 325.000000 765.000000 205.000000 70.000000 15.000000 35.000000 0.000000 440.000000
324177 59.133965 59.133965 318.000000 318.000000 739.000000 198.000000 72.000000 16.000000 32.000000 0.000000 421.000000
325177 59.776536 59.776536 308.000000 308.000000 716.000000 185.000000 70.000000 20.000000 33.000000 0.000000 408.000000
326177 59.077810 59.077810 296.000000 296.000000 694.000000 172.000000 76.000000 12.000000 36.000000 0.000000 398.000000
252567 2.818489 2.818489 887.000000 887.000000 887.000000 453.000000 302.000000 25.000000 107.000000 0.000000 0.000000
253567 5.915179 5.915179 866.000000 866.000000 896.000000 424.000000 293.000000 23.000000 126.000000 0.000000 30.000000
254567 9.259259 9.259259 864.000000 864.000000 918.000000 417.000000 287.000000 31.000000 129.000000 0.000000 54.000000
255567 12.353568 12.353568 845.000000 845.000000 939.000000 410.000000 264.000000 22.000000 149.000000 0.000000 94.000000
256567 15.082645 15.082645 847.000000 847.000000 968.000000 424.000000 246.000000 25.000000 152.000000 0.000000 121.000000
257567 17.051153 17.051153 848.000000 848.000000 997.000000 446.000000 209.000000 21.000000 172.000000 0.000000 149.000000
258567 17.595308 17.595308 852.000000 852.000000 1023.000000 480.000000 169.000000 9.000000 194.000000 0.000000 171.000000
259567 19.161106 19.161106 868.000000 868.000000 1049.000000 502.000000 129.000000 20.000000 217.000000 0.000000 181.000000
260567 19.742883 19.742883 888.000000 888.000000 1089.000000 559.000000 108.000000 14.000000 207.000000 0.000000 201.000000
261567 20.391808 20.391808 907.000000 907.000000 1123.000000 606.000000 100.000000 13.000000 188.000000 0.000000 216.000000
262567 20.894239 20.894239 935.000000 935.000000 1163.000000 659.000000 90.000000 15.000000 171.000000 0.000000 228.000000
263567 21.510673 21.510673 972.000000 972.000000 1218.000000 740.000000 83.000000 16.000000 133.000000 0.000000 246.000000
264567 22.619048 22.619048 995.000000 995.000000 1260.000000 792.000000 79.000000 20.000000 104.000000 0.000000 265.000000
265567 24.052591 24.052591 1003.000000 1003.000000 1293.000000 821.000000 80.000000 21.000000 81.000000 0.000000 290.000000
266567 25.858124 25.858124 994.000000 994.000000 1311.000000 814.000000 81.000000 22.000000 77.000000 0.000000 317.000000
267567 27.894737 27.894737 988.000000 988.000000 1330.000000 790.000000 102.000000 29.000000 67.000000 0.000000 342.000000
268567 29.873981 29.873981 972.000000 972.000000 1349.000000 784.000000 109.000000 26.000000 53.000000 0.000000 377.000000
269567 32.134996 32.134996 946.000000 946.000000 1363.000000 763.000000 108.000000 21.000000 54.000000 0.000000 417.000000
270567 34.839650 34.839650 929.000000 929.000000 1372.000000 729.000000 115.000000 35.000000 50.000000 0.000000 443.000000
271567 37.617329 37.617329 896.000000 896.000000 1385.000000 688.000000 125.000000 32.000000 51.000000 0.000000 489.000000
272567 40.830946 40.830946 865.000000 865.000000 1396.000000 638.000000 133.000000 39.000000 55.000000 0.000000 531.000000
273567 44.436519 44.436519 825.000000 825.000000 1402.000000 566.000000 153.000000 46.000000 60.000000 0.000000 577.000000
274567 48.621908 48.621908 783.000000 783.000000 1415.000000 499.000000 157.000000 56.000000 71.000000 0.000000 632.000000
275567 52.883263 52.883263 719.000000 719.000000 1422.000000 417.000000 172.000000 49.000000 81.000000 0.000000 703.000000
276567 53.824561 53.824561 687.000000 687.000000 1425.000000 394.000000 188.000000 29.000000 76.000000 0.000000 738.000000
277567 55.179704 55.179704 666.000000 666.000000 1419.000000 369.000000 191.000000 30.000000 76.000000 0.000000 753.000000
278567 56.005686 56.005686 638.000000 638.000000 1407.000000 345.000000 186.000000 19.000000 88.000000 0.000000 769.000000
279567 55.802292 55.802292 644.000000 644.000000 1396.000000 356.000000 180.000000 27.000000 81.000000 0.000000 752.000000
280567 56.487455 56.487455 634.000000 634.000000 1395.000000 353.000000 160.000000 27.000000 94.000000 0.000000 761.000000
281567 57.060101 57.060101 613.000000 613.000000 1381.000000 337.000000 148.000000 20.000000 108.000000 0.000000 768.000000
282567 56.486880 56.486880 608.000000 608.000000 1372.000000 356.000000 124.000000 11.000000 117.000000 0.000000 764.000000
283567 56.072727 56.072727 616.000000 616.000000 1375.000000 375.000000 105.000000 12.000000 124.000000 0.000000 759.000000
284567 56.055112 56.055112 621.000000 621.000000 1379.000000 386.000000 91.000000 15.000000 129.000000 0.000000 758.000000
285567 55.651548 55.651548 630.000000 630.000000 1389.000000 422.000000 75.000000 14.000000 119.000000 0.000000 759.000000
286567 56.330935 56.330935 633.000000 633.000000 1390.000000 426.000000 68.000000 26.000000 113.000000 0.000000 757.000000
287567 55.945559 55.945559 632.000000 632.000000 1396.000000 444.000000 67.000000 17.000000 104.000000 0.000000 764.000000
288567 55.745896 55.745896 641.000000 641.000000 1401.000000 466.000000 68.000000 21.000000 86.000000 0.000000 760.000000
289567 55.103498 55.103498 643.000000 643.000000 1401.000000 485.000000 76.000000 14.000000 68.000000 0.000000 758.000000
290567 55.897069 55.897069 642.000000 642.000000 1399.000000 483.000000 80.000000 25.000000 54.000000 0.000000 757.000000
291567 55.997110 55.997110 624.000000 624.000000 1384.000000 478.000000 83.000000 15.000000 48.000000 0.000000 760.000000
292567 55.490483 55.490483 625.000000 625.000000 1366.000000 489.000000 81.000000 17.000000 38.000000 0.000000 741.000000
293567 56.035768 56.035768 610.000000 610.000000 1342.000000 464.000000 87.000000 20.000000 39.000000 0.000000 732.000000
294567 57.435508 57.435508 586.000000 586.000000 1318.000000 436.000000 82.000000 25.000000 43.000000 0.000000 732.000000
295567 57.935887 57.935887 567.000000 567.000000 1279.000000 411.000000 80.000000 29.000000 47.000000 0.000000 712.000000
296567 59.223301 59.223301 537.000000 537.000000 1236.000000 370.000000 81.000000 33.000000 53.000000 0.000000 699.000000
297567 59.686727 59.686727 510.000000 510.000000 1213.000000 352.000000 85.000000 21.000000 52.000000 0.000000 703.000000
298567 61.063465 61.063465 482.000000 482.000000 1166.000000 300.000000 93.000000 28.000000 61.000000 0.000000 684.000000
299567 61.980548 61.980548 454.000000 454.000000 1131.000000 273.000000 100.000000 24.000000 57.000000 0.000000 677.000000
300567 62.214090 62.214090 436.000000 436.000000 1093.000000 253.000000 104.000000 23.000000 56.000000 0.000000 657.000000
301567 62.228517 62.228517 415.000000 415.000000 1059.000000 234.000000 111.000000 15.000000 55.000000 0.000000 644.000000
302567 62.705314 62.705314 406.000000 406.000000 1035.000000 224.000000 108.000000 20.000000 54.000000 0.000000 629.000000
303567 63.049853 63.049853 398.000000 398.000000 1023.000000 212.000000 114.000000 20.000000 52.000000 0.000000 625.000000
304567 62.661370 62.661370 388.000000 388.000000 1007.000000 215.000000 108.000000 12.000000 53.000000 0.000000 619.000000
305567 61.663286 61.663286 384.000000 384.000000 986.000000 222.000000 98.000000 6.000000 58.000000 0.000000 602.000000
306567 61.372951 61.372951 384.000000 384.000000 976.000000 226.000000 85.000000 7.000000 66.000000 0.000000 592.000000
307567 61.356629 61.356629 389.000000 389.000000 973.000000 233.000000 71.000000 13.000000 72.000000 0.000000 584.000000
308567 61.410788 61.410788 386.000000 386.000000 964.000000 237.000000 63.000000 14.000000 72.000000 0.000000 578.000000
309567 61.320755 61.320755 378.000000 378.000000 954.000000 239.000000 53.000000 9.000000 77.000000 0.000000 576.000000
310567 60.593220 60.593220 385.000000 385.000000 944.000000 250.000000 42.000000 13.000000 80.000000 0.000000 559.000000
311567 59.680851 59.680851 389.000000 389.000000 940.000000 260.000000 47.000000 10.000000 72.000000 0.000000 551.000000
312567 58.988159 58.988159 389.000000 389.000000 929.000000 273.000000 47.000000 8.000000 61.000000 0.000000 540.000000
313567 58.721560 58.721560 394.000000 394.000000 923.000000 282.000000 50.000000 13.000000 49.000000 0.000000 529.000000
314567 58.862144 58.862144 392.000000 392.000000 914.000000 285.000000 50.000000 16.000000 41.000000 0.000000 522.000000
315567 57.427938 57.427938 392.000000 392.000000 902.000000 301.000000 53.000000 8.000000 30.000000 0.000000 510.000000
316567 57.562077 57.562077 387.000000 387.000000 886.000000 288.000000 59.000000 11.000000 29.000000 0.000000 499.000000
317567 56.844548 56.844548 381.000000 381.000000 862.000000 284.000000 64.000000 9.000000 24.000000 0.000000 481.000000
318567 57.109005 57.109005 374.000000 374.000000 844.000000 268.000000 64.000000 12.000000 30.000000 0.000000 470.000000
319567 56.495098 56.495098 366.000000 366.000000 816.000000 256.000000 65.000000 11.000000 34.000000 0.000000 450.000000
320567 56.060606 56.060606 360.000000 360.000000 792.000000 249.000000 67.000000 12.000000 32.000000 0.000000 432.000000
321567 56.561680 56.561680 350.000000 350.000000 762.000000 221.000000 76.000000 19.000000 34.000000 0.000000 412.000000
322567 56.950067 56.950067 335.000000 335.000000 741.000000 201.000000 77.000000 16.000000 41.000000 0.000000 406.000000
323567 56.232295 56.232295 326.000000 326.000000 706.000000 189.000000 81.000000 17.000000 39.000000 0.000000 380.000000
324567 57.163531 57.163531 311.000000 311.000000 691.000000 179.000000 80.000000 15.000000 37.000000 0.000000 380.000000
253694 3.490991 3.490991 888.000000 888.000000 888.000000 447.000000 350.000000 31.000000 60.000000 0.000000 0.000000
254694 7.366071 7.366071 860.000000 860.000000 896.000000 410.000000 333.000000 30.000000 87.000000 0.000000 36.000000
255694 10.044150 10.044150 836.000000 836.000000 906.000000 387.000000 316.000000 21.000000 112.000000 0.000000 70.000000
256694 12.977099 12.977099 824.000000 824.000000 917.000000 368.000000 287.000000 26.000000 143.000000 0.000000 93.000000
257694 15.112540 15.112540 810.000000 810.000000 933.000000 362.000000 252.000000 18.000000 178.000000 0.000000 123.000000
258694 19.873817 19.873817 802.000000 802.000000 951.000000 341.000000 206.000000 40.000000 215.000000 0.000000 149.000000
259694 21.602434 21.602434 795.000000 795.000000 986.000000 386.000000 155.000000 22.000000 232.000000 0.000000 191.000000
260694 21.484375 21.484375 818.000000 818.000000 1024.000000 444.000000 113.000000 14.000000 247.000000 0.000000 206.000000
261694 23.468426 23.468426 831.000000 831.000000 1061.000000 480.000000 91.000000 19.000000 241.000000 0.000000 230.000000
262694 23.049327 23.049327 868.000000 868.000000 1115.000000 573.000000 79.000000 10.000000 206.000000 0.000000 247.000000
263694 22.891566 22.891566 905.000000 905.000000 1162.000000 649.000000 74.000000 9.000000 173.000000 0.000000 257.000000
264694 22.817133 22.817133 942.000000 942.000000 1214.000000 737.000000 65.000000 5.000000 135.000000 0.000000 272.000000
265694 23.076923 23.076923 981.000000 981.000000 1261.000000 811.000000 52.000000 11.000000 107.000000 0.000000 280.000000
266694 23.207402 23.207402 1005.000000 1005.000000 1297.000000 864.000000 57.000000 9.000000 75.000000 0.000000 292.000000
267694 24.069856 24.069856 1011.000000 1011.000000 1317.000000 879.000000 62.000000 11.000000 59.000000 0.000000 306.000000
268694 25.318352 25.318352 1013.000000 1013.000000 1335.000000 882.000000 65.000000 16.000000 50.000000 0.000000 322.000000
269694 28.157504 28.157504 998.000000 998.000000 1346.000000 849.000000 69.000000 31.000000 49.000000 0.000000 348.000000
270694 31.062271 31.062271 982.000000 982.000000 1365.000000 824.000000 79.000000 41.000000 38.000000 0.000000 383.000000
271694 34.598540 34.598540 932.000000 932.000000 1370.000000 763.000000 95.000000 36.000000 38.000000 0.000000 438.000000
272694 38.154070 38.154070 892.000000 892.000000 1376.000000 703.000000 108.000000 41.000000 40.000000 0.000000 484.000000
273694 43.258832 43.258832 842.000000 842.000000 1387.000000 621.000000 131.000000 55.000000 35.000000 0.000000 545.000000
274694 48.278336 48.278336 783.000000 783.000000 1394.000000 538.000000 147.000000 62.000000 36.000000 0.000000 611.000000
275694 52.319772 52.319772 724.000000 724.000000 1401.000000 460.000000 170.000000 56.000000 38.000000 0.000000 677.000000
276694 56.094084 56.094084 659.000000 659.000000 1403.000000 379.000000 189.000000 43.000000 48.000000 0.000000 744.000000
277694 59.198282 59.198282 614.000000 614.000000 1397.000000 321.000000 189.000000 44.000000 60.000000 0.000000 783.000000
278694 61.399711 61.399711 570.000000 570.000000 1386.000000 278.000000 188.000000 35.000000 69.000000 0.000000 816.000000
279694 62.591508 62.591508 541.000000 541.000000 1366.000000 253.000000 174.000000 30.000000 84.000000 0.000000 825.000000
280694 62.888889 62.888889 521.000000 521.000000 1350.000000 239.000000 168.000000 20.000000 94.000000 0.000000 829.000000
281694 62.910448 62.910448 515.000000 515.000000 1340.000000 237.000000 157.000000 18.000000 103.000000 0.000000 825.000000
282694 61.929693 61.929693 516.000000 516.000000 1337.000000 261.000000 140.000000 7.000000 108.000000 0.000000 821.000000
283694 61.607814 61.607814 522.000000 522.000000 1331.000000 275.000000 111.000000 11.000000 125.000000 0.000000 809.000000
284694 61.039940 61.039940 533.000000 533.000000 1327.000000 299.000000 91.000000 16.000000 127.000000 0.000000 794.000000
285694 60.317460 60.317460 535.000000 535.000000 1323.000000 322.000000 73.000000 10.000000 130.000000 0.000000 788.000000
286694 59.909910 59.909910 546.000000 546.000000 1332.000000 351.000000 68.000000 12.000000 115.000000 0.000000 786.000000
287694 59.295352 59.295352 554.000000 554.000000 1334.000000 376.000000 62.000000 11.000000 105.000000 0.000000 780.000000
288694 58.000000 58.000000 577.000000 577.000000 1350.000000 426.000000 51.000000 10.000000 90.000000 0.000000 773.000000
289694 57.195301 57.195301 592.000000 592.000000 1362.000000 466.000000 42.000000 9.000000 75.000000 0.000000 770.000000
290694 56.455142 56.455142 605.000000 605.000000 1371.000000 490.000000 50.000000 8.000000 57.000000 0.000000 766.000000
291694 56.788321 56.788321 605.000000 605.000000 1370.000000 493.000000 48.000000 13.000000 51.000000 0.000000 765.000000
292694 57.544379 57.544379 591.000000 591.000000 1352.000000 479.000000 51.000000 17.000000 44.000000 0.000000 761.000000
293694 58.164033 58.164033 582.000000 582.000000 1329.000000 467.000000 52.000000 26.000000 37.000000 0.000000 747.000000
294694 58.019954 58.019954 567.000000 567.000000 1303.000000 458.000000 63.000000 20.000000 26.000000 0.000000 736.000000
295694 58.781646 58.781646 548.000000 548.000000 1264.000000 424.000000 65.000000 27.000000 32.000000 0.000000 716.000000
296694 59.232026 59.232026 527.000000 527.000000 1224.000000 386.000000 86.000000 28.000000 27.000000 0.000000 697.000000
297694 60.236887 60.236887 494.000000 494.000000 1182.000000 349.000000 86.000000 24.000000 35.000000 0.000000 688.000000
298694 61.022928 61.022928 470.000000 470.000000 1134.000000 308.000000 100.000000 28.000000 34.000000 0.000000 664.000000
299694 60.873606 60.873606 443.000000 443.000000 1076.000000 276.000000 109.000000 22.000000 36.000000 0.000000 633.000000
300694 62.183236 62.183236 419.000000 419.000000 1026.000000 233.000000 123.000000 31.000000 32.000000 0.000000 607.000000
301694 62.639594 62.639594 391.000000 391.000000 985.000000 198.000000 131.000000 23.000000 39.000000 0.000000 594.000000
302694 62.605042 62.605042 371.000000 371.000000 952.000000 178.000000 130.000000 15.000000 48.000000 0.000000 581.000000
303694 62.080173 62.080173 360.000000 360.000000 923.000000 165.000000 126.000000 10.000000 59.000000 0.000000 563.000000
304694 60.602679 60.602679 356.000000 356.000000 896.000000 162.000000 124.000000 3.000000 67.000000 0.000000 540.000000
305694 61.379310 61.379310 353.000000 353.000000 870.000000 147.000000 116.000000 17.000000 73.000000 0.000000 517.000000
306694 60.208817 60.208817 351.000000 351.000000 862.000000 161.000000 102.000000 8.000000 80.000000 0.000000 511.000000
307694 58.974359 58.974359 356.000000 356.000000 858.000000 177.000000 95.000000 4.000000 80.000000 0.000000 502.000000
308694 57.870370 57.870370 366.000000 366.000000 864.000000 206.000000 78.000000 2.000000 80.000000 0.000000 498.000000
309694 57.142857 57.142857 376.000000 376.000000 854.000000 218.000000 62.000000 10.000000 86.000000 0.000000 478.000000
310694 56.537102 56.537102 374.000000 374.000000 849.000000 226.000000 50.000000 5.000000 93.000000 0.000000 475.000000
311694 55.503513 55.503513 387.000000 387.000000 854.000000 254.000000 45.000000 7.000000 81.000000 0.000000 467.000000
312694 54.759107 54.759107 394.000000 394.000000 851.000000 269.000000 41.000000 9.000000 75.000000 0.000000 457.000000
313694 54.069767 54.069767 404.000000 404.000000 860.000000 293.000000 40.000000 9.000000 62.000000 0.000000 456.000000
314694 52.947977 52.947977 410.000000 410.000000 865.000000 318.000000 37.000000 3.000000 52.000000 0.000000 455.000000
315694 51.748252 51.748252 421.000000 421.000000 858.000000 342.000000 37.000000 7.000000 35.000000 0.000000 437.000000
316694 51.891253 51.891253 420.000000 420.000000 846.000000 338.000000 36.000000 13.000000 33.000000 0.000000 426.000000
317694 52.460984 52.460984 410.000000 410.000000 833.000000 330.000000 36.000000 14.000000 30.000000 0.000000 423.000000
318694 54.313487 54.313487 397.000000 397.000000 823.000000 311.000000 37.000000 21.000000 28.000000 0.000000 426.000000
319694 54.088050 54.088050 381.000000 381.000000 795.000000 295.000000 43.000000 16.000000 27.000000 0.000000 414.000000
320694 54.274611 54.274611 364.000000 364.000000 772.000000 278.000000 48.000000 11.000000 27.000000 0.000000 408.000000
321694 54.054054 54.054054 356.000000 356.000000 740.000000 263.000000 52.000000 16.000000 25.000000 0.000000 384.000000
322694 56.121045 56.121045 341.000000 341.000000 727.000000 239.000000 58.000000 22.000000 22.000000 0.000000 386.000000
323694 57.163121 57.163121 321.000000 321.000000 705.000000 211.000000 74.000000 19.000000 17.000000 0.000000 384.000000
324694 57.715134 57.715134 300.000000 300.000000 674.000000 185.000000 78.000000 15.000000 22.000000 0.000000 374.000000
325694 58.877086 58.877086 291.000000 291.000000 659.000000 161.000000 87.000000 20.000000 23.000000 0.000000 368.000000
249669 2.807018 2.807018 855.000000 855.000000 855.000000 398.000000 346.000000 24.000000 87.000000 0.000000 0.000000
250669 8.891455 8.891455 827.000000 827.000000 866.000000 352.000000 323.000000 38.000000 114.000000 0.000000 39.000000
251669 11.731207 11.731207 797.000000 797.000000 878.000000 339.000000 297.000000 22.000000 139.000000 0.000000 81.000000
252669 14.109742 14.109742 786.000000 786.000000 893.000000 340.000000 256.000000 19.000000 171.000000 0.000000 107.000000
253669 17.301415 17.301415 789.000000 789.000000 919.000000 342.000000 235.000000 29.000000 183.000000 0.000000 130.000000
254669 19.198312 19.198312 787.000000 787.000000 948.000000 370.000000 190.000000 21.000000 206.000000 0.000000 161.000000
255669 19.450102 19.450102 804.000000 804.000000 982.000000 422.000000 145.000000 13.000000 224.000000 0.000000 178.000000
256669 19.117647 19.117647 831.000000 831.000000 1020.000000 489.000000 93.000000 6.000000 243.000000 0.000000 189.000000
257669 19.266917 19.266917 868.000000 868.000000 1064.000000 564.000000 73.000000 9.000000 222.000000 0.000000 196.000000
258669 20.361991 20.361991 898.000000 898.000000 1105.000000 616.000000 73.000000 18.000000 191.000000 0.000000 207.000000
259669 20.593368 20.593368 920.000000 920.000000 1146.000000 678.000000 70.000000 10.000000 162.000000 0.000000 226.000000
260669 20.166667 20.166667 961.000000 961.000000 1200.000000 770.000000 68.000000 3.000000 120.000000 0.000000 239.000000
261669 21.052632 21.052632 1006.000000 1006.000000 1254.000000 849.000000 60.000000 16.000000 81.000000 0.000000 248.000000
262669 22.299922 22.299922 1020.000000 1020.000000 1287.000000 889.000000 53.000000 20.000000 58.000000 0.000000 267.000000
263669 24.188563 24.188563 1002.000000 1002.000000 1294.000000 865.000000 58.000000 21.000000 58.000000 0.000000 292.000000
264669 25.917431 25.917431 991.000000 991.000000 1308.000000 845.000000 77.000000 22.000000 47.000000 0.000000 317.000000
265669 29.112964 29.112964 969.000000 969.000000 1319.000000 805.000000 89.000000 34.000000 41.000000 0.000000 350.000000
266669 31.855748 31.855748 940.000000 940.000000 1331.000000 776.000000 91.000000 33.000000 40.000000 0.000000 391.000000
267669 35.740879 35.740879 908.000000 908.000000 1343.000000 724.000000 104.000000 45.000000 35.000000 0.000000 435.000000
268669 39.407407 39.407407 861.000000 861.000000 1350.000000 661.000000 122.000000 43.000000 35.000000 0.000000 489.000000
269669 43.099631 43.099631 814.000000 814.000000 1355.000000 589.000000 142.000000 43.000000 40.000000 0.000000 541.000000
270669 46.946284 46.946284 767.000000 767.000000 1359.000000 513.000000 168.000000 46.000000 40.000000 0.000000 592.000000
271669 51.313869 51.313869 714.000000 714.000000 1370.000000 430.000000 196.000000 47.000000 41.000000 0.000000 656.000000
272669 55.953251 55.953251 663.000000 663.000000 1369.000000 320.000000 221.000000 60.000000 62.000000 0.000000 706.000000
273669 58.052709 58.052709 605.000000 605.000000 1366.000000 264.000000 239.000000 32.000000 70.000000 0.000000 761.000000
274669 58.425313 58.425313 581.000000 581.000000 1359.000000 255.000000 233.000000 16.000000 77.000000 0.000000 778.000000
275669 58.558559 58.558559 568.000000 568.000000 1332.000000 241.000000 224.000000 16.000000 87.000000 0.000000 764.000000
276669 58.925870 58.925870 564.000000 564.000000 1322.000000 237.000000 208.000000 21.000000 98.000000 0.000000 758.000000
277669 57.882711 57.882711 559.000000 559.000000 1313.000000 261.000000 190.000000 6.000000 102.000000 0.000000 754.000000
278669 58.339680 58.339680 559.000000 559.000000 1313.000000 264.000000 165.000000 12.000000 118.000000 0.000000 754.000000
279669 58.384146 58.384146 559.000000 559.000000 1312.000000 271.000000 125.000000 13.000000 150.000000 0.000000 753.000000
280669 57.437071 57.437071 566.000000 566.000000 1311.000000 296.000000 92.000000 8.000000 170.000000 0.000000 745.000000
281669 56.287879 56.287879 588.000000 588.000000 1320.000000 340.000000 63.000000 11.000000 174.000000 0.000000 732.000000
282669 55.346386 55.346386 599.000000 599.000000 1328.000000 375.000000 51.000000 6.000000 167.000000 0.000000 729.000000
283669 54.484804 54.484804 625.000000 625.000000 1349.000000 423.000000 49.000000 11.000000 142.000000 0.000000 724.000000
284669 52.838428 52.838428 660.000000 660.000000 1374.000000 490.000000 54.000000 12.000000 104.000000 0.000000 714.000000
285669 51.082251 51.082251 684.000000 684.000000 1386.000000 547.000000 54.000000 6.000000 77.000000 0.000000 702.000000
286669 50.251618 50.251618 707.000000 707.000000 1391.000000 588.000000 47.000000 15.000000 57.000000 0.000000 684.000000
287669 49.783550 49.783550 708.000000 708.000000 1386.000000 601.000000 57.000000 12.000000 38.000000 0.000000 678.000000
288669 50.802920 50.802920 697.000000 697.000000 1370.000000 568.000000 68.000000 23.000000 38.000000 0.000000 673.000000
289669 51.409496 51.409496 674.000000 674.000000 1348.000000 545.000000 77.000000 19.000000 33.000000 0.000000 674.000000
290669 50.907716 50.907716 662.000000 662.000000 1322.000000 535.000000 83.000000 13.000000 31.000000 0.000000 660.000000
291669 50.508210 50.508210 655.000000 655.000000 1279.000000 521.000000 88.000000 22.000000 24.000000 0.000000 624.000000
292669 51.130856 51.130856 634.000000 634.000000 1238.000000 475.000000 100.000000 29.000000 30.000000 0.000000 604.000000
293669 51.211362 51.211362 606.000000 606.000000 1197.000000 430.000000 118.000000 22.000000 36.000000 0.000000 591.000000
294669 53.310404 53.310404 578.000000 578.000000 1163.000000 377.000000 123.000000 35.000000 43.000000 0.000000 585.000000
295669 55.575379 55.575379 540.000000 540.000000 1121.000000 312.000000 134.000000 42.000000 52.000000 0.000000 581.000000
296669 58.572753 58.572753 485.000000 485.000000 1079.000000 246.000000 146.000000 38.000000 55.000000 0.000000 594.000000
297669 59.423077 59.423077 446.000000 446.000000 1040.000000 204.000000 161.000000 24.000000 57.000000 0.000000 594.000000
298669 60.912698 60.912698 428.000000 428.000000 1008.000000 173.000000 159.000000 34.000000 62.000000 0.000000 580.000000
299669 59.879639 59.879639 415.000000 415.000000 997.000000 186.000000 156.000000 15.000000 58.000000 0.000000 582.000000
300669 59.754852 59.754852 404.000000 404.000000 979.000000 183.000000 140.000000 10.000000 71.000000 0.000000 575.000000
301669 59.417274 59.417274 401.000000 401.000000 961.000000 179.000000 125.000000 11.000000 86.000000 0.000000 560.000000
302669 58.725183 58.725183 403.000000 403.000000 957.000000 192.000000 112.000000 8.000000 91.000000 0.000000 554.000000
303669 57.700422 57.700422 406.000000 406.000000 948.000000 206.000000 95.000000 5.000000 100.000000 0.000000 542.000000
304669 57.037037 57.037037 412.000000 412.000000 945.000000 221.000000 72.000000 6.000000 113.000000 0.000000 533.000000
305669 55.729167 55.729167 429.000000 429.000000 960.000000 262.000000 50.000000 4.000000 113.000000 0.000000 531.000000
306669 55.165289 55.165289 445.000000 445.000000 968.000000 287.000000 44.000000 11.000000 103.000000 0.000000 523.000000
307669 53.924567 53.924567 458.000000 458.000000 981.000000 326.000000 36.000000 6.000000 90.000000 0.000000 523.000000
308669 53.977845 53.977845 468.000000 468.000000 993.000000 345.000000 31.000000 11.000000 81.000000 0.000000 525.000000
309669 54.100000 54.100000 478.000000 478.000000 1000.000000 360.000000 40.000000 19.000000 59.000000 0.000000 522.000000
310669 53.486056 53.486056 484.000000 484.000000 1004.000000 384.000000 41.000000 17.000000 42.000000 0.000000 520.000000
311669 53.187251 53.187251 477.000000 477.000000 1004.000000 391.000000 45.000000 7.000000 34.000000 0.000000 527.000000
312669 52.409639 52.409639 482.000000 482.000000 996.000000 398.000000 50.000000 8.000000 26.000000 0.000000 514.000000
313669 53.176230 53.176230 475.000000 475.000000 976.000000 389.000000 48.000000 18.000000 20.000000 0.000000 501.000000
314669 53.854167 53.854167 460.000000 460.000000 960.000000 364.000000 57.000000 17.000000 22.000000 0.000000 500.000000
315669 53.887114 53.887114 448.000000 448.000000 939.000000 349.000000 64.000000 15.000000 20.000000 0.000000 491.000000
316669 55.070883 55.070883 430.000000 430.000000 917.000000 316.000000 70.000000 18.000000 26.000000 0.000000 487.000000
317669 56.103024 56.103024 412.000000 412.000000 893.000000 281.000000 82.000000 20.000000 29.000000 0.000000 481.000000
318669 57.274827 57.274827 389.000000 389.000000 866.000000 251.000000 89.000000 19.000000 30.000000 0.000000 477.000000
319669 59.134615 59.134615 368.000000 368.000000 832.000000 214.000000 89.000000 28.000000 37.000000 0.000000 464.000000
320669 59.226933 59.226933 344.000000 344.000000 802.000000 189.000000 104.000000 17.000000 34.000000 0.000000 458.000000
321669 60.416667 60.416667 328.000000 328.000000 768.000000 153.000000 114.000000 24.000000 37.000000 0.000000 440.000000
248523 1.778243 1.778243 956.000000 956.000000 956.000000 576.000000 231.000000 17.000000 132.000000 0.000000 0.000000
249523 4.480652 4.480652 956.000000 956.000000 982.000000 592.000000 215.000000 18.000000 131.000000 0.000000 26.000000
250523 7.455268 7.455268 959.000000 959.000000 1006.000000 592.000000 202.000000 28.000000 137.000000 0.000000 47.000000
251523 10.603113 10.603113 945.000000 945.000000 1028.000000 589.000000 189.000000 26.000000 141.000000 0.000000 83.000000
252523 12.757974 12.757974 956.000000 956.000000 1066.000000 626.000000 174.000000 26.000000 130.000000 0.000000 110.000000
253523 14.613971 14.613971 953.000000 953.000000 1088.000000 634.000000 152.000000 24.000000 143.000000 0.000000 135.000000
254523 16.143498 16.143498 955.000000 955.000000 1115.000000 652.000000 130.000000 20.000000 153.000000 0.000000 160.000000
255523 18.739054 18.739054 954.000000 954.000000 1142.000000 653.000000 109.000000 26.000000 166.000000 0.000000 188.000000
256523 21.917808 21.917808 948.000000 948.000000 1168.000000 649.000000 111.000000 36.000000 152.000000 0.000000 220.000000
257523 24.748322 24.748322 926.000000 926.000000 1192.000000 646.000000 106.000000 29.000000 145.000000 0.000000 266.000000
258523 25.628548 25.628548 932.000000 932.000000 1233.000000 682.000000 118.000000 15.000000 117.000000 0.000000 301.000000
259523 27.229676 27.229676 947.000000 947.000000 1267.000000 704.000000 123.000000 25.000000 95.000000 0.000000 320.000000
260523 28.933231 28.933231 951.000000 951.000000 1303.000000 725.000000 128.000000 25.000000 73.000000 0.000000 352.000000
261523 30.553450 30.553450 940.000000 940.000000 1319.000000 718.000000 133.000000 24.000000 65.000000 0.000000 379.000000
262523 32.610322 32.610322 926.000000 926.000000 1337.000000 699.000000 141.000000 25.000000 61.000000 0.000000 411.000000
263523 35.804299 35.804299 905.000000 905.000000 1349.000000 653.000000 144.000000 39.000000 69.000000 0.000000 444.000000
264523 37.151248 37.151248 879.000000 879.000000 1362.000000 638.000000 146.000000 23.000000 72.000000 0.000000 483.000000
265523 40.043605 40.043605 855.000000 855.000000 1376.000000 604.000000 145.000000 30.000000 76.000000 0.000000 521.000000
266523 41.919192 41.919192 829.000000 829.000000 1386.000000 572.000000 143.000000 24.000000 90.000000 0.000000 557.000000
267523 43.428571 43.428571 815.000000 815.000000 1400.000000 560.000000 143.000000 23.000000 89.000000 0.000000 585.000000
268523 46.018323 46.018323 808.000000 808.000000 1419.000000 536.000000 140.000000 42.000000 90.000000 0.000000 611.000000
269523 48.605300 48.605300 782.000000 782.000000 1434.000000 492.000000 156.000000 45.000000 89.000000 0.000000 652.000000
270523 51.206065 51.206065 743.000000 743.000000 1451.000000 444.000000 169.000000 35.000000 95.000000 0.000000 708.000000
271523 51.967436 51.967436 738.000000 738.000000 1474.000000 453.000000 169.000000 30.000000 86.000000 0.000000 736.000000
272523 52.917232 52.917232 717.000000 717.000000 1474.000000 433.000000 166.000000 23.000000 95.000000 0.000000 757.000000
273523 53.585927 53.585927 714.000000 714.000000 1478.000000 429.000000 163.000000 28.000000 94.000000 0.000000 764.000000
274523 53.360489 53.360489 704.000000 704.000000 1473.000000 437.000000 157.000000 17.000000 93.000000 0.000000 769.000000
275523 53.005464 53.005464 707.000000 707.000000 1464.000000 451.000000 140.000000 19.000000 97.000000 0.000000 757.000000
276523 52.439863 52.439863 702.000000 702.000000 1455.000000 457.000000 135.000000 10.000000 100.000000 0.000000 753.000000
277523 51.862069 51.862069 716.000000 716.000000 1450.000000 479.000000 115.000000 18.000000 104.000000 0.000000 734.000000
278523 51.810585 51.810585 708.000000 708.000000 1436.000000 482.000000 95.000000 16.000000 115.000000 0.000000 728.000000
279523 51.683029 51.683029 708.000000 708.000000 1426.000000 485.000000 89.000000 19.000000 115.000000 0.000000 718.000000
280523 51.906780 51.906780 706.000000 706.000000 1416.000000 489.000000 85.000000 25.000000 107.000000 0.000000 710.000000
281523 52.823445 52.823445 686.000000 686.000000 1399.000000 464.000000 88.000000 26.000000 108.000000 0.000000 713.000000
282523 52.903226 52.903226 686.000000 686.000000 1395.000000 477.000000 98.000000 29.000000 82.000000 0.000000 709.000000
283523 52.919971 52.919971 679.000000 679.000000 1387.000000 481.000000 99.000000 26.000000 73.000000 0.000000 708.000000
284523 53.149891 53.149891 666.000000 666.000000 1381.000000 482.000000 101.000000 19.000000 64.000000 0.000000 715.000000
285523 53.241078 53.241078 660.000000 660.000000 1373.000000 474.000000 108.000000 18.000000 60.000000 0.000000 713.000000
286523 53.224611 53.224611 651.000000 651.000000 1349.000000 463.000000 116.000000 20.000000 52.000000 0.000000 698.000000
287523 54.147813 54.147813 637.000000 637.000000 1326.000000 439.000000 111.000000 29.000000 58.000000 0.000000 689.000000
288523 55.214724 55.214724 615.000000 615.000000 1304.000000 409.000000 115.000000 31.000000 60.000000 0.000000 689.000000
289523 55.121188 55.121188 594.000000 594.000000 1279.000000 396.000000 116.000000 20.000000 62.000000 0.000000 685.000000
290523 55.581948 55.581948 584.000000 584.000000 1263.000000 391.000000 109.000000 23.000000 61.000000 0.000000 679.000000
291523 56.500409 56.500409 560.000000 560.000000 1223.000000 353.000000 109.000000 28.000000 70.000000 0.000000 663.000000
292523 56.680498 56.680498 545.000000 545.000000 1205.000000 349.000000 101.000000 23.000000 72.000000 0.000000 660.000000
293523 57.578323 57.578323 528.000000 528.000000 1181.000000 317.000000 110.000000 27.000000 74.000000 0.000000 653.000000
294523 58.119658 58.119658 515.000000 515.000000 1170.000000 299.000000 115.000000 25.000000 76.000000 0.000000 655.000000
295523 59.650655 59.650655 494.000000 494.000000 1145.000000 275.000000 109.000000 32.000000 78.000000 0.000000 651.000000
296523 58.620690 58.620690 481.000000 481.000000 1131.000000 282.000000 110.000000 13.000000 76.000000 0.000000 650.000000
297523 58.534406 58.534406 478.000000 478.000000 1119.000000 286.000000 107.000000 14.000000 71.000000 0.000000 641.000000
298523 58.497317 58.497317 475.000000 475.000000 1118.000000 296.000000 102.000000 11.000000 66.000000 0.000000 643.000000
299523 57.885141 57.885141 470.000000 470.000000 1097.000000 295.000000 98.000000 8.000000 69.000000 0.000000 627.000000
300523 58.287796 58.287796 475.000000 475.000000 1098.000000 300.000000 95.000000 17.000000 63.000000 0.000000 623.000000
301523 57.456542 57.456542 476.000000 476.000000 1093.000000 314.000000 81.000000 11.000000 70.000000 0.000000 617.000000
302523 57.076350 57.076350 473.000000 473.000000 1074.000000 311.000000 73.000000 12.000000 77.000000 0.000000 601.000000
303523 56.888472 56.888472 473.000000 473.000000 1067.000000 314.000000 70.000000 13.000000 76.000000 0.000000 594.000000
304523 56.695157 56.695157 470.000000 470.000000 1053.000000 312.000000 70.000000 14.000000 74.000000 0.000000 583.000000
305523 56.676273 56.676273 467.000000 467.000000 1041.000000 306.000000 70.000000 16.000000 75.000000 0.000000 574.000000
306523 56.201550 56.201550 470.000000 470.000000 1032.000000 325.000000 70.000000 18.000000 57.000000 0.000000 562.000000
307523 56.015779 56.015779 466.000000 466.000000 1014.000000 323.000000 71.000000 20.000000 52.000000 0.000000 548.000000
308523 55.732802 55.732802 459.000000 459.000000 1003.000000 323.000000 78.000000 15.000000 43.000000 0.000000 544.000000
309523 55.736041 55.736041 449.000000 449.000000 985.000000 318.000000 75.000000 13.000000 43.000000 0.000000 536.000000
310523 56.597938 56.597938 442.000000 442.000000 970.000000 301.000000 74.000000 21.000000 46.000000 0.000000 528.000000
311523 57.097792 57.097792 425.000000 425.000000 951.000000 283.000000 77.000000 17.000000 48.000000 0.000000 526.000000
312523 57.280514 57.280514 412.000000 412.000000 934.000000 278.000000 77.000000 13.000000 44.000000 0.000000 522.000000
313523 56.512141 56.512141 406.000000 406.000000 906.000000 276.000000 71.000000 12.000000 47.000000 0.000000 500.000000
314523 56.753689 56.753689 395.000000 395.000000 881.000000 260.000000 69.000000 14.000000 52.000000 0.000000 486.000000
315523 56.292906 56.292906 394.000000 394.000000 874.000000 268.000000 68.000000 12.000000 46.000000 0.000000 480.000000
316523 57.176471 57.176471 389.000000 389.000000 850.000000 249.000000 68.000000 25.000000 47.000000 0.000000 461.000000
317523 58.083832 58.083832 369.000000 369.000000 835.000000 229.000000 70.000000 19.000000 51.000000 0.000000 466.000000
318523 57.894737 57.894737 356.000000 356.000000 817.000000 222.000000 70.000000 12.000000 52.000000 0.000000 461.000000
319523 58.690176 58.690176 348.000000 348.000000 794.000000 209.000000 67.000000 20.000000 52.000000 0.000000 446.000000
320523 58.620690 58.620690 337.000000 337.000000 783.000000 207.000000 73.000000 13.000000 44.000000 0.000000 446.000000
252771 3.003337 3.003337 899.000000 899.000000 899.000000 468.000000 331.000000 27.000000 73.000000 0.000000 0.000000
253771 7.354555 7.354555 878.000000 878.000000 911.000000 441.000000 314.000000 34.000000 89.000000 0.000000 33.000000
254771 11.630435 11.630435 847.000000 847.000000 920.000000 402.000000 290.000000 34.000000 121.000000 0.000000 73.000000
255771 15.705128 15.705128 816.000000 816.000000 936.000000 370.000000 268.000000 27.000000 151.000000 0.000000 120.000000
256771 18.881857 18.881857 800.000000 800.000000 948.000000 336.000000 241.000000 31.000000 192.000000 0.000000 148.000000
257771 21.047228 21.047228 794.000000 794.000000 974.000000 341.000000 218.000000 25.000000 210.000000 0.000000 180.000000
258771 22.133599 22.133599 795.000000 795.000000 1003.000000 369.000000 182.000000 14.000000 230.000000 0.000000 208.000000
259771 23.157895 23.157895 814.000000 814.000000 1045.000000 423.000000 148.000000 11.000000 232.000000 0.000000 231.000000
260771 23.161765 23.161765 847.000000 847.000000 1088.000000 488.000000 137.000000 11.000000 211.000000 0.000000 241.000000
261771 22.822300 22.822300 895.000000 895.000000 1148.000000 593.000000 123.000000 9.000000 170.000000 0.000000 253.000000
262771 22.738800 22.738800 922.000000 922.000000 1183.000000 655.000000 110.000000 8.000000 149.000000 0.000000 261.000000
263771 22.465531 22.465531 964.000000 964.000000 1233.000000 743.000000 85.000000 8.000000 128.000000 0.000000 269.000000
264771 23.307087 23.307087 986.000000 986.000000 1270.000000 793.000000 74.000000 12.000000 107.000000 0.000000 284.000000
265771 24.114022 24.114022 998.000000 998.000000 1298.000000 826.000000 55.000000 13.000000 104.000000 0.000000 300.000000
266771 24.828637 24.828637 995.000000 995.000000 1313.000000 829.000000 59.000000 8.000000 99.000000 0.000000 318.000000
267771 26.145755 26.145755 1000.000000 1000.000000 1331.000000 835.000000 55.000000 17.000000 93.000000 0.000000 331.000000
268771 28.138848 28.138848 999.000000 999.000000 1354.000000 831.000000 63.000000 26.000000 79.000000 0.000000 355.000000
269771 31.345455 31.345455 980.000000 980.000000 1375.000000 806.000000 74.000000 36.000000 64.000000 0.000000 395.000000
270771 33.740129 33.740129 953.000000 953.000000 1393.000000 770.000000 103.000000 30.000000 50.000000 0.000000 440.000000
271771 37.084218 37.084218 932.000000 932.000000 1413.000000 735.000000 121.000000 43.000000 33.000000 0.000000 481.000000
272771 41.350211 41.350211 887.000000 887.000000 1422.000000 660.000000 145.000000 53.000000 29.000000 0.000000 535.000000
273771 45.734266 45.734266 824.000000 824.000000 1430.000000 580.000000 168.000000 48.000000 28.000000 0.000000 606.000000
274771 49.443672 49.443672 775.000000 775.000000 1438.000000 513.000000 181.000000 48.000000 33.000000 0.000000 663.000000
275771 52.671756 52.671756 724.000000 724.000000 1441.000000 446.000000 193.000000 42.000000 43.000000 0.000000 717.000000
276771 55.578947 55.578947 668.000000 668.000000 1425.000000 388.000000 188.000000 35.000000 57.000000 0.000000 757.000000
277771 56.453901 56.453901 637.000000 637.000000 1410.000000 360.000000 178.000000 23.000000 76.000000 0.000000 773.000000
278771 57.410072 57.410072 612.000000 612.000000 1390.000000 328.000000 168.000000 20.000000 96.000000 0.000000 778.000000
279771 58.892128 58.892128 594.000000 594.000000 1372.000000 297.000000 158.000000 30.000000 109.000000 0.000000 778.000000
280771 59.747024 59.747024 569.000000 569.000000 1344.000000 274.000000 150.000000 28.000000 117.000000 0.000000 775.000000
281771 60.298507 60.298507 556.000000 556.000000 1340.000000 276.000000 126.000000 24.000000 130.000000 0.000000 784.000000
282771 61.251863 61.251863 552.000000 552.000000 1342.000000 273.000000 123.000000 32.000000 124.000000 0.000000 790.000000
283771 60.594796 60.594796 546.000000 546.000000 1345.000000 290.000000 111.000000 16.000000 129.000000 0.000000 799.000000
284771 59.481481 59.481481 561.000000 561.000000 1350.000000 328.000000 103.000000 14.000000 116.000000 0.000000 789.000000
285771 58.345643 58.345643 572.000000 572.000000 1354.000000 366.000000 94.000000 8.000000 104.000000 0.000000 782.000000
286771 57.768053 57.768053 588.000000 588.000000 1371.000000 404.000000 85.000000 9.000000 90.000000 0.000000 783.000000
287771 56.976744 56.976744 601.000000 601.000000 1376.000000 436.000000 70.000000 9.000000 86.000000 0.000000 775.000000
288771 56.173285 56.173285 615.000000 615.000000 1385.000000 468.000000 62.000000 8.000000 77.000000 0.000000 770.000000
289771 55.691643 55.691643 622.000000 622.000000 1388.000000 494.000000 52.000000 7.000000 69.000000 0.000000 766.000000
290771 56.141618 56.141618 627.000000 627.000000 1384.000000 495.000000 46.000000 20.000000 66.000000 0.000000 757.000000
291771 56.218182 56.218182 617.000000 617.000000 1375.000000 485.000000 47.000000 15.000000 70.000000 0.000000 758.000000
292771 56.570156 56.570156 612.000000 612.000000 1347.000000 475.000000 51.000000 27.000000 59.000000 0.000000 735.000000
293771 57.088989 57.088989 595.000000 595.000000 1326.000000 459.000000 57.000000 26.000000 53.000000 0.000000 731.000000
294771 57.308585 57.308585 575.000000 575.000000 1293.000000 431.000000 73.000000 23.000000 48.000000 0.000000 718.000000
295771 57.965300 57.965300 556.000000 556.000000 1268.000000 399.000000 96.000000 23.000000 38.000000 0.000000 712.000000
296771 58.380567 58.380567 543.000000 543.000000 1235.000000 379.000000 110.000000 29.000000 25.000000 0.000000 692.000000
297771 59.563758 59.563758 509.000000 509.000000 1192.000000 338.000000 123.000000 27.000000 21.000000 0.000000 683.000000
298771 59.982563 59.982563 485.000000 485.000000 1147.000000 305.000000 127.000000 26.000000 27.000000 0.000000 662.000000
299771 59.981685 59.981685 463.000000 463.000000 1092.000000 273.000000 131.000000 26.000000 33.000000 0.000000 629.000000
300771 60.187793 60.187793 440.000000 440.000000 1065.000000 246.000000 132.000000 16.000000 46.000000 0.000000 625.000000
301771 61.598441 61.598441 418.000000 418.000000 1026.000000 207.000000 129.000000 24.000000 58.000000 0.000000 608.000000
302771 61.461461 61.461461 400.000000 400.000000 999.000000 192.000000 122.000000 15.000000 71.000000 0.000000 599.000000
303771 60.963115 60.963115 393.000000 393.000000 976.000000 189.000000 109.000000 12.000000 83.000000 0.000000 583.000000
304771 60.379347 60.379347 388.000000 388.000000 949.000000 183.000000 104.000000 12.000000 89.000000 0.000000 561.000000
305771 59.699893 59.699893 390.000000 390.000000 933.000000 194.000000 95.000000 14.000000 87.000000 0.000000 543.000000
306771 59.214831 59.214831 386.000000 386.000000 917.000000 195.000000 92.000000 12.000000 87.000000 0.000000 531.000000
307771 57.934783 57.934783 395.000000 395.000000 920.000000 218.000000 84.000000 8.000000 85.000000 0.000000 525.000000
308771 57.299671 57.299671 401.000000 401.000000 911.000000 233.000000 77.000000 12.000000 79.000000 0.000000 510.000000
309771 55.690608 55.690608 405.000000 405.000000 905.000000 258.000000 69.000000 4.000000 74.000000 0.000000 500.000000
310771 55.187638 55.187638 413.000000 413.000000 906.000000 277.000000 60.000000 7.000000 69.000000 0.000000 493.000000
311771 54.585635 54.585635 417.000000 417.000000 905.000000 289.000000 54.000000 6.000000 68.000000 0.000000 488.000000
312771 53.128430 53.128430 430.000000 430.000000 911.000000 323.000000 47.000000 3.000000 57.000000 0.000000 481.000000
313771 53.025303 53.025303 436.000000 436.000000 909.000000 336.000000 39.000000 9.000000 52.000000 0.000000 473.000000
314771 52.980132 52.980132 434.000000 434.000000 906.000000 339.000000 38.000000 8.000000 49.000000 0.000000 472.000000
315771 52.808989 52.808989 434.000000 434.000000 890.000000 335.000000 34.000000 14.000000 51.000000 0.000000 456.000000
316771 53.333333 53.333333 432.000000 432.000000 885.000000 331.000000 39.000000 19.000000 43.000000 0.000000 453.000000
317771 53.418308 53.418308 418.000000 418.000000 863.000000 322.000000 41.000000 16.000000 39.000000 0.000000 445.000000
318771 55.082742 55.082742 410.000000 410.000000 846.000000 292.000000 55.000000 30.000000 33.000000 0.000000 436.000000
319771 56.174334 56.174334 380.000000 380.000000 826.000000 270.000000 62.000000 18.000000 30.000000 0.000000 446.000000
320771 56.703567 56.703567 368.000000 368.000000 813.000000 265.000000 65.000000 16.000000 22.000000 0.000000 445.000000
321771 57.124682 57.124682 353.000000 353.000000 786.000000 244.000000 68.000000 16.000000 25.000000 0.000000 433.000000
322771 57.839262 57.839262 339.000000 339.000000 759.000000 221.000000 77.000000 19.000000 22.000000 0.000000 420.000000
323771 58.549932 58.549932 322.000000 322.000000 731.000000 203.000000 76.000000 19.000000 24.000000 0.000000 409.000000
324771 60.419580 60.419580 301.000000 301.000000 715.000000 180.000000 74.000000 18.000000 29.000000 0.000000 414.000000
253154 2.466368 2.466368 892.000000 892.000000 892.000000 450.000000 313.000000 22.000000 107.000000 0.000000 0.000000
254154 5.689278 5.689278 887.000000 887.000000 914.000000 451.000000 293.000000 25.000000 118.000000 0.000000 27.000000
255154 8.279570 8.279570 872.000000 872.000000 930.000000 445.000000 265.000000 19.000000 143.000000 0.000000 58.000000
256154 9.915612 9.915612 870.000000 870.000000 948.000000 449.000000 247.000000 16.000000 158.000000 0.000000 78.000000
257154 12.616339 12.616339 864.000000 864.000000 967.000000 446.000000 213.000000 19.000000 186.000000 0.000000 103.000000
258154 15.323383 15.323383 873.000000 873.000000 1005.000000 479.000000 181.000000 22.000000 191.000000 0.000000 132.000000
259154 16.811594 16.811594 878.000000 878.000000 1035.000000 505.000000 138.000000 17.000000 218.000000 0.000000 157.000000
260154 17.455896 17.455896 899.000000 899.000000 1077.000000 563.000000 110.000000 10.000000 216.000000 0.000000 178.000000
261154 18.935978 18.935978 916.000000 916.000000 1109.000000 594.000000 101.000000 17.000000 204.000000 0.000000 193.000000
262154 19.584055 19.584055 942.000000 942.000000 1154.000000 655.000000 102.000000 14.000000 171.000000 0.000000 212.000000
263154 20.182724 20.182724 975.000000 975.000000 1204.000000 732.000000 92.000000 14.000000 137.000000 0.000000 229.000000
264154 21.090617 21.090617 1002.000000 1002.000000 1247.000000 782.000000 94.000000 18.000000 108.000000 0.000000 245.000000
265154 22.428461 22.428461 1024.000000 1024.000000 1293.000000 838.000000 90.000000 21.000000 75.000000 0.000000 269.000000
266154 23.412395 23.412395 1016.000000 1016.000000 1307.000000 833.000000 95.000000 15.000000 73.000000 0.000000 291.000000
267154 25.433962 25.433962 1011.000000 1011.000000 1325.000000 827.000000 94.000000 23.000000 67.000000 0.000000 314.000000
268154 27.272727 27.272727 1000.000000 1000.000000 1342.000000 816.000000 100.000000 24.000000 60.000000 0.000000 342.000000
269154 30.303030 30.303030 982.000000 982.000000 1353.000000 775.000000 102.000000 39.000000 66.000000 0.000000 371.000000
270154 32.723280 32.723280 953.000000 953.000000 1366.000000 736.000000 121.000000 34.000000 62.000000 0.000000 413.000000
271154 36.284470 36.284470 918.000000 918.000000 1378.000000 685.000000 132.000000 40.000000 61.000000 0.000000 460.000000
272154 38.964774 38.964774 882.000000 882.000000 1391.000000 639.000000 149.000000 33.000000 61.000000 0.000000 509.000000
273154 43.202847 43.202847 844.000000 844.000000 1405.000000 583.000000 159.000000 46.000000 56.000000 0.000000 561.000000
274154 47.598870 47.598870 799.000000 799.000000 1416.000000 504.000000 179.000000 57.000000 59.000000 0.000000 617.000000
275154 50.630252 50.630252 757.000000 757.000000 1428.000000 452.000000 190.000000 52.000000 63.000000 0.000000 671.000000
276154 53.995830 53.995830 711.000000 711.000000 1439.000000 392.000000 199.000000 49.000000 71.000000 0.000000 728.000000
277154 54.697286 54.697286 668.000000 668.000000 1437.000000 370.000000 195.000000 17.000000 86.000000 0.000000 769.000000
278154 55.206150 55.206150 660.000000 660.000000 1431.000000 358.000000 189.000000 19.000000 94.000000 0.000000 771.000000
279154 55.532065 55.532065 651.000000 651.000000 1419.000000 341.000000 185.000000 20.000000 105.000000 0.000000 768.000000
280154 55.673759 55.673759 643.000000 643.000000 1410.000000 345.000000 164.000000 18.000000 116.000000 0.000000 767.000000
281154 54.985755 54.985755 648.000000 648.000000 1404.000000 365.000000 153.000000 16.000000 114.000000 0.000000 756.000000
282154 54.597292 54.597292 654.000000 654.000000 1403.000000 391.000000 126.000000 17.000000 120.000000 0.000000 749.000000
283154 54.925585 54.925585 658.000000 658.000000 1411.000000 406.000000 106.000000 22.000000 124.000000 0.000000 753.000000
284154 54.590747 54.590747 650.000000 650.000000 1405.000000 412.000000 90.000000 12.000000 136.000000 0.000000 755.000000
285154 53.568905 53.568905 669.000000 669.000000 1415.000000 451.000000 88.000000 12.000000 118.000000 0.000000 746.000000
286154 53.244006 53.244006 676.000000 676.000000 1418.000000 472.000000 77.000000 13.000000 114.000000 0.000000 742.000000
287154 53.473684 53.473684 679.000000 679.000000 1425.000000 482.000000 78.000000 16.000000 103.000000 0.000000 746.000000
288154 52.672293 52.672293 686.000000 686.000000 1422.000000 510.000000 78.000000 13.000000 85.000000 0.000000 736.000000
289154 52.244039 52.244039 692.000000 692.000000 1426.000000 532.000000 80.000000 11.000000 69.000000 0.000000 734.000000
290154 52.521008 52.521008 695.000000 695.000000 1428.000000 541.000000 81.000000 17.000000 56.000000 0.000000 733.000000
291154 53.267744 53.267744 686.000000 686.000000 1423.000000 531.000000 85.000000 21.000000 49.000000 0.000000 737.000000
292154 54.104211 54.104211 672.000000 672.000000 1401.000000 508.000000 86.000000 29.000000 49.000000 0.000000 729.000000
293154 54.803493 54.803493 649.000000 649.000000 1374.000000 480.000000 90.000000 28.000000 51.000000 0.000000 725.000000
294154 55.784819 55.784819 624.000000 624.000000 1357.000000 448.000000 102.000000 24.000000 50.000000 0.000000 733.000000
295154 56.548070 56.548070 597.000000 597.000000 1321.000000 413.000000 102.000000 23.000000 59.000000 0.000000 724.000000
296154 57.220921 57.220921 578.000000 578.000000 1281.000000 383.000000 107.000000 30.000000 58.000000 0.000000 703.000000
297154 58.326629 58.326629 556.000000 556.000000 1243.000000 357.000000 108.000000 38.000000 53.000000 0.000000 687.000000
298154 58.506224 58.506224 525.000000 525.000000 1205.000000 333.000000 119.000000 25.000000 48.000000 0.000000 680.000000
299154 59.914894 59.914894 499.000000 499.000000 1175.000000 294.000000 124.000000 28.000000 53.000000 0.000000 676.000000
300154 60.592851 60.592851 483.000000 483.000000 1147.000000 277.000000 121.000000 31.000000 54.000000 0.000000 664.000000
301154 61.096137 61.096137 458.000000 458.000000 1113.000000 247.000000 114.000000 25.000000 72.000000 0.000000 655.000000
302154 60.941828 60.941828 441.000000 441.000000 1083.000000 241.000000 105.000000 18.000000 77.000000 0.000000 642.000000
303154 61.473088 61.473088 422.000000 422.000000 1059.000000 226.000000 102.000000 14.000000 80.000000 0.000000 637.000000
304154 61.169703 61.169703 415.000000 415.000000 1043.000000 227.000000 96.000000 10.000000 82.000000 0.000000 628.000000
305154 60.538980 60.538980 421.000000 421.000000 1039.000000 244.000000 88.000000 11.000000 78.000000 0.000000 618.000000
306154 59.539789 59.539789 434.000000 434.000000 1043.000000 272.000000 81.000000 12.000000 69.000000 0.000000 609.000000
307154 59.381044 59.381044 437.000000 437.000000 1034.000000 281.000000 73.000000 17.000000 66.000000 0.000000 597.000000
308154 59.183673 59.183673 434.000000 434.000000 1029.000000 285.000000 61.000000 14.000000 74.000000 0.000000 595.000000
309154 59.295499 59.295499 420.000000 420.000000 1022.000000 281.000000 59.000000 4.000000 76.000000 0.000000 602.000000
310154 59.882006 59.882006 422.000000 422.000000 1017.000000 276.000000 58.000000 14.000000 74.000000 0.000000 595.000000
311154 59.019608 59.019608 428.000000 428.000000 1020.000000 301.000000 58.000000 10.000000 59.000000 0.000000 592.000000
312154 58.391261 58.391261 430.000000 430.000000 1007.000000 312.000000 53.000000 11.000000 54.000000 0.000000 577.000000
313154 58.383234 58.383234 431.000000 431.000000 1002.000000 322.000000 51.000000 14.000000 44.000000 0.000000 571.000000
314154 58.558559 58.558559 429.000000 429.000000 999.000000 329.000000 49.000000 15.000000 36.000000 0.000000 570.000000
315154 58.222676 58.222676 420.000000 420.000000 979.000000 324.000000 47.000000 11.000000 38.000000 0.000000 559.000000
316154 59.790576 59.790576 402.000000 402.000000 955.000000 296.000000 46.000000 18.000000 42.000000 0.000000 553.000000
317154 60.599572 60.599572 388.000000 388.000000 934.000000 273.000000 55.000000 20.000000 40.000000 0.000000 546.000000
318154 61.037528 61.037528 371.000000 371.000000 906.000000 249.000000 66.000000 18.000000 38.000000 0.000000 535.000000
319154 60.319270 60.319270 359.000000 359.000000 877.000000 241.000000 68.000000 11.000000 39.000000 0.000000 518.000000
320154 58.989424 58.989424 358.000000 358.000000 851.000000 251.000000 67.000000 9.000000 31.000000 0.000000 493.000000
321154 59.735577 59.735577 350.000000 350.000000 832.000000 238.000000 69.000000 15.000000 28.000000 0.000000 482.000000
322154 61.014851 61.014851 333.000000 333.000000 808.000000 212.000000 72.000000 18.000000 31.000000 0.000000 475.000000
323154 61.174968 61.174968 317.000000 317.000000 783.000000 206.000000 70.000000 13.000000 28.000000 0.000000 466.000000
324154 61.702128 61.702128 301.000000 301.000000 752.000000 184.000000 73.000000 13.000000 31.000000 0.000000 451.000000
325154 62.295082 62.295082 289.000000 289.000000 732.000000 168.000000 66.000000 13.000000 42.000000 0.000000 443.000000
254001 4.556075 4.556075 856.000000 856.000000 856.000000 385.000000 336.000000 39.000000 96.000000 0.000000 0.000000
255001 8.765859 8.765859 823.000000 823.000000 867.000000 351.000000 325.000000 32.000000 115.000000 0.000000 44.000000
256001 11.691260 11.691260 802.000000 802.000000 881.000000 340.000000 313.000000 24.000000 125.000000 0.000000 79.000000
257001 14.270033 14.270033 805.000000 805.000000 911.000000 362.000000 286.000000 24.000000 133.000000 0.000000 106.000000
258001 16.379310 16.379310 795.000000 795.000000 928.000000 360.000000 245.000000 19.000000 171.000000 0.000000 133.000000
259001 18.324607 18.324607 805.000000 805.000000 955.000000 383.000000 207.000000 25.000000 190.000000 0.000000 150.000000
260001 18.348624 18.348624 812.000000 812.000000 981.000000 421.000000 162.000000 11.000000 218.000000 0.000000 169.000000
261001 19.383698 19.383698 824.000000 824.000000 1006.000000 448.000000 110.000000 13.000000 253.000000 0.000000 182.000000
262001 19.904762 19.904762 856.000000 856.000000 1050.000000 515.000000 89.000000 15.000000 237.000000 0.000000 194.000000
263001 19.800182 19.800182 889.000000 889.000000 1101.000000 604.000000 78.000000 6.000000 201.000000 0.000000 212.000000
264001 20.595968 20.595968 918.000000 918.000000 1141.000000 658.000000 71.000000 12.000000 177.000000 0.000000 223.000000
265001 20.750000 20.750000 963.000000 963.000000 1200.000000 754.000000 62.000000 12.000000 135.000000 0.000000 237.000000
266001 20.590583 20.590583 1004.000000 1004.000000 1253.000000 842.000000 60.000000 9.000000 93.000000 0.000000 249.000000
267001 22.101167 22.101167 1017.000000 1017.000000 1285.000000 868.000000 63.000000 16.000000 70.000000 0.000000 268.000000
268001 23.750961 23.750961 1011.000000 1011.000000 1301.000000 861.000000 69.000000 19.000000 62.000000 0.000000 290.000000
269001 25.987842 25.987842 1000.000000 1000.000000 1316.000000 846.000000 74.000000 26.000000 54.000000 0.000000 316.000000
270001 28.539326 28.539326 982.000000 982.000000 1335.000000 832.000000 80.000000 28.000000 42.000000 0.000000 353.000000
271001 31.101190 31.101190 957.000000 957.000000 1344.000000 801.000000 88.000000 31.000000 37.000000 0.000000 387.000000
272001 34.169742 34.169742 938.000000 938.000000 1355.000000 765.000000 91.000000 46.000000 36.000000 0.000000 417.000000
273001 37.857667 37.857667 889.000000 889.000000 1363.000000 708.000000 100.000000 42.000000 39.000000 0.000000 474.000000
274001 42.523705 42.523705 842.000000 842.000000 1371.000000 625.000000 122.000000 54.000000 41.000000 0.000000 529.000000
275001 46.545455 46.545455 782.000000 782.000000 1375.000000 546.000000 140.000000 47.000000 49.000000 0.000000 593.000000
276001 51.193059 51.193059 737.000000 737.000000 1383.000000 458.000000 164.000000 62.000000 53.000000 0.000000 646.000000
277001 56.164384 56.164384 668.000000 668.000000 1387.000000 357.000000 194.000000 60.000000 57.000000 0.000000 719.000000
278001 58.236994 58.236994 615.000000 615.000000 1384.000000 306.000000 213.000000 37.000000 59.000000 0.000000 769.000000
279001 59.186638 59.186638 591.000000 591.000000 1377.000000 284.000000 216.000000 29.000000 62.000000 0.000000 786.000000
280001 58.710156 58.710156 577.000000 577.000000 1349.000000 278.000000 211.000000 20.000000 68.000000 0.000000 772.000000
281001 58.779762 58.779762 571.000000 571.000000 1344.000000 269.000000 217.000000 17.000000 68.000000 0.000000 773.000000
282001 59.186747 59.186747 557.000000 557.000000 1328.000000 255.000000 191.000000 15.000000 96.000000 0.000000 771.000000
283001 59.287339 59.287339 553.000000 553.000000 1319.000000 252.000000 166.000000 16.000000 119.000000 0.000000 766.000000
284001 59.038902 59.038902 552.000000 552.000000 1311.000000 262.000000 138.000000 15.000000 137.000000 0.000000 759.000000
285001 58.517953 58.517953 554.000000 554.000000 1309.000000 281.000000 106.000000 11.000000 156.000000 0.000000 755.000000
286001 57.894737 57.894737 557.000000 557.000000 1311.000000 303.000000 83.000000 5.000000 166.000000 0.000000 754.000000
287001 56.748695 56.748695 590.000000 590.000000 1341.000000 370.000000 65.000000 10.000000 145.000000 0.000000 751.000000
288001 56.194690 56.194690 609.000000 609.000000 1356.000000 406.000000 63.000000 15.000000 125.000000 0.000000 747.000000
289001 55.539359 55.539359 626.000000 626.000000 1372.000000 448.000000 54.000000 16.000000 108.000000 0.000000 746.000000
290001 54.820144 54.820144 641.000000 641.000000 1390.000000 488.000000 50.000000 13.000000 90.000000 0.000000 749.000000
291001 53.918045 53.918045 656.000000 656.000000 1391.000000 516.000000 54.000000 15.000000 71.000000 0.000000 735.000000
292001 53.807471 53.807471 660.000000 660.000000 1392.000000 531.000000 56.000000 17.000000 56.000000 0.000000 732.000000
293001 52.949745 52.949745 659.000000 659.000000 1373.000000 540.000000 63.000000 13.000000 43.000000 0.000000 714.000000
294001 52.685798 52.685798 657.000000 657.000000 1359.000000 538.000000 69.000000 14.000000 36.000000 0.000000 702.000000
295001 52.259036 52.259036 649.000000 649.000000 1328.000000 531.000000 74.000000 15.000000 29.000000 0.000000 679.000000
296001 51.963048 51.963048 638.000000 638.000000 1299.000000 519.000000 80.000000 14.000000 25.000000 0.000000 661.000000
297001 52.009646 52.009646 623.000000 623.000000 1244.000000 480.000000 89.000000 26.000000 28.000000 0.000000 621.000000
298001 54.058577 54.058577 587.000000 587.000000 1195.000000 417.000000 96.000000 38.000000 36.000000 0.000000 608.000000
299001 55.276817 55.276817 552.000000 552.000000 1156.000000 362.000000 109.000000 35.000000 46.000000 0.000000 604.000000
300001 57.130045 57.130045 514.000000 514.000000 1115.000000 307.000000 127.000000 36.000000 44.000000 0.000000 601.000000
301001 58.152686 58.152686 478.000000 478.000000 1061.000000 258.000000 138.000000 34.000000 48.000000 0.000000 583.000000
302001 59.805825 59.805825 441.000000 441.000000 1030.000000 216.000000 145.000000 27.000000 53.000000 0.000000 589.000000
303001 60.339660 60.339660 420.000000 420.000000 1001.000000 203.000000 142.000000 23.000000 52.000000 0.000000 581.000000
304001 60.268318 60.268318 405.000000 405.000000 969.000000 195.000000 139.000000 20.000000 51.000000 0.000000 564.000000
305001 60.168599 60.168599 392.000000 392.000000 949.000000 181.000000 130.000000 14.000000 67.000000 0.000000 557.000000
306001 60.695469 60.695469 388.000000 388.000000 949.000000 181.000000 118.000000 15.000000 74.000000 0.000000 561.000000
307001 60.341151 60.341151 377.000000 377.000000 938.000000 181.000000 105.000000 5.000000 86.000000 0.000000 561.000000
308001 59.680851 59.680851 386.000000 386.000000 940.000000 196.000000 90.000000 7.000000 93.000000 0.000000 554.000000
309001 58.576052 58.576052 390.000000 390.000000 927.000000 208.000000 71.000000 6.000000 105.000000 0.000000 537.000000
310001 57.234727 57.234727 403.000000 403.000000 933.000000 240.000000 62.000000 4.000000 97.000000 0.000000 530.000000
311001 56.730769 56.730769 414.000000 414.000000 936.000000 263.000000 55.000000 9.000000 87.000000 0.000000 522.000000
312001 55.364807 55.364807 423.000000 423.000000 932.000000 286.000000 48.000000 7.000000 82.000000 0.000000 509.000000
313001 54.497354 54.497354 439.000000 439.000000 945.000000 319.000000 43.000000 9.000000 68.000000 0.000000 506.000000
314001 53.878407 53.878407 453.000000 453.000000 954.000000 347.000000 42.000000 13.000000 51.000000 0.000000 501.000000
315001 54.574132 54.574132 445.000000 445.000000 951.000000 341.000000 44.000000 13.000000 47.000000 0.000000 506.000000
316001 54.439746 54.439746 438.000000 438.000000 946.000000 346.000000 39.000000 7.000000 46.000000 0.000000 508.000000
317001 54.883227 54.883227 439.000000 439.000000 942.000000 344.000000 42.000000 14.000000 39.000000 0.000000 503.000000
318001 55.032120 55.032120 432.000000 432.000000 934.000000 343.000000 46.000000 12.000000 31.000000 0.000000 502.000000
319001 55.965293 55.965293 422.000000 422.000000 922.000000 325.000000 51.000000 16.000000 30.000000 0.000000 500.000000
320001 55.432373 55.432373 414.000000 414.000000 902.000000 316.000000 59.000000 12.000000 27.000000 0.000000 488.000000
321001 56.214367 56.214367 404.000000 404.000000 877.000000 297.000000 60.000000 20.000000 27.000000 0.000000 473.000000
322001 57.411765 57.411765 388.000000 388.000000 850.000000 273.000000 64.000000 26.000000 25.000000 0.000000 462.000000
323001 57.720588 57.720588 363.000000 363.000000 816.000000 240.000000 79.000000 18.000000 26.000000 0.000000 453.000000
324001 58.322745 58.322745 342.000000 342.000000 787.000000 215.000000 84.000000 14.000000 29.000000 0.000000 445.000000
325001 59.491979 59.491979 322.000000 322.000000 748.000000 182.000000 87.000000 19.000000 34.000000 0.000000 426.000000
326001 59.336100 59.336100 307.000000 307.000000 723.000000 164.000000 97.000000 13.000000 33.000000 0.000000 416.000000
249888 3.040541 3.040541 888.000000 888.000000 888.000000 467.000000 328.000000 27.000000 66.000000 0.000000 0.000000
250888 6.815642 6.815642 853.000000 853.000000 895.000000 434.000000 311.000000 19.000000 89.000000 0.000000 42.000000
251888 11.615044 11.615044 833.000000 833.000000 904.000000 391.000000 297.000000 34.000000 111.000000 0.000000 71.000000
252888 15.754923 15.754923 805.000000 805.000000 914.000000 353.000000 285.000000 35.000000 132.000000 0.000000 109.000000
253888 19.396552 19.396552 784.000000 784.000000 928.000000 326.000000 257.000000 36.000000 165.000000 0.000000 144.000000
254888 21.689260 21.689260 775.000000 775.000000 959.000000 347.000000 222.000000 24.000000 182.000000 0.000000 184.000000
255888 22.998987 22.998987 775.000000 775.000000 987.000000 376.000000 174.000000 15.000000 210.000000 0.000000 212.000000
256888 23.431373 23.431373 794.000000 794.000000 1020.000000 422.000000 124.000000 13.000000 235.000000 0.000000 226.000000
257888 23.973257 23.973257 808.000000 808.000000 1047.000000 460.000000 102.000000 12.000000 234.000000 0.000000 239.000000
258888 24.383562 24.383562 841.000000 841.000000 1095.000000 532.000000 96.000000 13.000000 200.000000 0.000000 254.000000
259888 24.518389 24.518389 876.000000 876.000000 1142.000000 606.000000 90.000000 14.000000 166.000000 0.000000 266.000000
260888 24.331104 24.331104 914.000000 914.000000 1196.000000 694.000000 79.000000 9.000000 132.000000 0.000000 282.000000
261888 24.240000 24.240000 956.000000 956.000000 1250.000000 782.000000 67.000000 9.000000 98.000000 0.000000 294.000000
262888 24.256651 24.256651 975.000000 975.000000 1278.000000 822.000000 63.000000 7.000000 83.000000 0.000000 303.000000
263888 24.632068 24.632068 982.000000 982.000000 1291.000000 833.000000 61.000000 9.000000 79.000000 0.000000 309.000000
264888 26.508785 26.508785 989.000000 989.000000 1309.000000 828.000000 67.000000 27.000000 67.000000 0.000000 320.000000
265888 28.657617 28.657617 964.000000 964.000000 1326.000000 816.000000 74.000000 18.000000 56.000000 0.000000 362.000000
266888 30.832095 30.832095 957.000000 957.000000 1346.000000 802.000000 84.000000 26.000000 45.000000 0.000000 389.000000
267888 33.308824 33.308824 931.000000 931.000000 1360.000000 773.000000 94.000000 24.000000 40.000000 0.000000 429.000000
268888 36.177972 36.177972 911.000000 911.000000 1371.000000 731.000000 105.000000 36.000000 39.000000 0.000000 460.000000
269888 40.436364 40.436364 868.000000 868.000000 1375.000000 653.000000 122.000000 49.000000 44.000000 0.000000 507.000000
270888 45.039826 45.039826 814.000000 814.000000 1381.000000 564.000000 147.000000 55.000000 48.000000 0.000000 567.000000
271888 49.856322 49.856322 755.000000 755.000000 1392.000000 476.000000 180.000000 57.000000 42.000000 0.000000 637.000000
272888 53.046595 53.046595 694.000000 694.000000 1395.000000 398.000000 208.000000 39.000000 49.000000 0.000000 701.000000
273888 56.066045 56.066045 652.000000 652.000000 1393.000000 342.000000 214.000000 40.000000 56.000000 0.000000 741.000000
274888 56.309263 56.309263 623.000000 623.000000 1371.000000 323.000000 216.000000 24.000000 60.000000 0.000000 748.000000
275888 56.305638 56.305638 611.000000 611.000000 1348.000000 314.000000 202.000000 22.000000 73.000000 0.000000 737.000000
276888 57.537313 57.537313 595.000000 595.000000 1340.000000 288.000000 196.000000 26.000000 85.000000 0.000000 745.000000
277888 59.698113 59.698113 568.000000 568.000000 1325.000000 252.000000 180.000000 34.000000 102.000000 0.000000 757.000000
278888 59.451220 59.451220 551.000000 551.000000 1312.000000 255.000000 156.000000 19.000000 121.000000 0.000000 761.000000
279888 58.895706 58.895706 548.000000 548.000000 1304.000000 264.000000 135.000000 12.000000 137.000000 0.000000 756.000000
280888 57.813703 57.813703 557.000000 557.000000 1299.000000 291.000000 108.000000 9.000000 149.000000 0.000000 742.000000
281888 56.921887 56.921887 565.000000 565.000000 1293.000000 315.000000 81.000000 8.000000 161.000000 0.000000 728.000000
282888 56.039755 56.039755 586.000000 586.000000 1308.000000 358.000000 69.000000 11.000000 148.000000 0.000000 722.000000
283888 54.980989 54.980989 605.000000 605.000000 1315.000000 397.000000 70.000000 13.000000 125.000000 0.000000 710.000000
284888 54.879880 54.879880 616.000000 616.000000 1332.000000 425.000000 66.000000 15.000000 110.000000 0.000000 716.000000
285888 54.083885 54.083885 634.000000 634.000000 1359.000000 479.000000 60.000000 10.000000 85.000000 0.000000 725.000000
286888 53.013798 53.013798 656.000000 656.000000 1377.000000 525.000000 63.000000 9.000000 59.000000 0.000000 721.000000
287888 53.013798 53.013798 660.000000 660.000000 1377.000000 533.000000 63.000000 13.000000 51.000000 0.000000 717.000000
288888 52.569750 52.569750 662.000000 662.000000 1362.000000 535.000000 62.000000 16.000000 49.000000 0.000000 700.000000
289888 52.338530 52.338530 657.000000 657.000000 1347.000000 530.000000 71.000000 15.000000 41.000000 0.000000 690.000000
290888 52.879581 52.879581 647.000000 647.000000 1337.000000 517.000000 76.000000 17.000000 37.000000 0.000000 690.000000
291888 53.669725 53.669725 631.000000 631.000000 1308.000000 484.000000 80.000000 25.000000 42.000000 0.000000 677.000000
292888 53.591160 53.591160 609.000000 609.000000 1267.000000 461.000000 89.000000 21.000000 38.000000 0.000000 658.000000
293888 54.833469 54.833469 588.000000 588.000000 1231.000000 421.000000 100.000000 32.000000 35.000000 0.000000 643.000000
294888 55.611814 55.611814 557.000000 557.000000 1185.000000 382.000000 103.000000 31.000000 41.000000 0.000000 628.000000
295888 56.695652 56.695652 523.000000 523.000000 1150.000000 333.000000 119.000000 25.000000 46.000000 0.000000 627.000000
296888 58.574007 58.574007 499.000000 499.000000 1108.000000 286.000000 127.000000 40.000000 46.000000 0.000000 609.000000
297888 60.357815 60.357815 462.000000 462.000000 1062.000000 233.000000 134.000000 41.000000 54.000000 0.000000 600.000000
298888 61.202716 61.202716 427.000000 427.000000 1031.000000 202.000000 140.000000 27.000000 58.000000 0.000000 604.000000
299888 61.507937 61.507937 401.000000 401.000000 1008.000000 190.000000 138.000000 13.000000 60.000000 0.000000 607.000000
300888 61.491935 61.491935 399.000000 399.000000 992.000000 187.000000 135.000000 17.000000 60.000000 0.000000 593.000000
301888 60.662526 60.662526 390.000000 390.000000 966.000000 187.000000 121.000000 10.000000 72.000000 0.000000 576.000000
302888 59.352142 59.352142 396.000000 396.000000 957.000000 202.000000 106.000000 7.000000 81.000000 0.000000 561.000000
303888 58.253461 58.253461 397.000000 397.000000 939.000000 206.000000 94.000000 5.000000 92.000000 0.000000 542.000000
304888 58.466454 58.466454 404.000000 404.000000 939.000000 213.000000 83.000000 14.000000 94.000000 0.000000 535.000000
305888 57.127546 57.127546 406.000000 406.000000 933.000000 228.000000 77.000000 6.000000 95.000000 0.000000 527.000000
306888 56.243330 56.243330 417.000000 417.000000 937.000000 254.000000 68.000000 7.000000 88.000000 0.000000 520.000000
307888 55.414013 55.414013 428.000000 428.000000 942.000000 280.000000 54.000000 8.000000 86.000000 0.000000 514.000000
308888 54.237288 54.237288 437.000000 437.000000 944.000000 307.000000 54.000000 5.000000 71.000000 0.000000 507.000000
309888 53.951528 53.951528 448.000000 448.000000 949.000000 320.000000 50.000000 11.000000 67.000000 0.000000 501.000000
310888 53.213909 53.213909 451.000000 451.000000 949.000000 339.000000 48.000000 7.000000 57.000000 0.000000 498.000000
311888 53.028693 53.028693 455.000000 455.000000 941.000000 341.000000 50.000000 13.000000 51.000000 0.000000 486.000000
312888 53.121693 53.121693 459.000000 459.000000 945.000000 349.000000 54.000000 16.000000 40.000000 0.000000 486.000000
313888 54.077253 54.077253 445.000000 445.000000 932.000000 335.000000 52.000000 17.000000 41.000000 0.000000 487.000000
314888 52.792990 52.792990 438.000000 438.000000 913.000000 337.000000 58.000000 7.000000 36.000000 0.000000 475.000000
315888 52.678571 52.678571 437.000000 437.000000 896.000000 330.000000 65.000000 13.000000 29.000000 0.000000 459.000000
316888 53.916005 53.916005 423.000000 423.000000 881.000000 312.000000 65.000000 17.000000 29.000000 0.000000 458.000000
317888 54.025671 54.025671 411.000000 411.000000 857.000000 289.000000 75.000000 17.000000 30.000000 0.000000 446.000000
318888 54.610778 54.610778 397.000000 397.000000 835.000000 266.000000 85.000000 18.000000 28.000000 0.000000 438.000000
319888 55.845771 55.845771 378.000000 378.000000 804.000000 235.000000 86.000000 23.000000 34.000000 0.000000 426.000000
320888 56.426735 56.426735 352.000000 352.000000 778.000000 205.000000 91.000000 13.000000 43.000000 0.000000 426.000000
321888 57.350993 57.350993 345.000000 345.000000 755.000000 189.000000 90.000000 23.000000 43.000000 0.000000 410.000000
253331 3.222222 3.222222 900.000000 900.000000 900.000000 470.000000 300.000000 29.000000 101.000000 0.000000 0.000000
254331 6.956522 6.956522 881.000000 881.000000 920.000000 464.000000 288.000000 25.000000 104.000000 0.000000 39.000000
255331 9.381663 9.381663 871.000000 871.000000 938.000000 460.000000 277.000000 21.000000 113.000000 0.000000 67.000000
256331 13.409563 13.409563 863.000000 863.000000 962.000000 455.000000 244.000000 30.000000 134.000000 0.000000 99.000000
257331 15.061475 15.061475 848.000000 848.000000 976.000000 449.000000 217.000000 19.000000 163.000000 0.000000 128.000000
258331 16.949153 16.949153 851.000000 851.000000 1003.000000 474.000000 178.000000 18.000000 181.000000 0.000000 152.000000
259331 18.597858 18.597858 855.000000 855.000000 1027.000000 493.000000 133.000000 19.000000 210.000000 0.000000 172.000000
260331 20.928030 20.928030 858.000000 858.000000 1056.000000 517.000000 93.000000 23.000000 225.000000 0.000000 198.000000
261331 21.707539 21.707539 879.000000 879.000000 1101.000000 573.000000 90.000000 17.000000 199.000000 0.000000 222.000000
262331 23.239437 23.239437 891.000000 891.000000 1136.000000 608.000000 84.000000 19.000000 180.000000 0.000000 245.000000
263331 24.386113 24.386113 913.000000 913.000000 1181.000000 666.000000 79.000000 20.000000 148.000000 0.000000 268.000000
264331 25.263158 25.263158 943.000000 943.000000 1235.000000 745.000000 67.000000 20.000000 111.000000 0.000000 292.000000
265331 26.604069 26.604069 963.000000 963.000000 1278.000000 788.000000 74.000000 25.000000 76.000000 0.000000 315.000000
266331 27.692308 27.692308 955.000000 955.000000 1300.000000 798.000000 82.000000 15.000000 60.000000 0.000000 345.000000
267331 29.255319 29.255319 950.000000 950.000000 1316.000000 793.000000 88.000000 19.000000 50.000000 0.000000 366.000000
268331 31.024096 31.024096 932.000000 932.000000 1328.000000 776.000000 91.000000 16.000000 49.000000 0.000000 396.000000
269331 33.035714 33.035714 922.000000 922.000000 1344.000000 763.000000 91.000000 22.000000 46.000000 0.000000 422.000000
270331 35.228951 35.228951 904.000000 904.000000 1354.000000 736.000000 97.000000 27.000000 44.000000 0.000000 450.000000
271331 38.014706 38.014706 877.000000 877.000000 1360.000000 685.000000 109.000000 34.000000 49.000000 0.000000 483.000000
272331 41.727672 41.727672 841.000000 841.000000 1366.000000 622.000000 122.000000 45.000000 52.000000 0.000000 525.000000
273331 44.662309 44.662309 797.000000 797.000000 1377.000000 566.000000 142.000000 35.000000 54.000000 0.000000 580.000000
274331 48.594088 48.594088 760.000000 760.000000 1387.000000 504.000000 155.000000 47.000000 54.000000 0.000000 627.000000
275331 52.873563 52.873563 713.000000 713.000000 1392.000000 421.000000 173.000000 57.000000 62.000000 0.000000 679.000000
276331 56.428571 56.428571 657.000000 657.000000 1400.000000 358.000000 186.000000 47.000000 66.000000 0.000000 743.000000
277331 57.662153 57.662153 626.000000 626.000000 1403.000000 327.000000 202.000000 32.000000 65.000000 0.000000 777.000000
278331 58.129496 58.129496 600.000000 600.000000 1390.000000 306.000000 204.000000 18.000000 72.000000 0.000000 790.000000
279331 58.660844 58.660844 590.000000 590.000000 1374.000000 295.000000 188.000000 22.000000 85.000000 0.000000 784.000000
280331 58.163265 58.163265 594.000000 594.000000 1372.000000 299.000000 187.000000 20.000000 88.000000 0.000000 778.000000
281331 57.396450 57.396450 586.000000 586.000000 1352.000000 306.000000 165.000000 10.000000 105.000000 0.000000 766.000000
282331 57.036485 57.036485 584.000000 584.000000 1343.000000 320.000000 139.000000 7.000000 118.000000 0.000000 759.000000
283331 57.025411 57.025411 591.000000 591.000000 1338.000000 327.000000 118.000000 16.000000 130.000000 0.000000 747.000000
284331 56.287425 56.287425 598.000000 598.000000 1336.000000 355.000000 97.000000 14.000000 132.000000 0.000000 738.000000
285331 55.572289 55.572289 598.000000 598.000000 1328.000000 370.000000 81.000000 8.000000 139.000000 0.000000 730.000000
286331 54.558933 54.558933 624.000000 624.000000 1349.000000 419.000000 73.000000 11.000000 121.000000 0.000000 725.000000
287331 54.707191 54.707191 631.000000 631.000000 1349.000000 432.000000 65.000000 20.000000 114.000000 0.000000 718.000000
288331 54.076290 54.076290 635.000000 635.000000 1337.000000 450.000000 62.000000 21.000000 102.000000 0.000000 702.000000
289331 53.183521 53.183521 634.000000 634.000000 1335.000000 476.000000 64.000000 9.000000 85.000000 0.000000 701.000000
290331 52.066116 52.066116 651.000000 651.000000 1331.000000 505.000000 69.000000 13.000000 64.000000 0.000000 680.000000
291331 51.617758 51.617758 661.000000 661.000000 1329.000000 515.000000 79.000000 18.000000 49.000000 0.000000 668.000000
292331 51.896813 51.896813 649.000000 649.000000 1318.000000 511.000000 82.000000 15.000000 41.000000 0.000000 669.000000
293331 51.877395 51.877395 645.000000 645.000000 1305.000000 505.000000 90.000000 17.000000 33.000000 0.000000 660.000000
294331 52.996109 52.996109 630.000000 630.000000 1285.000000 474.000000 91.000000 26.000000 39.000000 0.000000 655.000000
295331 53.237410 53.237410 602.000000 602.000000 1251.000000 451.000000 94.000000 17.000000 40.000000 0.000000 649.000000
296331 54.200988 54.200988 585.000000 585.000000 1214.000000 417.000000 101.000000 29.000000 38.000000 0.000000 629.000000
297331 55.480034 55.480034 556.000000 556.000000 1177.000000 375.000000 99.000000 32.000000 50.000000 0.000000 621.000000
298331 56.678383 56.678383 524.000000 524.000000 1138.000000 332.000000 97.000000 31.000000 64.000000 0.000000 614.000000
299331 58.235824 58.235824 502.000000 502.000000 1111.000000 300.000000 108.000000 38.000000 56.000000 0.000000 609.000000
300331 58.263305 58.263305 470.000000 470.000000 1071.000000 274.000000 115.000000 23.000000 58.000000 0.000000 601.000000
301331 60.620757 60.620757 439.000000 439.000000 1031.000000 228.000000 113.000000 33.000000 65.000000 0.000000 592.000000
302331 60.515873 60.515873 420.000000 420.000000 1008.000000 224.000000 110.000000 22.000000 64.000000 0.000000 588.000000
303331 60.917248 60.917248 414.000000 414.000000 1003.000000 223.000000 107.000000 22.000000 62.000000 0.000000 589.000000
304331 60.896130 60.896130 395.000000 395.000000 982.000000 210.000000 107.000000 11.000000 67.000000 0.000000 587.000000
305331 60.534430 60.534430 397.000000 397.000000 973.000000 217.000000 101.000000 13.000000 66.000000 0.000000 576.000000
306331 60.268318 60.268318 391.000000 391.000000 969.000000 223.000000 89.000000 6.000000 73.000000 0.000000 578.000000
307331 59.394572 59.394572 396.000000 396.000000 958.000000 239.000000 77.000000 7.000000 73.000000 0.000000 562.000000
308331 59.105099 59.105099 403.000000 403.000000 961.000000 256.000000 64.000000 10.000000 73.000000 0.000000 558.000000
309331 58.307210 58.307210 404.000000 404.000000 957.000000 270.000000 56.000000 5.000000 73.000000 0.000000 553.000000
310331 57.784744 57.784744 412.000000 412.000000 957.000000 276.000000 55.000000 8.000000 73.000000 0.000000 545.000000
311331 57.817419 57.817419 417.000000 417.000000 953.000000 287.000000 45.000000 15.000000 70.000000 0.000000 536.000000
312331 57.728707 57.728707 414.000000 414.000000 951.000000 294.000000 43.000000 12.000000 65.000000 0.000000 537.000000
313331 57.972545 57.972545 414.000000 414.000000 947.000000 294.000000 49.000000 16.000000 55.000000 0.000000 533.000000
314331 58.280255 58.280255 409.000000 409.000000 942.000000 290.000000 54.000000 16.000000 49.000000 0.000000 533.000000
315331 58.181818 58.181818 402.000000 402.000000 935.000000 288.000000 61.000000 11.000000 42.000000 0.000000 533.000000
316331 57.050592 57.050592 407.000000 407.000000 929.000000 303.000000 66.000000 8.000000 30.000000 0.000000 522.000000
317331 57.111597 57.111597 409.000000 409.000000 914.000000 298.000000 72.000000 17.000000 22.000000 0.000000 505.000000
318331 57.995495 57.995495 390.000000 390.000000 888.000000 270.000000 74.000000 17.000000 29.000000 0.000000 498.000000
319331 56.995413 56.995413 381.000000 381.000000 872.000000 276.000000 73.000000 6.000000 26.000000 0.000000 491.000000
320331 58.726415 58.726415 373.000000 373.000000 848.000000 245.000000 76.000000 23.000000 29.000000 0.000000 475.000000
321331 58.221681 58.221681 354.000000 354.000000 821.000000 225.000000 76.000000 11.000000 42.000000 0.000000 467.000000
322331 57.614213 57.614213 346.000000 346.000000 788.000000 212.000000 76.000000 12.000000 46.000000 0.000000 442.000000
323331 57.424442 57.424442 339.000000 339.000000 761.000000 199.000000 79.000000 15.000000 46.000000 0.000000 422.000000
324331 57.397260 57.397260 330.000000 330.000000 730.000000 185.000000 79.000000 19.000000 47.000000 0.000000 400.000000
325331 57.686883 57.686883 314.000000 314.000000 709.000000 169.000000 81.000000 14.000000 50.000000 0.000000 395.000000
