255265 1.971522 1.971522 913.000000 913.000000 913.000000 498.000000 281.000000 18.000000 116.000000 0.000000 0.000000
256265 5.698925 5.698925 907.000000 907.000000 930.000000 481.000000 270.000000 30.000000 126.000000 0.000000 23.000000
257265 7.958115 7.958115 897.000000 897.000000 955.000000 499.000000 244.000000 18.000000 136.000000 0.000000 58.000000
258265 9.660843 9.660843 892.000000 892.000000 973.000000 505.000000 215.000000 13.000000 159.000000 0.000000 81.000000
259265 12.200000 12.200000 901.000000 901.000000 1000.000000 518.000000 193.000000 23.000000 167.000000 0.000000 99.000000
260265 14.354995 14.354995 902.000000 902.000000 1031.000000 539.000000 172.000000 19.000000 172.000000 0.000000 129.000000
261265 15.988647 15.988647 903.000000 903.000000 1057.000000 560.000000 136.000000 15.000000 192.000000 0.000000 154.000000
262265 17.539027 17.539027 915.000000 915.000000 1089.000000 588.000000 116.000000 17.000000 194.000000 0.000000 174.000000
263265 18.639576 18.639576 939.000000 939.000000 1132.000000 638.000000 102.000000 18.000000 181.000000 0.000000 193.000000
264265 20.204604 20.204604 955.000000 955.000000 1173.000000 688.000000 95.000000 19.000000 153.000000 0.000000 218.000000
265265 23.070539 23.070539 957.000000 957.000000 1205.000000 702.000000 93.000000 30.000000 132.000000 0.000000 248.000000
266265 25.441413 25.441413 957.000000 957.000000 1246.000000 737.000000 87.000000 28.000000 105.000000 0.000000 289.000000
267265 26.422447 26.422447 957.000000 957.000000 1283.000000 781.000000 84.000000 13.000000 79.000000 0.000000 326.000000
268265 28.342246 28.342246 958.000000 958.000000 1309.000000 794.000000 78.000000 20.000000 66.000000 0.000000 351.000000
269265 30.693816 30.693816 943.000000 943.000000 1326.000000 777.000000 81.000000 24.000000 61.000000 0.000000 383.000000
270265 33.457526 33.457526 927.000000 927.000000 1342.000000 748.000000 87.000000 34.000000 58.000000 0.000000 415.000000
271265 36.464497 36.464497 893.000000 893.000000 1352.000000 714.000000 82.000000 34.000000 63.000000 0.000000 459.000000
272265 39.293598 39.293598 854.000000 854.000000 1359.000000 676.000000 82.000000 29.000000 67.000000 0.000000 505.000000
273265 43.822674 43.822674 818.000000 818.000000 1376.000000 628.000000 89.000000 45.000000 56.000000 0.000000 558.000000
274265 47.148014 47.148014 770.000000 770.000000 1385.000000 583.000000 94.000000 38.000000 55.000000 0.000000 615.000000
275265 50.536865 50.536865 729.000000 729.000000 1397.000000 536.000000 107.000000 38.000000 48.000000 0.000000 668.000000
276265 53.116147 53.116147 700.000000 700.000000 1412.000000 509.000000 113.000000 38.000000 40.000000 0.000000 712.000000
277265 55.736544 55.736544 657.000000 657.000000 1412.000000 459.000000 116.000000 32.000000 50.000000 0.000000 755.000000
278265 59.203980 59.203980 614.000000 614.000000 1407.000000 398.000000 114.000000 40.000000 62.000000 0.000000 793.000000
279265 61.505682 61.505682 572.000000 572.000000 1408.000000 359.000000 116.000000 30.000000 67.000000 0.000000 836.000000
280265 63.617021 63.617021 540.000000 540.000000 1410.000000 327.000000 123.000000 27.000000 63.000000 0.000000 870.000000
281265 63.870968 63.870968 523.000000 523.000000 1395.000000 320.000000 118.000000 19.000000 66.000000 0.000000 872.000000
282265 64.388489 64.388489 514.000000 514.000000 1390.000000 317.000000 113.000000 19.000000 65.000000 0.000000 876.000000
283265 64.439655 64.439655 510.000000 510.000000 1392.000000 332.000000 108.000000 15.000000 55.000000 0.000000 882.000000
284265 65.116279 65.116279 498.000000 498.000000 1376.000000 322.000000 97.000000 18.000000 61.000000 0.000000 878.000000
285265 65.342163 65.342163 486.000000 486.000000 1359.000000 312.000000 87.000000 15.000000 72.000000 0.000000 873.000000
286265 66.198225 66.198225 478.000000 478.000000 1352.000000 296.000000 88.000000 21.000000 73.000000 0.000000 874.000000
287265 66.341829 66.341829 461.000000 461.000000 1334.000000 290.000000 82.000000 12.000000 77.000000 0.000000 873.000000
288265 66.237699 66.237699 456.000000 456.000000 1321.000000 298.000000 71.000000 10.000000 77.000000 0.000000 865.000000
289265 66.742944 66.742944 453.000000 453.000000 1311.000000 298.000000 62.000000 17.000000 76.000000 0.000000 858.000000
290265 66.100386 66.100386 449.000000 449.000000 1295.000000 311.000000 58.000000 10.000000 70.000000 0.000000 846.000000
291265 66.168371 66.168371 450.000000 450.000000 1271.000000 316.000000 53.000000 20.000000 61.000000 0.000000 821.000000
292265 65.901899 65.901899 448.000000 448.000000 1264.000000 329.000000 55.000000 17.000000 47.000000 0.000000 816.000000
293265 66.398066 66.398066 433.000000 433.000000 1241.000000 309.000000 55.000000 16.000000 53.000000 0.000000 808.000000
294265 65.806988 65.806988 428.000000 428.000000 1202.000000 310.000000 55.000000 17.000000 46.000000 0.000000 774.000000
295265 65.780446 65.780446 419.000000 419.000000 1166.000000 301.000000 54.000000 20.000000 44.000000 0.000000 747.000000
296265 66.015972 66.015972 402.000000 402.000000 1127.000000 287.000000 55.000000 19.000000 41.000000 0.000000 725.000000
297265 65.753425 65.753425 386.000000 386.000000 1095.000000 280.000000 61.000000 11.000000 34.000000 0.000000 709.000000
298265 64.299242 64.299242 382.000000 382.000000 1056.000000 279.000000 63.000000 5.000000 35.000000 0.000000 674.000000
299265 64.201183 64.201183 376.000000 376.000000 1014.000000 267.000000 60.000000 13.000000 36.000000 0.000000 638.000000
300265 64.292981 64.292981 372.000000 372.000000 983.000000 259.000000 61.000000 21.000000 31.000000 0.000000 611.000000
301265 65.047518 65.047518 344.000000 344.000000 947.000000 230.000000 67.000000 13.000000 34.000000 0.000000 603.000000
302265 65.720524 65.720524 332.000000 332.000000 916.000000 208.000000 68.000000 18.000000 38.000000 0.000000 584.000000
303265 66.251416 66.251416 313.000000 313.000000 883.000000 191.000000 67.000000 15.000000 40.000000 0.000000 570.000000
304265 65.566038 65.566038 305.000000 305.000000 848.000000 187.000000 69.000000 13.000000 36.000000 0.000000 543.000000
305265 65.408039 65.408039 294.000000 294.000000 821.000000 180.000000 66.000000 10.000000 38.000000 0.000000 527.000000
306265 65.835411 65.835411 291.000000 291.000000 802.000000 178.000000 56.000000 17.000000 40.000000 0.000000 511.000000
307265 66.579292 66.579292 270.000000 270.000000 763.000000 160.000000 53.000000 15.000000 42.000000 0.000000 493.000000
308265 66.174497 66.174497 262.000000 262.000000 745.000000 162.000000 48.000000 10.000000 42.000000 0.000000 483.000000
309265 65.975104 65.975104 253.000000 253.000000 723.000000 157.000000 42.000000 7.000000 47.000000 0.000000 470.000000
310265 65.352113 65.352113 255.000000 255.000000 710.000000 165.000000 34.000000 9.000000 47.000000 0.000000 455.000000
311265 64.714286 64.714286 255.000000 255.000000 700.000000 175.000000 32.000000 8.000000 40.000000 0.000000 445.000000
312265 64.774381 64.774381 248.000000 248.000000 687.000000 169.000000 32.000000 6.000000 41.000000 0.000000 439.000000
313265 63.501484 63.501484 251.000000 251.000000 674.000000 175.000000 34.000000 5.000000 37.000000 0.000000 423.000000
314265 63.595166 63.595166 253.000000 253.000000 662.000000 175.000000 35.000000 12.000000 31.000000 0.000000 409.000000
315265 62.442748 62.442748 250.000000 250.000000 655.000000 187.000000 34.000000 4.000000 25.000000 0.000000 405.000000
316265 61.993769 61.993769 249.000000 249.000000 642.000000 183.000000 38.000000 5.000000 23.000000 0.000000 393.000000
317265 61.935484 61.935484 244.000000 244.000000 620.000000 178.000000 35.000000 8.000000 23.000000 0.000000 376.000000
318265 61.019737 61.019737 241.000000 241.000000 608.000000 181.000000 36.000000 4.000000 20.000000 0.000000 367.000000
319265 61.774744 61.774744 232.000000 232.000000 586.000000 163.000000 38.000000 8.000000 23.000000 0.000000 354.000000
320265 61.996497 61.996497 227.000000 227.000000 571.000000 162.000000 34.000000 10.000000 21.000000 0.000000 344.000000
321265 63.620072 63.620072 217.000000 217.000000 558.000000 146.000000 35.000000 14.000000 22.000000 0.000000 341.000000
322265 63.636364 63.636364 204.000000 204.000000 550.000000 142.000000 36.000000 4.000000 22.000000 0.000000 346.000000
323265 64.352720 64.352720 203.000000 203.000000 533.000000 134.000000 30.000000 13.000000 26.000000 0.000000 330.000000
324265 63.547758 63.547758 191.000000 191.000000 513.000000 129.000000 35.000000 4.000000 23.000000 0.000000 322.000000
325265 64.413519 64.413519 187.000000 187.000000 503.000000 121.000000 30.000000 8.000000 28.000000 0.000000 316.000000
326265 65.243902 65.243902 181.000000 181.000000 492.000000 115.000000 34.000000 10.000000 22.000000 0.000000 311.000000
327265 65.894737 65.894737 172.000000 172.000000 475.000000 108.000000 34.000000 10.000000 20.000000 0.000000 303.000000
244573 2.786710 2.786710 933.000000 933.000000 933.000000 527.000000 263.000000 26.000000 117.000000 0.000000 0.000000
245573 5.690200 5.690200 914.000000 914.000000 949.000000 518.000000 242.000000 19.000000 135.000000 0.000000 35.000000
246573 7.954545 7.954545 908.000000 908.000000 968.000000 525.000000 207.000000 17.000000 159.000000 0.000000 60.000000
247573 10.282258 10.282258 911.000000 911.000000 992.000000 537.000000 190.000000 21.000000 163.000000 0.000000 81.000000
248573 12.328767 12.328767 912.000000 912.000000 1022.000000 567.000000 162.000000 16.000000 167.000000 0.000000 110.000000
249573 14.367269 14.367269 921.000000 921.000000 1051.000000 587.000000 139.000000 21.000000 174.000000 0.000000 130.000000
250573 16.958525 16.958525 930.000000 930.000000 1085.000000 610.000000 105.000000 29.000000 186.000000 0.000000 155.000000
251573 19.323241 19.323241 929.000000 929.000000 1123.000000 639.000000 89.000000 23.000000 178.000000 0.000000 194.000000
252573 21.840069 21.840069 938.000000 938.000000 1163.000000 675.000000 83.000000 29.000000 151.000000 0.000000 225.000000
253573 24.979044 24.979044 928.000000 928.000000 1193.000000 678.000000 83.000000 33.000000 134.000000 0.000000 265.000000
254573 25.874695 25.874695 930.000000 930.000000 1229.000000 720.000000 84.000000 19.000000 107.000000 0.000000 299.000000
255573 27.294304 27.294304 937.000000 937.000000 1264.000000 759.000000 82.000000 18.000000 78.000000 0.000000 327.000000
256573 28.803089 28.803089 943.000000 943.000000 1295.000000 779.000000 81.000000 21.000000 62.000000 0.000000 352.000000
257573 31.221374 31.221374 928.000000 928.000000 1310.000000 765.000000 77.000000 27.000000 59.000000 0.000000 382.000000
258573 32.955404 32.955404 909.000000 909.000000 1323.000000 754.000000 77.000000 22.000000 56.000000 0.000000 414.000000
259573 36.554307 36.554307 881.000000 881.000000 1335.000000 708.000000 82.000000 34.000000 57.000000 0.000000 454.000000
260573 39.524517 39.524517 850.000000 850.000000 1346.000000 673.000000 89.000000 36.000000 52.000000 0.000000 496.000000
261573 43.308824 43.308824 818.000000 818.000000 1360.000000 627.000000 91.000000 47.000000 53.000000 0.000000 542.000000
262573 46.243618 46.243618 769.000000 769.000000 1371.000000 580.000000 109.000000 32.000000 48.000000 0.000000 602.000000
263573 49.854651 49.854651 730.000000 730.000000 1376.000000 518.000000 121.000000 40.000000 51.000000 0.000000 646.000000
264573 53.064167 53.064167 689.000000 689.000000 1387.000000 473.000000 129.000000 38.000000 49.000000 0.000000 698.000000
265573 55.770609 55.770609 650.000000 650.000000 1395.000000 431.000000 136.000000 33.000000 50.000000 0.000000 745.000000
266573 58.108108 58.108108 618.000000 618.000000 1406.000000 395.000000 147.000000 29.000000 47.000000 0.000000 788.000000
267573 61.582324 61.582324 581.000000 581.000000 1403.000000 332.000000 147.000000 42.000000 60.000000 0.000000 822.000000
268573 63.015647 63.015647 540.000000 540.000000 1406.000000 306.000000 147.000000 20.000000 67.000000 0.000000 866.000000
269573 63.882941 63.882941 527.000000 527.000000 1401.000000 294.000000 142.000000 21.000000 70.000000 0.000000 874.000000
270573 64.347826 64.347826 512.000000 512.000000 1380.000000 282.000000 126.000000 20.000000 84.000000 0.000000 868.000000
271573 64.301390 64.301390 502.000000 502.000000 1367.000000 284.000000 112.000000 14.000000 92.000000 0.000000 865.000000
272573 64.338235 64.338235 500.000000 500.000000 1360.000000 289.000000 106.000000 15.000000 90.000000 0.000000 860.000000
273573 64.587973 64.587973 490.000000 490.000000 1347.000000 283.000000 95.000000 13.000000 99.000000 0.000000 857.000000
274573 63.629574 63.629574 499.000000 499.000000 1339.000000 306.000000 84.000000 12.000000 97.000000 0.000000 840.000000
275573 62.753950 62.753950 510.000000 510.000000 1329.000000 329.000000 85.000000 15.000000 81.000000 0.000000 819.000000
276573 62.281369 62.281369 504.000000 504.000000 1315.000000 337.000000 65.000000 8.000000 94.000000 0.000000 811.000000
277573 61.816782 61.816782 508.000000 508.000000 1299.000000 352.000000 62.000000 12.000000 82.000000 0.000000 791.000000
278573 61.007752 61.007752 513.000000 513.000000 1290.000000 371.000000 62.000000 10.000000 70.000000 0.000000 777.000000
279573 60.361068 60.361068 515.000000 515.000000 1274.000000 384.000000 61.000000 10.000000 60.000000 0.000000 759.000000
280573 60.239044 60.239044 515.000000 515.000000 1255.000000 386.000000 59.000000 16.000000 54.000000 0.000000 740.000000
281573 60.307195 60.307195 509.000000 509.000000 1237.000000 390.000000 58.000000 18.000000 43.000000 0.000000 728.000000
282573 60.147905 60.147905 502.000000 502.000000 1217.000000 391.000000 52.000000 17.000000 42.000000 0.000000 715.000000
283573 60.033870 60.033870 482.000000 482.000000 1181.000000 374.000000 54.000000 10.000000 44.000000 0.000000 699.000000
284573 60.121633 60.121633 477.000000 477.000000 1151.000000 364.000000 55.000000 18.000000 40.000000 0.000000 674.000000
285573 61.180680 61.180680 451.000000 451.000000 1118.000000 339.000000 55.000000 17.000000 40.000000 0.000000 667.000000
286573 62.084871 62.084871 434.000000 434.000000 1084.000000 312.000000 61.000000 23.000000 38.000000 0.000000 650.000000
287573 62.249762 62.249762 409.000000 409.000000 1049.000000 286.000000 73.000000 13.000000 37.000000 0.000000 640.000000
288573 62.438545 62.438545 399.000000 399.000000 1017.000000 268.000000 81.000000 17.000000 33.000000 0.000000 618.000000
289573 63.367347 63.367347 383.000000 383.000000 980.000000 243.000000 86.000000 24.000000 30.000000 0.000000 597.000000
290573 64.164905 64.164905 359.000000 359.000000 946.000000 224.000000 84.000000 20.000000 31.000000 0.000000 587.000000
291573 64.491150 64.491150 339.000000 339.000000 904.000000 199.000000 84.000000 18.000000 38.000000 0.000000 565.000000
292573 64.146621 64.146621 323.000000 323.000000 873.000000 189.000000 89.000000 10.000000 35.000000 0.000000 550.000000
293573 64.328181 64.328181 318.000000 318.000000 841.000000 175.000000 89.000000 18.000000 36.000000 0.000000 523.000000
294573 64.769976 64.769976 301.000000 301.000000 826.000000 165.000000 77.000000 10.000000 49.000000 0.000000 525.000000
295573 64.981504 64.981504 295.000000 295.000000 811.000000 163.000000 61.000000 11.000000 60.000000 0.000000 516.000000
296573 65.452261 65.452261 291.000000 291.000000 796.000000 161.000000 55.000000 16.000000 59.000000 0.000000 505.000000
297573 64.923469 64.923469 280.000000 280.000000 784.000000 165.000000 54.000000 5.000000 56.000000 0.000000 504.000000
298573 64.948454 64.948454 283.000000 283.000000 776.000000 168.000000 44.000000 11.000000 60.000000 0.000000 493.000000
299573 64.025974 64.025974 282.000000 282.000000 770.000000 180.000000 42.000000 5.000000 55.000000 0.000000 488.000000
300573 63.089005 63.089005 293.000000 293.000000 764.000000 199.000000 40.000000 11.000000 43.000000 0.000000 471.000000
301573 63.745020 63.745020 286.000000 286.000000 753.000000 195.000000 32.000000 13.000000 46.000000 0.000000 467.000000
302573 63.221477 63.221477 280.000000 280.000000 745.000000 197.000000 31.000000 6.000000 46.000000 0.000000 465.000000
303573 62.381597 62.381597 283.000000 283.000000 739.000000 213.000000 33.000000 5.000000 32.000000 0.000000 456.000000
304573 61.825726 61.825726 279.000000 279.000000 723.000000 212.000000 31.000000 3.000000 33.000000 0.000000 444.000000
305573 61.506276 61.506276 284.000000 284.000000 717.000000 214.000000 34.000000 8.000000 28.000000 0.000000 433.000000
306573 61.111111 61.111111 279.000000 279.000000 702.000000 212.000000 35.000000 6.000000 26.000000 0.000000 423.000000
307573 60.407569 60.407569 282.000000 282.000000 687.000000 217.000000 38.000000 10.000000 17.000000 0.000000 405.000000
308573 62.368816 62.368816 267.000000 267.000000 667.000000 193.000000 37.000000 16.000000 21.000000 0.000000 400.000000
309573 61.838006 61.838006 252.000000 252.000000 642.000000 189.000000 39.000000 7.000000 17.000000 0.000000 390.000000
310573 62.660256 62.660256 241.000000 241.000000 624.000000 178.000000 36.000000 8.000000 19.000000 0.000000 383.000000
311573 63.140496 63.140496 234.000000 234.000000 605.000000 164.000000 43.000000 11.000000 16.000000 0.000000 371.000000
312573 64.685908 64.685908 220.000000 220.000000 589.000000 149.000000 39.000000 12.000000 20.000000 0.000000 369.000000
313573 65.724382 65.724382 207.000000 207.000000 566.000000 133.000000 37.000000 13.000000 24.000000 0.000000 359.000000
314573 66.728281 66.728281 190.000000 190.000000 541.000000 110.000000 39.000000 10.000000 31.000000 0.000000 351.000000
315573 66.475096 66.475096 182.000000 182.000000 522.000000 105.000000 38.000000 7.000000 32.000000 0.000000 340.000000
316573 67.002012 67.002012 174.000000 174.000000 497.000000 95.000000 37.000000 10.000000 32.000000 0.000000 323.000000
252504 1.812367 1.812367 938.000000 938.000000 938.000000 534.000000 234.000000 17.000000 153.000000 0.000000 0.000000
253504 4.423868 4.423868 947.000000 947.000000 972.000000 563.000000 214.000000 18.000000 152.000000 0.000000 25.000000
254504 7.214429 7.214429 943.000000 943.000000 998.000000 572.000000 200.000000 17.000000 154.000000 0.000000 55.000000
255504 10.371820 10.371820 943.000000 943.000000 1022.000000 575.000000 182.000000 27.000000 159.000000 0.000000 79.000000
256504 13.597734 13.597734 942.000000 942.000000 1059.000000 600.000000 164.000000 27.000000 151.000000 0.000000 117.000000
257504 16.988062 16.988062 930.000000 930.000000 1089.000000 602.000000 145.000000 26.000000 157.000000 0.000000 159.000000
258504 18.594306 18.594306 931.000000 931.000000 1124.000000 637.000000 118.000000 16.000000 160.000000 0.000000 193.000000
259504 19.756310 19.756310 936.000000 936.000000 1149.000000 659.000000 100.000000 14.000000 163.000000 0.000000 213.000000
260504 21.610169 21.610169 943.000000 943.000000 1180.000000 685.000000 95.000000 18.000000 145.000000 0.000000 237.000000
261504 24.277457 24.277457 942.000000 942.000000 1211.000000 699.000000 90.000000 25.000000 128.000000 0.000000 269.000000
262504 25.967742 25.967742 940.000000 940.000000 1240.000000 715.000000 94.000000 22.000000 109.000000 0.000000 300.000000
263504 27.421875 27.421875 954.000000 954.000000 1280.000000 750.000000 100.000000 25.000000 79.000000 0.000000 326.000000
264504 29.524540 29.524540 943.000000 943.000000 1304.000000 752.000000 99.000000 24.000000 68.000000 0.000000 361.000000
265504 32.272727 32.272727 925.000000 925.000000 1320.000000 735.000000 89.000000 31.000000 70.000000 0.000000 395.000000
266504 34.977578 34.977578 900.000000 900.000000 1338.000000 712.000000 95.000000 30.000000 63.000000 0.000000 438.000000
267504 38.501484 38.501484 870.000000 870.000000 1348.000000 668.000000 97.000000 41.000000 64.000000 0.000000 478.000000
268504 41.942605 41.942605 823.000000 823.000000 1359.000000 617.000000 110.000000 34.000000 62.000000 0.000000 536.000000
269504 44.817518 44.817518 793.000000 793.000000 1370.000000 583.000000 106.000000 37.000000 67.000000 0.000000 577.000000
270504 47.368421 47.368421 759.000000 759.000000 1387.000000 561.000000 104.000000 29.000000 65.000000 0.000000 628.000000
271504 49.785408 49.785408 731.000000 731.000000 1398.000000 528.000000 111.000000 29.000000 63.000000 0.000000 667.000000
272504 52.309879 52.309879 699.000000 699.000000 1407.000000 494.000000 117.000000 28.000000 60.000000 0.000000 708.000000
273504 54.884048 54.884048 677.000000 677.000000 1423.000000 455.000000 133.000000 35.000000 54.000000 0.000000 746.000000
274504 56.973501 56.973501 645.000000 645.000000 1434.000000 422.000000 141.000000 28.000000 54.000000 0.000000 789.000000
275504 57.692308 57.692308 622.000000 622.000000 1430.000000 407.000000 139.000000 17.000000 59.000000 0.000000 808.000000
276504 59.071730 59.071730 607.000000 607.000000 1422.000000 379.000000 130.000000 25.000000 73.000000 0.000000 815.000000
277504 60.949681 60.949681 583.000000 583.000000 1411.000000 341.000000 132.000000 32.000000 78.000000 0.000000 828.000000
278504 61.122957 61.122957 560.000000 560.000000 1407.000000 344.000000 123.000000 13.000000 80.000000 0.000000 847.000000
279504 60.816619 60.816619 559.000000 559.000000 1396.000000 353.000000 121.000000 12.000000 73.000000 0.000000 837.000000
280504 61.220044 61.220044 554.000000 554.000000 1377.000000 347.000000 108.000000 20.000000 79.000000 0.000000 823.000000
281504 61.335290 61.335290 548.000000 548.000000 1363.000000 351.000000 93.000000 21.000000 83.000000 0.000000 815.000000
282504 61.974945 61.974945 531.000000 531.000000 1357.000000 348.000000 86.000000 15.000000 82.000000 0.000000 826.000000
283504 62.012012 62.012012 526.000000 526.000000 1332.000000 340.000000 82.000000 20.000000 84.000000 0.000000 806.000000
284504 62.537994 62.537994 511.000000 511.000000 1316.000000 328.000000 78.000000 18.000000 87.000000 0.000000 805.000000
285504 63.109756 63.109756 503.000000 503.000000 1312.000000 326.000000 73.000000 19.000000 85.000000 0.000000 809.000000
286504 62.911877 62.911877 497.000000 497.000000 1305.000000 337.000000 68.000000 13.000000 79.000000 0.000000 808.000000
287504 62.178988 62.178988 500.000000 500.000000 1285.000000 351.000000 70.000000 14.000000 65.000000 0.000000 785.000000
288504 61.685215 61.685215 496.000000 496.000000 1258.000000 358.000000 65.000000 14.000000 59.000000 0.000000 762.000000
289504 61.084142 61.084142 491.000000 491.000000 1236.000000 367.000000 67.000000 10.000000 47.000000 0.000000 745.000000
290504 61.873459 61.873459 487.000000 487.000000 1217.000000 359.000000 60.000000 23.000000 45.000000 0.000000 730.000000
291504 62.374582 62.374582 468.000000 468.000000 1196.000000 346.000000 56.000000 18.000000 48.000000 0.000000 728.000000
292504 62.273902 62.273902 452.000000 452.000000 1161.000000 334.000000 61.000000 14.000000 43.000000 0.000000 709.000000
293504 63.692580 63.692580 436.000000 436.000000 1132.000000 306.000000 55.000000 25.000000 50.000000 0.000000 696.000000
294504 63.768116 63.768116 417.000000 417.000000 1104.000000 296.000000 58.000000 17.000000 46.000000 0.000000 687.000000
295504 63.004695 63.004695 406.000000 406.000000 1065.000000 288.000000 60.000000 12.000000 46.000000 0.000000 659.000000
296504 63.285024 63.285024 397.000000 397.000000 1035.000000 273.000000 64.000000 17.000000 43.000000 0.000000 638.000000
297504 63.980100 63.980100 382.000000 382.000000 1005.000000 261.000000 64.000000 20.000000 37.000000 0.000000 623.000000
298504 64.197531 64.197531 363.000000 363.000000 972.000000 237.000000 75.000000 15.000000 36.000000 0.000000 609.000000
299504 63.953488 63.953488 350.000000 350.000000 946.000000 231.000000 68.000000 9.000000 42.000000 0.000000 596.000000
300504 64.439655 64.439655 345.000000 345.000000 928.000000 218.000000 78.000000 15.000000 34.000000 0.000000 583.000000
301504 64.705882 64.705882 334.000000 334.000000 901.000000 203.000000 77.000000 16.000000 38.000000 0.000000 567.000000
302504 64.759725 64.759725 320.000000 320.000000 874.000000 191.000000 78.000000 12.000000 39.000000 0.000000 554.000000
303504 65.541327 65.541327 312.000000 312.000000 859.000000 179.000000 72.000000 16.000000 45.000000 0.000000 547.000000
304504 64.523810 64.523810 304.000000 304.000000 840.000000 189.000000 72.000000 6.000000 37.000000 0.000000 536.000000
305504 64.957265 64.957265 296.000000 296.000000 819.000000 178.000000 65.000000 9.000000 44.000000 0.000000 523.000000
306504 63.875000 63.875000 294.000000 294.000000 800.000000 183.000000 57.000000 5.000000 49.000000 0.000000 506.000000
307504 63.906856 63.906856 292.000000 292.000000 773.000000 175.000000 54.000000 13.000000 50.000000 0.000000 481.000000
308504 63.421053 63.421053 292.000000 292.000000 760.000000 186.000000 46.000000 14.000000 46.000000 0.000000 468.000000
309504 63.489933 63.489933 280.000000 280.000000 745.000000 180.000000 43.000000 8.000000 49.000000 0.000000 465.000000
310504 64.502762 64.502762 273.000000 273.000000 724.000000 168.000000 39.000000 16.000000 50.000000 0.000000 451.000000
311504 64.681440 64.681440 267.000000 267.000000 722.000000 178.000000 29.000000 12.000000 48.000000 0.000000 455.000000
312504 64.245810 64.245810 261.000000 261.000000 716.000000 186.000000 30.000000 5.000000 40.000000 0.000000 455.000000
313504 64.305949 64.305949 259.000000 259.000000 706.000000 190.000000 29.000000 7.000000 33.000000 0.000000 447.000000
314504 63.609898 63.609898 255.000000 255.000000 687.000000 187.000000 30.000000 5.000000 33.000000 0.000000 432.000000
315504 63.228700 63.228700 255.000000 255.000000 669.000000 186.000000 30.000000 9.000000 30.000000 0.000000 414.000000
316504 62.500000 62.500000 251.000000 251.000000 656.000000 194.000000 27.000000 5.000000 25.000000 0.000000 405.000000
317504 62.106918 62.106918 251.000000 251.000000 636.000000 191.000000 31.000000 10.000000 19.000000 0.000000 385.000000
318504 62.135922 62.135922 242.000000 242.000000 618.000000 184.000000 29.000000 8.000000 21.000000 0.000000 376.000000
319504 62.666667 62.666667 236.000000 236.000000 600.000000 176.000000 32.000000 12.000000 16.000000 0.000000 364.000000
320504 62.714777 62.714777 228.000000 228.000000 582.000000 166.000000 35.000000 11.000000 16.000000 0.000000 354.000000
321504 63.035714 63.035714 213.000000 213.000000 560.000000 155.000000 34.000000 6.000000 18.000000 0.000000 347.000000
322504 63.254113 63.254113 206.000000 206.000000 547.000000 146.000000 33.000000 5.000000 22.000000 0.000000 341.000000
323504 63.428571 63.428571 198.000000 198.000000 525.000000 130.000000 40.000000 6.000000 22.000000 0.000000 327.000000
324504 63.636364 63.636364 194.000000 194.000000 506.000000 113.000000 50.000000 10.000000 21.000000 0.000000 312.000000
256817 1.711230 1.711230 935.000000 935.000000 935.000000 525.000000 260.000000 16.000000 134.000000 0.000000 0.000000
257817 3.750000 3.750000 936.000000 936.000000 960.000000 546.000000 243.000000 12.000000 135.000000 0.000000 24.000000
258817 6.490872 6.490872 939.000000 939.000000 986.000000 562.000000 215.000000 17.000000 145.000000 0.000000 47.000000
259817 8.785785 8.785785 944.000000 944.000000 1013.000000 579.000000 183.000000 20.000000 162.000000 0.000000 69.000000
260817 10.896818 10.896818 941.000000 941.000000 1037.000000 592.000000 156.000000 17.000000 176.000000 0.000000 96.000000
261817 13.320826 13.320826 945.000000 945.000000 1066.000000 614.000000 118.000000 21.000000 192.000000 0.000000 121.000000
262817 15.482696 15.482696 945.000000 945.000000 1098.000000 634.000000 107.000000 17.000000 187.000000 0.000000 153.000000
263817 18.077601 18.077601 952.000000 952.000000 1134.000000 657.000000 90.000000 23.000000 182.000000 0.000000 182.000000
264817 19.778346 19.778346 967.000000 967.000000 1173.000000 698.000000 89.000000 26.000000 154.000000 0.000000 206.000000
265817 22.057613 22.057613 972.000000 972.000000 1215.000000 732.000000 88.000000 25.000000 127.000000 0.000000 243.000000
266817 23.767886 23.767886 986.000000 986.000000 1258.000000 780.000000 90.000000 27.000000 89.000000 0.000000 272.000000
267817 26.151444 26.151444 975.000000 975.000000 1281.000000 773.000000 91.000000 29.000000 82.000000 0.000000 306.000000
268817 28.985507 28.985507 968.000000 968.000000 1311.000000 772.000000 99.000000 37.000000 60.000000 0.000000 343.000000
269817 31.297134 31.297134 941.000000 941.000000 1326.000000 755.000000 100.000000 30.000000 56.000000 0.000000 385.000000
270817 33.731343 33.731343 917.000000 917.000000 1340.000000 731.000000 105.000000 29.000000 52.000000 0.000000 423.000000
271817 36.572700 36.572700 883.000000 883.000000 1348.000000 690.000000 104.000000 28.000000 61.000000 0.000000 465.000000
272817 38.648053 38.648053 862.000000 862.000000 1361.000000 667.000000 110.000000 27.000000 58.000000 0.000000 499.000000
273817 42.335766 42.335766 833.000000 833.000000 1370.000000 616.000000 117.000000 43.000000 57.000000 0.000000 537.000000
274817 45.072464 45.072464 790.000000 790.000000 1380.000000 583.000000 116.000000 32.000000 59.000000 0.000000 590.000000
275817 49.066092 49.066092 756.000000 756.000000 1392.000000 520.000000 120.000000 47.000000 69.000000 0.000000 636.000000
276817 52.698864 52.698864 706.000000 706.000000 1408.000000 482.000000 115.000000 40.000000 69.000000 0.000000 702.000000
277817 56.285311 56.285311 666.000000 666.000000 1416.000000 431.000000 118.000000 47.000000 70.000000 0.000000 750.000000
278817 59.381588 59.381588 615.000000 615.000000 1423.000000 383.000000 119.000000 37.000000 76.000000 0.000000 808.000000
279817 60.811756 60.811756 590.000000 590.000000 1429.000000 357.000000 129.000000 30.000000 74.000000 0.000000 839.000000
280817 61.977716 61.977716 572.000000 572.000000 1436.000000 355.000000 124.000000 26.000000 67.000000 0.000000 864.000000
281817 62.629758 62.629758 559.000000 559.000000 1445.000000 358.000000 119.000000 19.000000 63.000000 0.000000 886.000000
282817 61.731844 61.731844 555.000000 555.000000 1432.000000 373.000000 113.000000 7.000000 62.000000 0.000000 877.000000
283817 62.008427 62.008427 555.000000 555.000000 1424.000000 369.000000 102.000000 14.000000 70.000000 0.000000 869.000000
284817 62.579731 62.579731 544.000000 544.000000 1411.000000 351.000000 98.000000 16.000000 79.000000 0.000000 867.000000
285817 62.705798 62.705798 535.000000 535.000000 1397.000000 355.000000 91.000000 14.000000 75.000000 0.000000 862.000000
286817 62.617498 62.617498 532.000000 532.000000 1383.000000 358.000000 83.000000 15.000000 76.000000 0.000000 851.000000
287817 63.096112 63.096112 521.000000 521.000000 1363.000000 344.000000 73.000000 18.000000 86.000000 0.000000 842.000000
288817 63.360474 63.360474 518.000000 518.000000 1351.000000 347.000000 71.000000 23.000000 77.000000 0.000000 833.000000
289817 63.526752 63.526752 503.000000 503.000000 1327.000000 342.000000 72.000000 19.000000 70.000000 0.000000 824.000000
290817 63.629403 63.629403 491.000000 491.000000 1306.000000 336.000000 69.000000 16.000000 70.000000 0.000000 815.000000
291817 64.384615 64.384615 483.000000 483.000000 1300.000000 334.000000 66.000000 20.000000 63.000000 0.000000 817.000000
292817 64.599686 64.599686 472.000000 472.000000 1274.000000 330.000000 65.000000 21.000000 56.000000 0.000000 802.000000
293817 64.860558 64.860558 459.000000 459.000000 1255.000000 319.000000 75.000000 18.000000 47.000000 0.000000 796.000000
294817 64.413681 64.413681 449.000000 449.000000 1228.000000 316.000000 75.000000 12.000000 46.000000 0.000000 779.000000
295817 64.524207 64.524207 445.000000 445.000000 1198.000000 312.000000 62.000000 20.000000 51.000000 0.000000 753.000000
296817 64.310051 64.310051 431.000000 431.000000 1174.000000 311.000000 63.000000 12.000000 45.000000 0.000000 743.000000
297817 63.764292 63.764292 426.000000 426.000000 1137.000000 300.000000 69.000000 14.000000 43.000000 0.000000 711.000000
298817 64.036697 64.036697 415.000000 415.000000 1090.000000 278.000000 72.000000 23.000000 42.000000 0.000000 675.000000
299817 64.427625 64.427625 393.000000 393.000000 1057.000000 268.000000 64.000000 17.000000 44.000000 0.000000 664.000000
300817 64.768340 64.768340 384.000000 384.000000 1036.000000 267.000000 59.000000 19.000000 39.000000 0.000000 652.000000
301817 63.991976 63.991976 369.000000 369.000000 997.000000 258.000000 63.000000 10.000000 38.000000 0.000000 628.000000
302817 64.345114 64.345114 358.000000 358.000000 962.000000 237.000000 62.000000 15.000000 44.000000 0.000000 604.000000
303817 64.425163 64.425163 346.000000 346.000000 922.000000 215.000000 63.000000 18.000000 50.000000 0.000000 576.000000
304817 64.454443 64.454443 332.000000 332.000000 889.000000 207.000000 65.000000 16.000000 44.000000 0.000000 557.000000
305817 64.087760 64.087760 327.000000 327.000000 866.000000 211.000000 62.000000 16.000000 38.000000 0.000000 539.000000
306817 64.580874 64.580874 310.000000 310.000000 847.000000 196.000000 62.000000 10.000000 42.000000 0.000000 537.000000
307817 64.705882 64.705882 306.000000 306.000000 833.000000 201.000000 57.000000 12.000000 36.000000 0.000000 527.000000
308817 64.901478 64.901478 295.000000 295.000000 812.000000 190.000000 54.000000 10.000000 41.000000 0.000000 517.000000
309817 65.283019 65.283019 287.000000 287.000000 795.000000 184.000000 53.000000 11.000000 39.000000 0.000000 508.000000
310817 64.797914 64.797914 281.000000 281.000000 767.000000 180.000000 48.000000 11.000000 42.000000 0.000000 486.000000
311817 65.359477 65.359477 277.000000 277.000000 765.000000 184.000000 41.000000 12.000000 40.000000 0.000000 488.000000
312817 64.627660 64.627660 272.000000 272.000000 752.000000 187.000000 44.000000 6.000000 35.000000 0.000000 480.000000
313817 64.769648 64.769648 266.000000 266.000000 738.000000 179.000000 34.000000 6.000000 47.000000 0.000000 472.000000
314817 63.407821 63.407821 266.000000 266.000000 716.000000 187.000000 36.000000 4.000000 39.000000 0.000000 450.000000
315817 63.766049 63.766049 262.000000 262.000000 701.000000 177.000000 42.000000 8.000000 35.000000 0.000000 439.000000
316817 64.109986 64.109986 259.000000 259.000000 691.000000 176.000000 41.000000 11.000000 31.000000 0.000000 432.000000
317817 64.306785 64.306785 254.000000 254.000000 678.000000 169.000000 45.000000 12.000000 28.000000 0.000000 424.000000
318817 62.852897 62.852897 254.000000 254.000000 673.000000 188.000000 42.000000 4.000000 20.000000 0.000000 419.000000
319817 63.076923 63.076923 251.000000 251.000000 650.000000 174.000000 46.000000 11.000000 20.000000 0.000000 399.000000
320817 63.364780 63.364780 238.000000 238.000000 636.000000 166.000000 43.000000 5.000000 24.000000 0.000000 398.000000
321817 63.709677 63.709677 231.000000 231.000000 620.000000 157.000000 39.000000 6.000000 29.000000 0.000000 389.000000
322817 63.210702 63.210702 230.000000 230.000000 598.000000 153.000000 38.000000 10.000000 29.000000 0.000000 368.000000
323817 64.444444 64.444444 219.000000 219.000000 585.000000 142.000000 36.000000 11.000000 30.000000 0.000000 366.000000
324817 64.946619 64.946619 209.000000 209.000000 562.000000 129.000000 40.000000 12.000000 28.000000 0.000000 353.000000
325817 64.522059 64.522059 199.000000 199.000000 544.000000 124.000000 41.000000 6.000000 28.000000 0.000000 345.000000
326817 64.030132 64.030132 197.000000 197.000000 531.000000 128.000000 34.000000 6.000000 29.000000 0.000000 334.000000
327817 63.076923 63.076923 200.000000 200.000000 520.000000 136.000000 37.000000 8.000000 19.000000 0.000000 320.000000
328817 65.612648 65.612648 188.000000 188.000000 506.000000 116.000000 34.000000 14.000000 24.000000 0.000000 318.000000
254218 2.726281 2.726281 917.000000 917.000000 917.000000 500.000000 257.000000 25.000000 135.000000 0.000000 0.000000
255218 6.002144 6.002144 904.000000 904.000000 933.000000 495.000000 225.000000 27.000000 157.000000 0.000000 29.000000
256218 9.937238 9.937238 889.000000 889.000000 956.000000 489.000000 208.000000 28.000000 164.000000 0.000000 67.000000
257218 11.890244 11.890244 884.000000 884.000000 984.000000 517.000000 181.000000 17.000000 169.000000 0.000000 100.000000
258218 14.173998 14.173998 901.000000 901.000000 1023.000000 561.000000 154.000000 23.000000 163.000000 0.000000 122.000000
259218 16.714150 16.714150 899.000000 899.000000 1053.000000 577.000000 133.000000 22.000000 167.000000 0.000000 154.000000
260218 19.485294 19.485294 907.000000 907.000000 1088.000000 598.000000 116.000000 31.000000 162.000000 0.000000 181.000000
261218 21.047957 21.047957 909.000000 909.000000 1126.000000 642.000000 82.000000 20.000000 165.000000 0.000000 217.000000
262218 23.958333 23.958333 904.000000 904.000000 1152.000000 646.000000 75.000000 28.000000 155.000000 0.000000 248.000000
263218 25.443787 25.443787 903.000000 903.000000 1183.000000 673.000000 76.000000 21.000000 133.000000 0.000000 280.000000
264218 26.787182 26.787182 910.000000 910.000000 1217.000000 708.000000 74.000000 19.000000 109.000000 0.000000 307.000000
265218 28.594378 28.594378 907.000000 907.000000 1245.000000 728.000000 72.000000 18.000000 89.000000 0.000000 338.000000
266218 29.563183 29.563183 921.000000 921.000000 1282.000000 771.000000 69.000000 18.000000 63.000000 0.000000 361.000000
267218 31.821676 31.821676 912.000000 912.000000 1301.000000 767.000000 66.000000 25.000000 54.000000 0.000000 389.000000
268218 35.437262 35.437262 883.000000 883.000000 1315.000000 729.000000 73.000000 34.000000 47.000000 0.000000 432.000000
269218 39.183056 39.183056 838.000000 838.000000 1322.000000 679.000000 78.000000 34.000000 47.000000 0.000000 484.000000
270218 42.889222 42.889222 805.000000 805.000000 1336.000000 640.000000 79.000000 42.000000 44.000000 0.000000 531.000000
271218 46.314222 46.314222 755.000000 755.000000 1343.000000 592.000000 78.000000 34.000000 51.000000 0.000000 588.000000
272218 50.110701 50.110701 718.000000 718.000000 1355.000000 547.000000 81.000000 42.000000 48.000000 0.000000 637.000000
273218 53.014706 53.014706 666.000000 666.000000 1360.000000 498.000000 93.000000 27.000000 48.000000 0.000000 694.000000
274218 55.985401 55.985401 632.000000 632.000000 1370.000000 461.000000 95.000000 29.000000 47.000000 0.000000 738.000000
275218 59.404503 59.404503 596.000000 596.000000 1377.000000 409.000000 106.000000 37.000000 44.000000 0.000000 781.000000
276218 61.287988 61.287988 561.000000 561.000000 1382.000000 374.000000 114.000000 26.000000 47.000000 0.000000 821.000000
277218 64.786696 64.786696 532.000000 532.000000 1383.000000 319.000000 123.000000 45.000000 45.000000 0.000000 851.000000
278218 66.281588 66.281588 485.000000 485.000000 1385.000000 298.000000 121.000000 18.000000 48.000000 0.000000 900.000000
279218 67.520117 67.520117 467.000000 467.000000 1367.000000 267.000000 120.000000 23.000000 57.000000 0.000000 900.000000
280218 67.655786 67.655786 452.000000 452.000000 1348.000000 265.000000 109.000000 16.000000 62.000000 0.000000 896.000000
281218 67.964072 67.964072 439.000000 439.000000 1336.000000 262.000000 104.000000 11.000000 62.000000 0.000000 897.000000
282218 68.212928 68.212928 428.000000 428.000000 1315.000000 250.000000 101.000000 10.000000 67.000000 0.000000 887.000000
283218 68.745189 68.745189 416.000000 416.000000 1299.000000 242.000000 87.000000 10.000000 77.000000 0.000000 883.000000
284218 68.691589 68.691589 417.000000 417.000000 1284.000000 247.000000 72.000000 15.000000 83.000000 0.000000 867.000000
285218 68.167457 68.167457 411.000000 411.000000 1266.000000 256.000000 68.000000 8.000000 79.000000 0.000000 855.000000
286218 67.710843 67.710843 415.000000 415.000000 1245.000000 264.000000 59.000000 13.000000 79.000000 0.000000 830.000000
287218 67.880259 67.880259 412.000000 412.000000 1236.000000 267.000000 57.000000 15.000000 73.000000 0.000000 824.000000
288218 66.966476 66.966476 417.000000 417.000000 1223.000000 289.000000 57.000000 13.000000 58.000000 0.000000 806.000000
289218 66.390041 66.390041 417.000000 417.000000 1205.000000 297.000000 54.000000 12.000000 54.000000 0.000000 788.000000
290218 66.299746 66.299746 412.000000 412.000000 1181.000000 292.000000 59.000000 14.000000 47.000000 0.000000 769.000000
291218 65.451389 65.451389 411.000000 411.000000 1152.000000 303.000000 54.000000 13.000000 41.000000 0.000000 741.000000
292218 64.758497 64.758497 405.000000 405.000000 1118.000000 302.000000 52.000000 11.000000 40.000000 0.000000 713.000000
293218 64.673413 64.673413 397.000000 397.000000 1087.000000 291.000000 53.000000 13.000000 40.000000 0.000000 690.000000
294218 64.272212 64.272212 391.000000 391.000000 1058.000000 291.000000 50.000000 13.000000 37.000000 0.000000 667.000000
295218 64.031621 64.031621 381.000000 381.000000 1012.000000 274.000000 50.000000 17.000000 40.000000 0.000000 631.000000
296218 63.336766 63.336766 368.000000 368.000000 971.000000 268.000000 50.000000 12.000000 38.000000 0.000000 603.000000
297218 62.903226 62.903226 357.000000 357.000000 930.000000 256.000000 50.000000 12.000000 39.000000 0.000000 573.000000
298218 63.240223 63.240223 344.000000 344.000000 895.000000 237.000000 53.000000 15.000000 39.000000 0.000000 551.000000
299218 64.383562 64.383562 334.000000 334.000000 876.000000 219.000000 60.000000 22.000000 33.000000 0.000000 542.000000
300218 65.361803 65.361803 311.000000 311.000000 843.000000 200.000000 59.000000 19.000000 33.000000 0.000000 532.000000
301218 65.323565 65.323565 299.000000 299.000000 819.000000 196.000000 54.000000 15.000000 34.000000 0.000000 520.000000
302218 65.605096 65.605096 285.000000 285.000000 785.000000 184.000000 53.000000 15.000000 33.000000 0.000000 500.000000
303218 65.153538 65.153538 271.000000 271.000000 749.000000 175.000000 54.000000 10.000000 32.000000 0.000000 478.000000
304218 66.212534 66.212534 264.000000 264.000000 734.000000 164.000000 52.000000 16.000000 32.000000 0.000000 470.000000
305218 66.011236 66.011236 252.000000 252.000000 712.000000 158.000000 51.000000 10.000000 33.000000 0.000000 460.000000
306218 64.756447 64.756447 249.000000 249.000000 698.000000 165.000000 49.000000 3.000000 32.000000 0.000000 449.000000
307218 63.609467 63.609467 250.000000 250.000000 676.000000 165.000000 47.000000 4.000000 34.000000 0.000000 426.000000
308218 63.636364 63.636364 249.000000 249.000000 660.000000 159.000000 41.000000 9.000000 40.000000 0.000000 411.000000
309218 63.026521 63.026521 242.000000 242.000000 641.000000 154.000000 45.000000 5.000000 38.000000 0.000000 399.000000
310218 64.511041 64.511041 239.000000 239.000000 634.000000 144.000000 47.000000 14.000000 34.000000 0.000000 395.000000
311218 64.734300 64.734300 226.000000 226.000000 621.000000 147.000000 42.000000 7.000000 30.000000 0.000000 395.000000
312218 64.085667 64.085667 227.000000 227.000000 607.000000 148.000000 42.000000 9.000000 28.000000 0.000000 380.000000
313218 64.201681 64.201681 221.000000 221.000000 595.000000 146.000000 39.000000 8.000000 28.000000 0.000000 374.000000
314218 63.745704 63.745704 217.000000 217.000000 582.000000 145.000000 39.000000 6.000000 27.000000 0.000000 365.000000
315218 63.859649 63.859649 213.000000 213.000000 570.000000 140.000000 35.000000 7.000000 31.000000 0.000000 357.000000
316218 64.107143 64.107143 208.000000 208.000000 560.000000 138.000000 35.000000 7.000000 28.000000 0.000000 352.000000
317218 65.036232 65.036232 203.000000 203.000000 552.000000 133.000000 31.000000 10.000000 29.000000 0.000000 349.000000
318218 65.137615 65.137615 198.000000 198.000000 545.000000 137.000000 28.000000 8.000000 25.000000 0.000000 347.000000
319218 65.028355 65.028355 192.000000 192.000000 529.000000 134.000000 23.000000 7.000000 28.000000 0.000000 337.000000
320218 64.571429 64.571429 189.000000 189.000000 525.000000 137.000000 23.000000 3.000000 26.000000 0.000000 336.000000
321218 63.867188 63.867188 187.000000 187.000000 512.000000 133.000000 27.000000 2.000000 25.000000 0.000000 325.000000
322218 64.811133 64.811133 190.000000 190.000000 503.000000 128.000000 25.000000 13.000000 24.000000 0.000000 313.000000
323218 65.235174 65.235174 177.000000 177.000000 489.000000 123.000000 22.000000 7.000000 25.000000 0.000000 312.000000
324218 65.618449 65.618449 175.000000 175.000000 477.000000 120.000000 24.000000 11.000000 20.000000 0.000000 302.000000
325218 63.457330 63.457330 170.000000 170.000000 457.000000 128.000000 24.000000 3.000000 15.000000 0.000000 287.000000
326218 63.534676 63.534676 167.000000 167.000000 447.000000 124.000000 25.000000 4.000000 14.000000 0.000000 280.000000
267109 1.983299 1.983299 958.000000 958.000000 958.000000 562.000000 240.000000 19.000000 137.000000 0.000000 0.000000
268109 5.102041 5.102041 949.000000 949.000000 980.000000 569.000000 212.000000 19.000000 149.000000 0.000000 31.000000
269109 7.661692 7.661692 951.000000 951.000000 1005.000000 585.000000 187.000000 23.000000 156.000000 0.000000 54.000000
270109 8.906099 8.906099 955.000000 955.000000 1033.000000 612.000000 169.000000 14.000000 160.000000 0.000000 78.000000
271109 11.676083 11.676083 964.000000 964.000000 1062.000000 622.000000 152.000000 26.000000 164.000000 0.000000 98.000000
272109 13.557780 13.557780 970.000000 970.000000 1099.000000 660.000000 145.000000 20.000000 145.000000 0.000000 129.000000
273109 16.180371 16.180371 973.000000 973.000000 1131.000000 673.000000 122.000000 25.000000 153.000000 0.000000 158.000000
274109 19.243986 19.243986 971.000000 971.000000 1164.000000 683.000000 102.000000 31.000000 155.000000 0.000000 193.000000
275109 21.553885 21.553885 962.000000 962.000000 1197.000000 705.000000 99.000000 23.000000 135.000000 0.000000 235.000000
276109 24.713584 24.713584 959.000000 959.000000 1222.000000 698.000000 102.000000 39.000000 120.000000 0.000000 263.000000
277109 27.055068 27.055068 937.000000 937.000000 1253.000000 710.000000 103.000000 23.000000 101.000000 0.000000 316.000000
278109 29.439252 29.439252 937.000000 937.000000 1284.000000 725.000000 100.000000 31.000000 81.000000 0.000000 347.000000
279109 30.821918 30.821918 932.000000 932.000000 1314.000000 750.000000 94.000000 23.000000 65.000000 0.000000 382.000000
280109 33.583208 33.583208 916.000000 916.000000 1334.000000 732.000000 96.000000 30.000000 58.000000 0.000000 418.000000
281109 36.512668 36.512668 886.000000 886.000000 1342.000000 693.000000 93.000000 34.000000 66.000000 0.000000 456.000000
282109 39.085546 39.085546 856.000000 856.000000 1356.000000 662.000000 98.000000 30.000000 66.000000 0.000000 500.000000
283109 42.741935 42.741935 823.000000 823.000000 1364.000000 609.000000 103.000000 42.000000 69.000000 0.000000 541.000000
284109 45.434783 45.434783 791.000000 791.000000 1380.000000 573.000000 115.000000 38.000000 65.000000 0.000000 589.000000
285109 48.743719 48.743719 753.000000 753.000000 1393.000000 531.000000 120.000000 39.000000 63.000000 0.000000 640.000000
286109 51.672598 51.672598 715.000000 715.000000 1405.000000 499.000000 119.000000 36.000000 61.000000 0.000000 690.000000
287109 54.237288 54.237288 679.000000 679.000000 1416.000000 465.000000 124.000000 31.000000 59.000000 0.000000 737.000000
288109 57.323055 57.323055 641.000000 641.000000 1427.000000 427.000000 124.000000 32.000000 58.000000 0.000000 786.000000
289109 58.856346 58.856346 620.000000 620.000000 1434.000000 401.000000 121.000000 30.000000 68.000000 0.000000 814.000000
290109 60.403619 60.403619 598.000000 598.000000 1437.000000 377.000000 124.000000 29.000000 68.000000 0.000000 839.000000
291109 61.908078 61.908078 572.000000 572.000000 1436.000000 355.000000 116.000000 25.000000 76.000000 0.000000 864.000000
292109 62.823201 62.823201 548.000000 548.000000 1431.000000 336.000000 111.000000 16.000000 85.000000 0.000000 883.000000
293109 62.762973 62.762973 541.000000 541.000000 1426.000000 344.000000 100.000000 10.000000 87.000000 0.000000 885.000000
294109 62.315789 62.315789 552.000000 552.000000 1425.000000 367.000000 92.000000 15.000000 78.000000 0.000000 873.000000
295109 62.419470 62.419470 545.000000 545.000000 1397.000000 361.000000 91.000000 20.000000 73.000000 0.000000 852.000000
296109 63.309353 63.309353 529.000000 529.000000 1390.000000 354.000000 82.000000 19.000000 74.000000 0.000000 861.000000
297109 63.347763 63.347763 529.000000 529.000000 1386.000000 366.000000 72.000000 21.000000 70.000000 0.000000 857.000000
298109 63.536317 63.536317 513.000000 513.000000 1363.000000 361.000000 69.000000 16.000000 67.000000 0.000000 850.000000
299109 63.976084 63.976084 506.000000 506.000000 1338.000000 351.000000 62.000000 24.000000 69.000000 0.000000 832.000000
300109 64.073227 64.073227 484.000000 484.000000 1311.000000 341.000000 58.000000 13.000000 72.000000 0.000000 827.000000
301109 63.594113 63.594113 481.000000 481.000000 1291.000000 351.000000 57.000000 11.000000 62.000000 0.000000 810.000000
302109 63.780778 63.780778 477.000000 477.000000 1259.000000 343.000000 56.000000 21.000000 57.000000 0.000000 782.000000
303109 64.061241 64.061241 460.000000 460.000000 1241.000000 337.000000 59.000000 14.000000 50.000000 0.000000 781.000000
304109 63.688525 63.688525 454.000000 454.000000 1220.000000 339.000000 60.000000 11.000000 44.000000 0.000000 766.000000
305109 64.220183 64.220183 449.000000 449.000000 1199.000000 332.000000 61.000000 20.000000 36.000000 0.000000 750.000000
306109 64.359862 64.359862 425.000000 425.000000 1156.000000 306.000000 67.000000 13.000000 39.000000 0.000000 731.000000
307109 64.747564 64.747564 415.000000 415.000000 1129.000000 294.000000 71.000000 17.000000 33.000000 0.000000 714.000000
308109 64.430147 64.430147 400.000000 400.000000 1088.000000 280.000000 75.000000 13.000000 32.000000 0.000000 688.000000
309109 64.469914 64.469914 385.000000 385.000000 1047.000000 257.000000 80.000000 13.000000 35.000000 0.000000 662.000000
310109 64.573111 64.573111 374.000000 374.000000 1019.000000 240.000000 87.000000 13.000000 34.000000 0.000000 645.000000
311109 64.292981 64.292981 362.000000 362.000000 983.000000 230.000000 83.000000 11.000000 38.000000 0.000000 621.000000
312109 64.594310 64.594310 349.000000 349.000000 949.000000 214.000000 79.000000 13.000000 43.000000 0.000000 600.000000
313109 65.330444 65.330444 337.000000 337.000000 923.000000 196.000000 80.000000 17.000000 44.000000 0.000000 586.000000
314109 65.517241 65.517241 323.000000 323.000000 899.000000 186.000000 78.000000 13.000000 46.000000 0.000000 576.000000
315109 65.678449 65.678449 317.000000 317.000000 877.000000 178.000000 75.000000 16.000000 48.000000 0.000000 560.000000
316109 64.893617 64.893617 305.000000 305.000000 846.000000 175.000000 69.000000 8.000000 53.000000 0.000000 541.000000
317109 64.933495 64.933495 301.000000 301.000000 827.000000 174.000000 57.000000 11.000000 59.000000 0.000000 526.000000
318109 64.632628 64.632628 290.000000 290.000000 803.000000 166.000000 58.000000 6.000000 60.000000 0.000000 513.000000
319109 64.035088 64.035088 293.000000 293.000000 798.000000 177.000000 53.000000 6.000000 57.000000 0.000000 505.000000
320109 63.473819 63.473819 295.000000 295.000000 783.000000 182.000000 53.000000 9.000000 51.000000 0.000000 488.000000
321109 62.727273 62.727273 299.000000 299.000000 770.000000 192.000000 54.000000 12.000000 41.000000 0.000000 471.000000
322109 62.384106 62.384106 293.000000 293.000000 755.000000 199.000000 44.000000 9.000000 41.000000 0.000000 462.000000
323109 61.466667 61.466667 292.000000 292.000000 750.000000 214.000000 36.000000 3.000000 39.000000 0.000000 458.000000
324109 61.103448 61.103448 293.000000 293.000000 725.000000 211.000000 33.000000 11.000000 38.000000 0.000000 432.000000
325109 60.881935 60.881935 289.000000 289.000000 703.000000 207.000000 33.000000 14.000000 35.000000 0.000000 414.000000
326109 61.070912 61.070912 279.000000 279.000000 691.000000 202.000000 27.000000 10.000000 40.000000 0.000000 412.000000
327109 60.355030 60.355030 276.000000 276.000000 676.000000 202.000000 32.000000 8.000000 34.000000 0.000000 400.000000
328109 59.451220 59.451220 270.000000 270.000000 656.000000 202.000000 33.000000 4.000000 31.000000 0.000000 386.000000
329109 59.968847 59.968847 271.000000 271.000000 642.000000 198.000000 31.000000 14.000000 28.000000 0.000000 371.000000
330109 61.032864 61.032864 260.000000 260.000000 639.000000 193.000000 32.000000 11.000000 24.000000 0.000000 379.000000
331109 61.513688 61.513688 249.000000 249.000000 621.000000 179.000000 41.000000 10.000000 19.000000 0.000000 372.000000
332109 62.644628 62.644628 239.000000 239.000000 605.000000 170.000000 38.000000 13.000000 18.000000 0.000000 366.000000
333109 63.790186 63.790186 228.000000 228.000000 591.000000 156.000000 37.000000 14.000000 21.000000 0.000000 363.000000
334109 64.746946 64.746946 213.000000 213.000000 573.000000 142.000000 38.000000 11.000000 22.000000 0.000000 360.000000
335109 64.791289 64.791289 204.000000 204.000000 551.000000 137.000000 38.000000 10.000000 19.000000 0.000000 347.000000
336109 64.540338 64.540338 195.000000 195.000000 533.000000 131.000000 35.000000 6.000000 23.000000 0.000000 338.000000
337109 65.510597 65.510597 189.000000 189.000000 519.000000 119.000000 35.000000 10.000000 25.000000 0.000000 330.000000
338109 64.497041 64.497041 184.000000 184.000000 507.000000 124.000000 35.000000 4.000000 21.000000 0.000000 323.000000
339109 64.257028 64.257028 182.000000 182.000000 498.000000 121.000000 34.000000 4.000000 23.000000 0.000000 316.000000
235511 2.123142 2.123142 942.000000 942.000000 942.000000 544.000000 252.000000 20.000000 126.000000 0.000000 0.000000
236511 5.480869 5.480869 937.000000 937.000000 967.000000 550.000000 232.000000 23.000000 132.000000 0.000000 30.000000
237511 6.983806 6.983806 929.000000 929.000000 988.000000 568.000000 205.000000 10.000000 146.000000 0.000000 59.000000
238511 9.341200 9.341200 937.000000 937.000000 1017.000000 590.000000 175.000000 15.000000 157.000000 0.000000 80.000000
239511 12.332696 12.332696 946.000000 946.000000 1046.000000 601.000000 157.000000 29.000000 159.000000 0.000000 100.000000
240511 14.845938 14.845938 937.000000 937.000000 1071.000000 609.000000 142.000000 25.000000 161.000000 0.000000 134.000000
241511 16.697080 16.697080 929.000000 929.000000 1096.000000 620.000000 118.000000 16.000000 175.000000 0.000000 167.000000
242511 19.278169 19.278169 938.000000 938.000000 1136.000000 646.000000 102.000000 21.000000 169.000000 0.000000 198.000000
243511 21.805792 21.805792 942.000000 942.000000 1174.000000 668.000000 102.000000 24.000000 148.000000 0.000000 232.000000
244511 23.548922 23.548922 940.000000 940.000000 1206.000000 692.000000 107.000000 18.000000 123.000000 0.000000 266.000000
245511 25.445705 25.445705 944.000000 944.000000 1234.000000 702.000000 112.000000 24.000000 106.000000 0.000000 290.000000
246511 26.971609 26.971609 945.000000 945.000000 1268.000000 728.000000 115.000000 19.000000 83.000000 0.000000 323.000000
247511 29.343629 29.343629 943.000000 943.000000 1295.000000 733.000000 112.000000 28.000000 70.000000 0.000000 352.000000
248511 31.335357 31.335357 928.000000 928.000000 1318.000000 729.000000 116.000000 23.000000 60.000000 0.000000 390.000000
249511 33.383459 33.383459 905.000000 905.000000 1330.000000 710.000000 114.000000 19.000000 62.000000 0.000000 425.000000
250511 36.940299 36.940299 884.000000 884.000000 1340.000000 659.000000 112.000000 39.000000 74.000000 0.000000 456.000000
251511 38.507021 38.507021 850.000000 850.000000 1353.000000 639.000000 120.000000 18.000000 73.000000 0.000000 503.000000
252511 41.593567 41.593567 836.000000 836.000000 1368.000000 605.000000 120.000000 37.000000 74.000000 0.000000 532.000000
253511 45.685279 45.685279 791.000000 791.000000 1379.000000 553.000000 117.000000 42.000000 79.000000 0.000000 588.000000
254511 47.962831 47.962831 759.000000 759.000000 1399.000000 536.000000 122.000000 31.000000 70.000000 0.000000 640.000000
255511 51.030561 51.030561 722.000000 722.000000 1407.000000 485.000000 131.000000 33.000000 73.000000 0.000000 685.000000
256511 53.797468 53.797468 689.000000 689.000000 1422.000000 457.000000 135.000000 32.000000 65.000000 0.000000 733.000000
257511 55.353394 55.353394 670.000000 670.000000 1429.000000 440.000000 128.000000 32.000000 70.000000 0.000000 759.000000
258511 57.272095 57.272095 649.000000 649.000000 1437.000000 413.000000 127.000000 35.000000 74.000000 0.000000 788.000000
259511 58.118467 58.118467 627.000000 627.000000 1435.000000 407.000000 117.000000 26.000000 77.000000 0.000000 808.000000
260511 58.922323 58.922323 610.000000 610.000000 1429.000000 396.000000 111.000000 23.000000 80.000000 0.000000 819.000000
261511 59.552134 59.552134 602.000000 602.000000 1429.000000 388.000000 106.000000 24.000000 84.000000 0.000000 827.000000
262511 59.329140 59.329140 599.000000 599.000000 1431.000000 405.000000 101.000000 17.000000 76.000000 0.000000 832.000000
263511 59.339888 59.339888 591.000000 591.000000 1424.000000 412.000000 91.000000 12.000000 76.000000 0.000000 833.000000
264511 60.453579 60.453579 580.000000 580.000000 1411.000000 389.000000 92.000000 22.000000 77.000000 0.000000 831.000000
265511 60.704023 60.704023 566.000000 566.000000 1392.000000 384.000000 84.000000 19.000000 79.000000 0.000000 826.000000
266511 60.404624 60.404624 563.000000 563.000000 1384.000000 397.000000 77.000000 15.000000 74.000000 0.000000 821.000000
267511 61.873638 61.873638 553.000000 553.000000 1377.000000 385.000000 77.000000 28.000000 63.000000 0.000000 824.000000
268511 62.758112 62.758112 529.000000 529.000000 1356.000000 363.000000 76.000000 24.000000 66.000000 0.000000 827.000000
269511 63.095238 63.095238 506.000000 506.000000 1344.000000 361.000000 73.000000 10.000000 62.000000 0.000000 838.000000
270511 63.225320 63.225320 505.000000 505.000000 1327.000000 364.000000 69.000000 17.000000 55.000000 0.000000 822.000000
271511 63.762529 63.762529 488.000000 488.000000 1297.000000 341.000000 72.000000 18.000000 57.000000 0.000000 809.000000
272511 63.372549 63.372549 481.000000 481.000000 1275.000000 345.000000 70.000000 14.000000 52.000000 0.000000 794.000000
273511 63.452188 63.452188 470.000000 470.000000 1234.000000 325.000000 79.000000 19.000000 47.000000 0.000000 764.000000
274511 64.486755 64.486755 451.000000 451.000000 1208.000000 299.000000 82.000000 22.000000 48.000000 0.000000 757.000000
275511 64.725738 64.725738 437.000000 437.000000 1185.000000 293.000000 80.000000 19.000000 45.000000 0.000000 748.000000
276511 65.116279 65.116279 421.000000 421.000000 1161.000000 284.000000 72.000000 16.000000 49.000000 0.000000 740.000000
277511 65.244444 65.244444 410.000000 410.000000 1125.000000 273.000000 73.000000 19.000000 45.000000 0.000000 715.000000
278511 65.289256 65.289256 393.000000 393.000000 1089.000000 258.000000 74.000000 15.000000 46.000000 0.000000 696.000000
279511 65.945437 65.945437 385.000000 385.000000 1063.000000 247.000000 74.000000 23.000000 41.000000 0.000000 678.000000
280511 65.573770 65.573770 371.000000 371.000000 1037.000000 247.000000 65.000000 14.000000 45.000000 0.000000 666.000000
281511 64.940239 64.940239 365.000000 365.000000 1004.000000 242.000000 65.000000 13.000000 45.000000 0.000000 639.000000
282511 65.253361 65.253361 351.000000 351.000000 967.000000 224.000000 57.000000 15.000000 55.000000 0.000000 616.000000
283511 65.291005 65.291005 343.000000 343.000000 945.000000 218.000000 54.000000 15.000000 56.000000 0.000000 602.000000
284511 65.732759 65.732759 332.000000 332.000000 928.000000 212.000000 54.000000 14.000000 52.000000 0.000000 596.000000
285511 66.116612 66.116612 329.000000 329.000000 909.000000 205.000000 59.000000 21.000000 44.000000 0.000000 580.000000
286511 66.035635 66.035635 314.000000 314.000000 898.000000 208.000000 58.000000 9.000000 39.000000 0.000000 584.000000
287511 65.306122 65.306122 313.000000 313.000000 882.000000 215.000000 58.000000 7.000000 33.000000 0.000000 569.000000
288511 65.258216 65.258216 305.000000 305.000000 852.000000 206.000000 51.000000 9.000000 39.000000 0.000000 547.000000
289511 64.009662 64.009662 306.000000 306.000000 828.000000 210.000000 50.000000 8.000000 38.000000 0.000000 522.000000
290511 64.303483 64.303483 292.000000 292.000000 804.000000 190.000000 57.000000 5.000000 40.000000 0.000000 512.000000
291511 64.467005 64.467005 292.000000 292.000000 788.000000 188.000000 58.000000 12.000000 34.000000 0.000000 496.000000
292511 63.838120 63.838120 282.000000 282.000000 766.000000 188.000000 51.000000 5.000000 38.000000 0.000000 484.000000
293511 63.270777 63.270777 283.000000 283.000000 746.000000 192.000000 48.000000 9.000000 34.000000 0.000000 463.000000
294511 62.916667 62.916667 276.000000 276.000000 720.000000 191.000000 42.000000 9.000000 34.000000 0.000000 444.000000
295511 62.731152 62.731152 267.000000 267.000000 703.000000 188.000000 41.000000 5.000000 33.000000 0.000000 436.000000
296511 63.072378 63.072378 262.000000 262.000000 677.000000 171.000000 43.000000 12.000000 36.000000 0.000000 415.000000
297511 62.762763 62.762763 255.000000 255.000000 666.000000 169.000000 47.000000 7.000000 32.000000 0.000000 411.000000
298511 62.826421 62.826421 253.000000 253.000000 651.000000 168.000000 43.000000 11.000000 31.000000 0.000000 398.000000
299511 64.353312 64.353312 237.000000 237.000000 634.000000 154.000000 35.000000 11.000000 37.000000 0.000000 397.000000
300511 64.620355 64.620355 229.000000 229.000000 619.000000 153.000000 35.000000 10.000000 31.000000 0.000000 390.000000
301511 63.140496 63.140496 227.000000 227.000000 605.000000 159.000000 36.000000 4.000000 28.000000 0.000000 378.000000
302511 63.184932 63.184932 222.000000 222.000000 584.000000 149.000000 37.000000 7.000000 29.000000 0.000000 362.000000
303511 62.975779 62.975779 223.000000 223.000000 578.000000 153.000000 36.000000 9.000000 25.000000 0.000000 355.000000
304511 63.879004 63.879004 213.000000 213.000000 562.000000 143.000000 32.000000 10.000000 28.000000 0.000000 349.000000
305511 63.768116 63.768116 208.000000 208.000000 552.000000 148.000000 28.000000 8.000000 24.000000 0.000000 344.000000
306511 63.786765 63.786765 204.000000 204.000000 544.000000 148.000000 27.000000 7.000000 22.000000 0.000000 340.000000
307511 64.716981 64.716981 197.000000 197.000000 530.000000 136.000000 27.000000 10.000000 24.000000 0.000000 333.000000
247202 3.211517 3.211517 903.000000 903.000000 903.000000 479.000000 282.000000 29.000000 113.000000 0.000000 0.000000
248202 6.941432 6.941432 886.000000 886.000000 922.000000 472.000000 258.000000 28.000000 128.000000 0.000000 36.000000
249202 10.381356 10.381356 874.000000 874.000000 944.000000 474.000000 226.000000 28.000000 146.000000 0.000000 70.000000
250202 13.257965 13.257965 868.000000 868.000000 973.000000 490.000000 199.000000 24.000000 155.000000 0.000000 105.000000
251202 15.454545 15.454545 852.000000 852.000000 990.000000 496.000000 161.000000 15.000000 180.000000 0.000000 138.000000
252202 17.438424 17.438424 853.000000 853.000000 1015.000000 510.000000 135.000000 15.000000 193.000000 0.000000 162.000000
253202 19.449715 19.449715 865.000000 865.000000 1054.000000 549.000000 115.000000 16.000000 185.000000 0.000000 189.000000
254202 20.585544 20.585544 880.000000 880.000000 1093.000000 597.000000 89.000000 12.000000 182.000000 0.000000 213.000000
255202 21.936057 21.936057 896.000000 896.000000 1126.000000 626.000000 81.000000 17.000000 172.000000 0.000000 230.000000
256202 22.610922 22.610922 921.000000 921.000000 1172.000000 693.000000 80.000000 14.000000 134.000000 0.000000 251.000000
257202 24.605154 24.605154 927.000000 927.000000 1203.000000 717.000000 79.000000 20.000000 111.000000 0.000000 276.000000
258202 26.252019 26.252019 936.000000 936.000000 1238.000000 748.000000 78.000000 23.000000 87.000000 0.000000 302.000000
259202 28.593997 28.593997 933.000000 933.000000 1266.000000 756.000000 82.000000 29.000000 66.000000 0.000000 333.000000
260202 30.852713 30.852713 916.000000 916.000000 1290.000000 754.000000 84.000000 24.000000 54.000000 0.000000 374.000000
261202 32.592025 32.592025 898.000000 898.000000 1304.000000 746.000000 80.000000 19.000000 53.000000 0.000000 406.000000
262202 34.858886 34.858886 871.000000 871.000000 1311.000000 715.000000 84.000000 17.000000 55.000000 0.000000 440.000000
263202 37.537764 37.537764 852.000000 852.000000 1324.000000 687.000000 87.000000 25.000000 53.000000 0.000000 472.000000
264202 40.840841 40.840841 826.000000 826.000000 1332.000000 631.000000 101.000000 38.000000 56.000000 0.000000 506.000000
265202 44.312268 44.312268 785.000000 785.000000 1345.000000 583.000000 114.000000 36.000000 52.000000 0.000000 560.000000
266202 47.158672 47.158672 745.000000 745.000000 1355.000000 539.000000 126.000000 29.000000 51.000000 0.000000 610.000000
267202 50.736377 50.736377 712.000000 712.000000 1358.000000 475.000000 134.000000 43.000000 60.000000 0.000000 646.000000
268202 54.285714 54.285714 653.000000 653.000000 1365.000000 422.000000 145.000000 29.000000 57.000000 0.000000 712.000000
269202 57.341125 57.341125 621.000000 621.000000 1369.000000 375.000000 147.000000 37.000000 62.000000 0.000000 748.000000
270202 59.475219 59.475219 583.000000 583.000000 1372.000000 344.000000 152.000000 27.000000 60.000000 0.000000 789.000000
271202 61.224490 61.224490 564.000000 564.000000 1372.000000 319.000000 147.000000 32.000000 66.000000 0.000000 808.000000
272202 62.116788 62.116788 535.000000 535.000000 1370.000000 307.000000 140.000000 16.000000 72.000000 0.000000 835.000000
273202 62.233652 62.233652 527.000000 527.000000 1361.000000 301.000000 135.000000 13.000000 78.000000 0.000000 834.000000
274202 61.784387 61.784387 523.000000 523.000000 1345.000000 311.000000 117.000000 9.000000 86.000000 0.000000 822.000000
275202 62.490623 62.490623 519.000000 519.000000 1333.000000 301.000000 104.000000 19.000000 95.000000 0.000000 814.000000
276202 62.215478 62.215478 512.000000 512.000000 1318.000000 307.000000 94.000000 14.000000 97.000000 0.000000 806.000000
277202 62.356542 62.356542 512.000000 512.000000 1307.000000 315.000000 79.000000 20.000000 98.000000 0.000000 795.000000
278202 61.805556 61.805556 502.000000 502.000000 1296.000000 329.000000 72.000000 7.000000 94.000000 0.000000 794.000000
279202 61.237275 61.237275 511.000000 511.000000 1277.000000 343.000000 66.000000 16.000000 86.000000 0.000000 766.000000
280202 61.158966 61.158966 514.000000 514.000000 1277.000000 354.000000 66.000000 18.000000 76.000000 0.000000 763.000000
281202 61.010260 61.010260 507.000000 507.000000 1267.000000 358.000000 63.000000 13.000000 73.000000 0.000000 760.000000
282202 60.904044 60.904044 508.000000 508.000000 1261.000000 366.000000 66.000000 15.000000 61.000000 0.000000 753.000000
283202 60.498793 60.498793 508.000000 508.000000 1243.000000 373.000000 67.000000 17.000000 51.000000 0.000000 735.000000
284202 60.246914 60.246914 497.000000 497.000000 1215.000000 365.000000 65.000000 14.000000 53.000000 0.000000 718.000000
285202 60.815308 60.815308 493.000000 493.000000 1202.000000 358.000000 68.000000 22.000000 45.000000 0.000000 709.000000
286202 60.777684 60.777684 482.000000 482.000000 1183.000000 353.000000 70.000000 18.000000 41.000000 0.000000 701.000000
287202 61.192740 61.192740 467.000000 467.000000 1157.000000 336.000000 70.000000 18.000000 43.000000 0.000000 690.000000
288202 61.400359 61.400359 450.000000 450.000000 1114.000000 314.000000 74.000000 20.000000 42.000000 0.000000 664.000000
289202 62.326870 62.326870 434.000000 434.000000 1083.000000 291.000000 74.000000 26.000000 43.000000 0.000000 649.000000
290202 62.369668 62.369668 411.000000 411.000000 1055.000000 284.000000 74.000000 14.000000 39.000000 0.000000 644.000000
291202 63.225172 63.225172 394.000000 394.000000 1017.000000 254.000000 75.000000 20.000000 45.000000 0.000000 623.000000
292202 63.163265 63.163265 378.000000 378.000000 980.000000 242.000000 74.000000 17.000000 45.000000 0.000000 602.000000
293202 64.278188 64.278188 360.000000 360.000000 949.000000 223.000000 69.000000 21.000000 47.000000 0.000000 589.000000
294202 63.921993 63.921993 343.000000 343.000000 923.000000 217.000000 68.000000 10.000000 48.000000 0.000000 580.000000
295202 64.175824 64.175824 339.000000 339.000000 910.000000 212.000000 64.000000 13.000000 50.000000 0.000000 571.000000
296202 64.358683 64.358683 326.000000 326.000000 881.000000 202.000000 61.000000 12.000000 51.000000 0.000000 555.000000
297202 63.625731 63.625731 323.000000 323.000000 855.000000 203.000000 66.000000 12.000000 42.000000 0.000000 532.000000
298202 62.500000 62.500000 321.000000 321.000000 840.000000 210.000000 65.000000 6.000000 40.000000 0.000000 519.000000
299202 62.621359 62.621359 320.000000 320.000000 824.000000 204.000000 64.000000 12.000000 40.000000 0.000000 504.000000
300202 62.577447 62.577447 312.000000 312.000000 807.000000 200.000000 57.000000 10.000000 45.000000 0.000000 495.000000
301202 62.688442 62.688442 308.000000 308.000000 796.000000 199.000000 54.000000 11.000000 44.000000 0.000000 488.000000
302202 62.130937 62.130937 299.000000 299.000000 779.000000 199.000000 53.000000 4.000000 43.000000 0.000000 480.000000
303202 62.905318 62.905318 298.000000 298.000000 771.000000 194.000000 51.000000 12.000000 41.000000 0.000000 473.000000
304202 62.883845 62.883845 291.000000 291.000000 749.000000 190.000000 45.000000 13.000000 43.000000 0.000000 458.000000
305202 62.483311 62.483311 287.000000 287.000000 749.000000 206.000000 39.000000 6.000000 36.000000 0.000000 462.000000
306202 61.728395 61.728395 286.000000 286.000000 729.000000 206.000000 35.000000 7.000000 38.000000 0.000000 443.000000
307202 61.871508 61.871508 284.000000 284.000000 716.000000 197.000000 44.000000 11.000000 32.000000 0.000000 432.000000
308202 62.039660 62.039660 277.000000 277.000000 706.000000 192.000000 43.000000 9.000000 33.000000 0.000000 429.000000
309202 63.150289 63.150289 271.000000 271.000000 692.000000 180.000000 42.000000 16.000000 33.000000 0.000000 421.000000
310202 63.338301 63.338301 254.000000 254.000000 671.000000 169.000000 43.000000 8.000000 34.000000 0.000000 417.000000
311202 63.206107 63.206107 251.000000 251.000000 655.000000 170.000000 42.000000 10.000000 29.000000 0.000000 404.000000
312202 63.182527 63.182527 240.000000 240.000000 641.000000 168.000000 39.000000 4.000000 29.000000 0.000000 401.000000
313202 64.217252 64.217252 234.000000 234.000000 626.000000 157.000000 42.000000 10.000000 25.000000 0.000000 392.000000
314202 63.366337 63.366337 225.000000 225.000000 606.000000 159.000000 36.000000 3.000000 27.000000 0.000000 381.000000
315202 63.282572 63.282572 227.000000 227.000000 591.000000 156.000000 32.000000 10.000000 29.000000 0.000000 364.000000
316202 63.176265 63.176265 221.000000 221.000000 573.000000 153.000000 32.000000 10.000000 26.000000 0.000000 352.000000
317202 64.400716 64.400716 207.000000 207.000000 559.000000 140.000000 32.000000 8.000000 27.000000 0.000000 352.000000
318202 64.552239 64.552239 198.000000 198.000000 536.000000 133.000000 32.000000 8.000000 25.000000 0.000000 338.000000
319202 64.875240 64.875240 194.000000 194.000000 521.000000 130.000000 27.000000 11.000000 26.000000 0.000000 327.000000
259861 1.264489 1.264489 949.000000 949.000000 949.000000 557.000000 244.000000 12.000000 136.000000 0.000000 0.000000
260861 4.508197 4.508197 958.000000 958.000000 976.000000 573.000000 229.000000 26.000000 130.000000 0.000000 18.000000
261861 6.338028 6.338028 944.000000 944.000000 994.000000 584.000000 205.000000 13.000000 142.000000 0.000000 50.000000
262861 8.446602 8.446602 960.000000 960.000000 1030.000000 619.000000 189.000000 17.000000 135.000000 0.000000 70.000000
263861 11.163671 11.163671 958.000000 958.000000 1057.000000 630.000000 169.000000 19.000000 140.000000 0.000000 99.000000
264861 13.443831 13.443831 958.000000 958.000000 1086.000000 648.000000 140.000000 18.000000 152.000000 0.000000 128.000000
265861 16.906475 16.906475 955.000000 955.000000 1112.000000 645.000000 117.000000 31.000000 162.000000 0.000000 157.000000
266861 20.282187 20.282187 939.000000 939.000000 1134.000000 633.000000 102.000000 35.000000 169.000000 0.000000 195.000000
267861 22.355976 22.355976 921.000000 921.000000 1163.000000 647.000000 96.000000 18.000000 160.000000 0.000000 242.000000
268861 25.436409 25.436409 928.000000 928.000000 1203.000000 670.000000 89.000000 31.000000 138.000000 0.000000 275.000000
269861 27.338710 27.338710 924.000000 924.000000 1240.000000 703.000000 91.000000 23.000000 107.000000 0.000000 316.000000
270861 29.231975 29.231975 932.000000 932.000000 1276.000000 732.000000 89.000000 29.000000 82.000000 0.000000 344.000000
271861 31.100847 31.100847 916.000000 916.000000 1299.000000 735.000000 92.000000 21.000000 68.000000 0.000000 383.000000
272861 33.761329 33.761329 908.000000 908.000000 1324.000000 727.000000 92.000000 31.000000 58.000000 0.000000 416.000000
273861 35.447761 35.447761 884.000000 884.000000 1340.000000 717.000000 94.000000 19.000000 54.000000 0.000000 456.000000
274861 38.045892 38.045892 864.000000 864.000000 1351.000000 683.000000 100.000000 27.000000 54.000000 0.000000 487.000000
275861 40.294118 40.294118 834.000000 834.000000 1360.000000 640.000000 110.000000 22.000000 62.000000 0.000000 526.000000
276861 43.087052 43.087052 809.000000 809.000000 1367.000000 600.000000 114.000000 31.000000 64.000000 0.000000 558.000000
277861 46.059291 46.059291 787.000000 787.000000 1383.000000 567.000000 122.000000 41.000000 57.000000 0.000000 596.000000
278861 48.315412 48.315412 752.000000 752.000000 1395.000000 539.000000 126.000000 31.000000 56.000000 0.000000 643.000000
279861 51.962884 51.962884 712.000000 712.000000 1401.000000 484.000000 129.000000 39.000000 60.000000 0.000000 689.000000
280861 54.667610 54.667610 676.000000 676.000000 1414.000000 452.000000 130.000000 35.000000 59.000000 0.000000 738.000000
281861 57.052632 57.052632 645.000000 645.000000 1425.000000 415.000000 132.000000 33.000000 65.000000 0.000000 780.000000
282861 60.070175 60.070175 613.000000 613.000000 1425.000000 358.000000 141.000000 44.000000 70.000000 0.000000 812.000000
283861 61.056338 61.056338 579.000000 579.000000 1420.000000 334.000000 138.000000 26.000000 81.000000 0.000000 841.000000
284861 61.663143 61.663143 561.000000 561.000000 1419.000000 330.000000 137.000000 17.000000 77.000000 0.000000 858.000000
285861 61.833689 61.833689 554.000000 554.000000 1407.000000 322.000000 135.000000 17.000000 80.000000 0.000000 853.000000
286861 60.937500 60.937500 560.000000 560.000000 1408.000000 349.000000 118.000000 10.000000 83.000000 0.000000 848.000000
287861 60.959885 60.959885 562.000000 562.000000 1396.000000 350.000000 112.000000 17.000000 83.000000 0.000000 834.000000
288861 60.711692 60.711692 552.000000 552.000000 1377.000000 357.000000 106.000000 11.000000 78.000000 0.000000 825.000000
289861 60.777126 60.777126 554.000000 554.000000 1364.000000 355.000000 103.000000 19.000000 77.000000 0.000000 810.000000
290861 60.178971 60.178971 544.000000 544.000000 1341.000000 362.000000 90.000000 10.000000 82.000000 0.000000 797.000000
291861 58.908264 58.908264 551.000000 551.000000 1319.000000 378.000000 85.000000 9.000000 79.000000 0.000000 768.000000
292861 59.281895 59.281895 548.000000 548.000000 1309.000000 376.000000 73.000000 15.000000 84.000000 0.000000 761.000000
293861 59.628770 59.628770 543.000000 543.000000 1293.000000 373.000000 64.000000 21.000000 85.000000 0.000000 750.000000
294861 60.000000 60.000000 527.000000 527.000000 1270.000000 363.000000 64.000000 19.000000 81.000000 0.000000 743.000000
295861 59.742351 59.742351 519.000000 519.000000 1242.000000 369.000000 65.000000 19.000000 66.000000 0.000000 723.000000
296861 59.739201 59.739201 510.000000 510.000000 1227.000000 371.000000 65.000000 16.000000 58.000000 0.000000 717.000000
297861 60.314830 60.314830 499.000000 499.000000 1207.000000 364.000000 65.000000 20.000000 50.000000 0.000000 708.000000
298861 60.696095 60.696095 483.000000 483.000000 1178.000000 346.000000 66.000000 20.000000 51.000000 0.000000 695.000000
299861 60.735672 60.735672 474.000000 474.000000 1169.000000 351.000000 62.000000 15.000000 46.000000 0.000000 695.000000
300861 60.861917 60.861917 459.000000 459.000000 1137.000000 337.000000 65.000000 14.000000 43.000000 0.000000 678.000000
301861 60.435572 60.435572 446.000000 446.000000 1102.000000 325.000000 71.000000 10.000000 40.000000 0.000000 656.000000
302861 61.266294 61.266294 437.000000 437.000000 1074.000000 303.000000 77.000000 21.000000 36.000000 0.000000 637.000000
303861 60.977948 60.977948 419.000000 419.000000 1043.000000 293.000000 76.000000 12.000000 38.000000 0.000000 624.000000
304861 60.865290 60.865290 412.000000 412.000000 1017.000000 285.000000 74.000000 14.000000 39.000000 0.000000 605.000000
305861 61.491935 61.491935 399.000000 399.000000 992.000000 272.000000 71.000000 17.000000 39.000000 0.000000 593.000000
306861 61.964472 61.964472 378.000000 378.000000 957.000000 250.000000 70.000000 14.000000 44.000000 0.000000 579.000000
307861 62.296858 62.296858 360.000000 360.000000 923.000000 227.000000 72.000000 12.000000 49.000000 0.000000 563.000000
308861 63.535912 63.535912 351.000000 351.000000 905.000000 211.000000 72.000000 21.000000 47.000000 0.000000 554.000000
309861 64.053751 64.053751 336.000000 336.000000 893.000000 206.000000 69.000000 15.000000 46.000000 0.000000 557.000000
310861 65.446224 65.446224 320.000000 320.000000 874.000000 186.000000 68.000000 18.000000 48.000000 0.000000 554.000000
311861 65.465116 65.465116 308.000000 308.000000 860.000000 187.000000 65.000000 11.000000 45.000000 0.000000 552.000000
312861 65.599051 65.599051 302.000000 302.000000 843.000000 181.000000 59.000000 12.000000 50.000000 0.000000 541.000000
313861 65.700483 65.700483 296.000000 296.000000 828.000000 181.000000 55.000000 12.000000 48.000000 0.000000 532.000000
314861 65.689866 65.689866 291.000000 291.000000 819.000000 186.000000 53.000000 10.000000 42.000000 0.000000 528.000000
315861 65.217391 65.217391 287.000000 287.000000 805.000000 188.000000 51.000000 7.000000 41.000000 0.000000 518.000000
316861 64.861461 64.861461 283.000000 283.000000 794.000000 190.000000 47.000000 4.000000 42.000000 0.000000 511.000000
317861 64.285714 64.285714 286.000000 286.000000 784.000000 195.000000 45.000000 6.000000 40.000000 0.000000 498.000000
318861 63.060686 63.060686 287.000000 287.000000 758.000000 200.000000 43.000000 7.000000 37.000000 0.000000 471.000000
319861 63.037634 63.037634 283.000000 283.000000 744.000000 197.000000 38.000000 8.000000 40.000000 0.000000 461.000000
320861 63.034483 63.034483 280.000000 280.000000 725.000000 191.000000 39.000000 12.000000 38.000000 0.000000 445.000000
321861 62.978723 62.978723 273.000000 273.000000 705.000000 188.000000 36.000000 12.000000 37.000000 0.000000 432.000000
322861 62.150221 62.150221 265.000000 265.000000 679.000000 185.000000 37.000000 8.000000 35.000000 0.000000 414.000000
323861 61.940299 61.940299 266.000000 266.000000 670.000000 185.000000 41.000000 11.000000 29.000000 0.000000 404.000000
324861 62.084592 62.084592 260.000000 260.000000 662.000000 188.000000 37.000000 9.000000 26.000000 0.000000 402.000000
325861 62.042683 62.042683 257.000000 257.000000 656.000000 190.000000 40.000000 8.000000 19.000000 0.000000 399.000000
326861 62.830482 62.830482 248.000000 248.000000 643.000000 176.000000 36.000000 9.000000 27.000000 0.000000 395.000000
327861 63.446055 63.446055 238.000000 238.000000 621.000000 159.000000 40.000000 11.000000 28.000000 0.000000 383.000000
328861 63.893511 63.893511 226.000000 226.000000 601.000000 154.000000 38.000000 9.000000 25.000000 0.000000 375.000000
329861 63.350785 63.350785 215.000000 215.000000 573.000000 140.000000 43.000000 5.000000 27.000000 0.000000 358.000000
330861 63.309353 63.309353 214.000000 214.000000 556.000000 135.000000 44.000000 10.000000 25.000000 0.000000 342.000000
331861 62.295082 62.295082 210.000000 210.000000 549.000000 146.000000 41.000000 3.000000 20.000000 0.000000 339.000000
263465 1.827957 1.827957 930.000000 930.000000 930.000000 524.000000 250.000000 17.000000 139.000000 0.000000 0.000000
264465 5.274262 5.274262 925.000000 925.000000 948.000000 515.000000 234.000000 27.000000 149.000000 0.000000 23.000000
265465 7.324517 7.324517 925.000000 925.000000 983.000000 556.000000 207.000000 14.000000 148.000000 0.000000 58.000000
266465 10.187933 10.187933 929.000000 929.000000 1011.000000 571.000000 187.000000 21.000000 150.000000 0.000000 82.000000
267465 12.692308 12.692308 929.000000 929.000000 1040.000000 592.000000 152.000000 21.000000 164.000000 0.000000 111.000000
268465 14.393227 14.393227 927.000000 927.000000 1063.000000 600.000000 134.000000 17.000000 176.000000 0.000000 136.000000
269465 16.575592 16.575592 932.000000 932.000000 1098.000000 637.000000 108.000000 16.000000 171.000000 0.000000 166.000000
270465 19.098143 19.098143 939.000000 939.000000 1131.000000 657.000000 84.000000 24.000000 174.000000 0.000000 192.000000
271465 21.612350 21.612350 939.000000 939.000000 1166.000000 682.000000 76.000000 25.000000 156.000000 0.000000 227.000000
272465 23.646961 23.646961 942.000000 942.000000 1201.000000 707.000000 83.000000 25.000000 127.000000 0.000000 259.000000
273465 25.523349 25.523349 950.000000 950.000000 1242.000000 745.000000 83.000000 25.000000 97.000000 0.000000 292.000000
274465 27.703236 27.703236 941.000000 941.000000 1267.000000 745.000000 88.000000 25.000000 83.000000 0.000000 326.000000
275465 29.407236 29.407236 936.000000 936.000000 1299.000000 761.000000 93.000000 19.000000 63.000000 0.000000 363.000000
276465 31.387415 31.387415 926.000000 926.000000 1319.000000 753.000000 99.000000 21.000000 53.000000 0.000000 393.000000
277465 33.408578 33.408578 905.000000 905.000000 1329.000000 727.000000 111.000000 20.000000 47.000000 0.000000 424.000000
278465 36.200449 36.200449 881.000000 881.000000 1337.000000 691.000000 109.000000 28.000000 53.000000 0.000000 456.000000
279465 38.695330 38.695330 856.000000 856.000000 1349.000000 659.000000 117.000000 29.000000 51.000000 0.000000 493.000000
280465 41.366642 41.366642 830.000000 830.000000 1361.000000 622.000000 122.000000 32.000000 54.000000 0.000000 531.000000
281465 45.215486 45.215486 795.000000 795.000000 1369.000000 563.000000 131.000000 45.000000 56.000000 0.000000 574.000000
282465 49.672727 49.672727 737.000000 737.000000 1375.000000 500.000000 124.000000 45.000000 68.000000 0.000000 638.000000
283465 53.491721 53.491721 694.000000 694.000000 1389.000000 452.000000 124.000000 48.000000 70.000000 0.000000 695.000000
284465 56.816560 56.816560 649.000000 649.000000 1401.000000 407.000000 121.000000 44.000000 77.000000 0.000000 752.000000
285465 59.145907 59.145907 603.000000 603.000000 1405.000000 366.000000 132.000000 29.000000 76.000000 0.000000 802.000000
286465 61.402266 61.402266 576.000000 576.000000 1412.000000 341.000000 129.000000 31.000000 75.000000 0.000000 836.000000
287465 61.924982 61.924982 560.000000 560.000000 1413.000000 335.000000 126.000000 22.000000 77.000000 0.000000 853.000000
288465 62.217514 62.217514 552.000000 552.000000 1416.000000 339.000000 117.000000 17.000000 79.000000 0.000000 864.000000
289465 61.924982 61.924982 550.000000 550.000000 1413.000000 351.000000 112.000000 12.000000 75.000000 0.000000 863.000000
290465 61.301860 61.301860 550.000000 550.000000 1398.000000 365.000000 97.000000 9.000000 79.000000 0.000000 848.000000
291465 61.471861 61.471861 547.000000 547.000000 1386.000000 364.000000 99.000000 13.000000 71.000000 0.000000 839.000000
292465 60.628196 60.628196 548.000000 548.000000 1369.000000 377.000000 89.000000 9.000000 73.000000 0.000000 821.000000
293465 60.352423 60.352423 553.000000 553.000000 1362.000000 388.000000 77.000000 13.000000 75.000000 0.000000 809.000000
294465 60.594796 60.594796 550.000000 550.000000 1345.000000 386.000000 67.000000 20.000000 77.000000 0.000000 795.000000
295465 60.744115 60.744115 534.000000 534.000000 1317.000000 378.000000 66.000000 17.000000 73.000000 0.000000 783.000000
296465 61.372398 61.372398 519.000000 519.000000 1297.000000 366.000000 56.000000 18.000000 79.000000 0.000000 778.000000
297465 62.098669 62.098669 505.000000 505.000000 1277.000000 361.000000 53.000000 21.000000 70.000000 0.000000 772.000000
298465 62.899454 62.899454 502.000000 502.000000 1283.000000 370.000000 52.000000 26.000000 54.000000 0.000000 781.000000
299465 63.166269 63.166269 481.000000 481.000000 1257.000000 358.000000 59.000000 18.000000 46.000000 0.000000 776.000000
300465 63.843648 63.843648 461.000000 461.000000 1228.000000 341.000000 57.000000 17.000000 46.000000 0.000000 767.000000
301465 64.574732 64.574732 448.000000 448.000000 1211.000000 325.000000 60.000000 19.000000 44.000000 0.000000 763.000000
302465 64.774624 64.774624 440.000000 440.000000 1198.000000 324.000000 64.000000 18.000000 34.000000 0.000000 758.000000
303465 65.633075 65.633075 420.000000 420.000000 1161.000000 296.000000 67.000000 21.000000 36.000000 0.000000 741.000000
304465 66.224580 66.224580 400.000000 400.000000 1131.000000 279.000000 66.000000 18.000000 37.000000 0.000000 731.000000
305465 66.055046 66.055046 386.000000 386.000000 1090.000000 263.000000 77.000000 16.000000 30.000000 0.000000 704.000000
306465 65.138491 65.138491 371.000000 371.000000 1047.000000 258.000000 71.000000 6.000000 36.000000 0.000000 676.000000
307465 65.476190 65.476190 370.000000 370.000000 1008.000000 237.000000 72.000000 22.000000 39.000000 0.000000 638.000000
308465 65.711361 65.711361 353.000000 353.000000 977.000000 228.000000 69.000000 18.000000 38.000000 0.000000 624.000000
309465 66.666667 66.666667 332.000000 332.000000 936.000000 203.000000 65.000000 20.000000 44.000000 0.000000 604.000000
310465 67.184035 67.184035 313.000000 313.000000 902.000000 185.000000 65.000000 17.000000 46.000000 0.000000 589.000000
311465 67.958951 67.958951 295.000000 295.000000 877.000000 169.000000 65.000000 14.000000 47.000000 0.000000 582.000000
312465 68.139535 68.139535 287.000000 287.000000 860.000000 170.000000 58.000000 13.000000 46.000000 0.000000 573.000000
313465 68.364929 68.364929 279.000000 279.000000 844.000000 170.000000 52.000000 12.000000 45.000000 0.000000 565.000000
314465 67.917676 67.917676 269.000000 269.000000 826.000000 166.000000 50.000000 4.000000 49.000000 0.000000 557.000000
315465 67.077682 67.077682 272.000000 272.000000 811.000000 173.000000 47.000000 5.000000 47.000000 0.000000 539.000000
316465 66.708701 66.708701 277.000000 277.000000 793.000000 173.000000 48.000000 13.000000 43.000000 0.000000 516.000000
317465 67.388535 67.388535 265.000000 265.000000 785.000000 169.000000 42.000000 9.000000 45.000000 0.000000 520.000000
318465 66.235446 66.235446 267.000000 267.000000 773.000000 185.000000 38.000000 6.000000 38.000000 0.000000 506.000000
319465 65.389696 65.389696 272.000000 272.000000 757.000000 191.000000 36.000000 10.000000 35.000000 0.000000 485.000000
320465 63.698630 63.698630 269.000000 269.000000 730.000000 196.000000 38.000000 4.000000 31.000000 0.000000 461.000000
321465 63.150492 63.150492 269.000000 269.000000 711.000000 194.000000 37.000000 7.000000 31.000000 0.000000 442.000000
322465 63.494318 63.494318 270.000000 270.000000 704.000000 195.000000 34.000000 13.000000 28.000000 0.000000 434.000000
323465 64.275256 64.275256 258.000000 258.000000 683.000000 181.000000 29.000000 14.000000 34.000000 0.000000 425.000000
324465 64.090909 64.090909 249.000000 249.000000 660.000000 178.000000 31.000000 12.000000 28.000000 0.000000 411.000000
325465 64.852255 64.852255 240.000000 240.000000 643.000000 168.000000 34.000000 14.000000 24.000000 0.000000 403.000000
326465 64.412238 64.412238 227.000000 227.000000 621.000000 161.000000 37.000000 6.000000 23.000000 0.000000 394.000000
327465 64.214047 64.214047 223.000000 223.000000 598.000000 155.000000 35.000000 9.000000 24.000000 0.000000 375.000000
328465 64.334471 64.334471 221.000000 221.000000 586.000000 155.000000 34.000000 12.000000 20.000000 0.000000 365.000000
329465 63.826087 63.826087 213.000000 213.000000 575.000000 154.000000 36.000000 5.000000 18.000000 0.000000 362.000000
330465 65.107914 65.107914 205.000000 205.000000 556.000000 137.000000 38.000000 11.000000 19.000000 0.000000 351.000000
331465 65.589354 65.589354 190.000000 190.000000 526.000000 117.000000 40.000000 9.000000 24.000000 0.000000 336.000000
332465 64.901961 64.901961 184.000000 184.000000 510.000000 116.000000 40.000000 5.000000 23.000000 0.000000 326.000000
333465 65.656566 65.656566 180.000000 180.000000 495.000000 107.000000 39.000000 10.000000 24.000000 0.000000 315.000000
334465 65.226337 65.226337 174.000000 174.000000 486.000000 109.000000 37.000000 5.000000 23.000000 0.000000 312.000000
335465 64.331210 64.331210 173.000000 173.000000 471.000000 109.000000 34.000000 5.000000 25.000000 0.000000 298.000000
