251589 3.490991 3.490991 888.000000 888.000000 888.000000 473.000000 304.000000 31.000000 80.000000 0.000000 0.000000
252589 7.897664 7.897664 862.000000 862.000000 899.000000 442.000000 290.000000 34.000000 96.000000 0.000000 37.000000
253589 13.333333 13.333333 826.000000 826.000000 915.000000 408.000000 268.000000 33.000000 117.000000 0.000000 89.000000
254589 16.702128 16.702128 809.000000 809.000000 940.000000 412.000000 250.000000 26.000000 121.000000 0.000000 131.000000
255589 19.916580 19.916580 798.000000 798.000000 959.000000 408.000000 222.000000 30.000000 138.000000 0.000000 161.000000
256589 22.727273 22.727273 767.000000 767.000000 968.000000 388.000000 189.000000 19.000000 171.000000 0.000000 201.000000
257589 23.823824 23.823824 774.000000 774.000000 999.000000 420.000000 154.000000 13.000000 187.000000 0.000000 225.000000
258589 25.725338 25.725338 789.000000 789.000000 1034.000000 455.000000 116.000000 21.000000 197.000000 0.000000 245.000000
259589 26.616682 26.616682 794.000000 794.000000 1067.000000 494.000000 86.000000 11.000000 203.000000 0.000000 273.000000
260589 27.894257 27.894257 806.000000 806.000000 1097.000000 527.000000 79.000000 15.000000 185.000000 0.000000 291.000000
261589 27.768014 27.768014 833.000000 833.000000 1138.000000 594.000000 70.000000 11.000000 158.000000 0.000000 305.000000
262589 27.763713 27.763713 864.000000 864.000000 1185.000000 672.000000 63.000000 8.000000 121.000000 0.000000 321.000000
263589 27.954360 27.954360 893.000000 893.000000 1227.000000 734.000000 60.000000 9.000000 90.000000 0.000000 334.000000
264589 29.360695 29.360695 921.000000 921.000000 1267.000000 774.000000 64.000000 26.000000 57.000000 0.000000 346.000000
265589 31.171875 31.171875 903.000000 903.000000 1280.000000 761.000000 63.000000 22.000000 57.000000 0.000000 377.000000
266589 32.869296 32.869296 885.000000 885.000000 1293.000000 750.000000 64.000000 17.000000 54.000000 0.000000 408.000000
267589 34.226646 34.226646 875.000000 875.000000 1306.000000 738.000000 72.000000 16.000000 49.000000 0.000000 431.000000
268589 36.778116 36.778116 863.000000 863.000000 1316.000000 712.000000 75.000000 31.000000 45.000000 0.000000 453.000000
269589 39.682540 39.682540 828.000000 828.000000 1323.000000 666.000000 89.000000 30.000000 43.000000 0.000000 495.000000
270589 44.377811 44.377811 791.000000 791.000000 1334.000000 613.000000 91.000000 49.000000 38.000000 0.000000 543.000000
271589 47.657993 47.657993 746.000000 746.000000 1345.000000 564.000000 106.000000 42.000000 34.000000 0.000000 599.000000
272589 52.328160 52.328160 689.000000 689.000000 1353.000000 496.000000 110.000000 44.000000 39.000000 0.000000 664.000000
273589 56.226971 56.226971 633.000000 633.000000 1357.000000 433.000000 117.000000 39.000000 44.000000 0.000000 724.000000
274589 60.590406 60.590406 584.000000 584.000000 1355.000000 358.000000 125.000000 50.000000 51.000000 0.000000 771.000000
275589 63.555556 63.555556 529.000000 529.000000 1350.000000 297.000000 138.000000 37.000000 57.000000 0.000000 821.000000
276589 64.732479 64.732479 485.000000 485.000000 1327.000000 265.000000 143.000000 17.000000 60.000000 0.000000 842.000000
277589 64.916286 64.916286 478.000000 478.000000 1314.000000 258.000000 142.000000 17.000000 61.000000 0.000000 836.000000
278589 64.953271 64.953271 465.000000 465.000000 1284.000000 252.000000 135.000000 15.000000 63.000000 0.000000 819.000000
279589 64.905363 64.905363 463.000000 463.000000 1268.000000 260.000000 124.000000 18.000000 61.000000 0.000000 805.000000
280589 65.008026 65.008026 448.000000 448.000000 1246.000000 255.000000 110.000000 12.000000 71.000000 0.000000 798.000000
281589 65.390879 65.390879 437.000000 437.000000 1228.000000 252.000000 94.000000 12.000000 79.000000 0.000000 791.000000
282589 65.438165 65.438165 431.000000 431.000000 1221.000000 250.000000 84.000000 9.000000 88.000000 0.000000 790.000000
283589 64.933993 64.933993 437.000000 437.000000 1212.000000 259.000000 65.000000 12.000000 101.000000 0.000000 775.000000
284589 64.799331 64.799331 430.000000 430.000000 1196.000000 260.000000 62.000000 9.000000 99.000000 0.000000 766.000000
285589 64.411028 64.411028 436.000000 436.000000 1197.000000 277.000000 52.000000 10.000000 97.000000 0.000000 761.000000
286589 63.492063 63.492063 445.000000 445.000000 1197.000000 304.000000 50.000000 8.000000 83.000000 0.000000 752.000000
287589 63.946711 63.946711 452.000000 452.000000 1201.000000 316.000000 50.000000 19.000000 67.000000 0.000000 749.000000
288589 63.416667 63.416667 453.000000 453.000000 1200.000000 339.000000 50.000000 14.000000 50.000000 0.000000 747.000000
289589 63.100253 63.100253 450.000000 450.000000 1187.000000 345.000000 54.000000 12.000000 39.000000 0.000000 737.000000
290589 63.265306 63.265306 443.000000 443.000000 1176.000000 343.000000 54.000000 11.000000 35.000000 0.000000 733.000000
291589 62.662057 62.662057 443.000000 443.000000 1157.000000 351.000000 49.000000 11.000000 32.000000 0.000000 714.000000
292589 62.677305 62.677305 432.000000 432.000000 1128.000000 337.000000 49.000000 11.000000 35.000000 0.000000 696.000000
293589 62.637363 62.637363 422.000000 422.000000 1092.000000 325.000000 45.000000 14.000000 38.000000 0.000000 670.000000
294589 62.892483 62.892483 407.000000 407.000000 1051.000000 301.000000 51.000000 17.000000 38.000000 0.000000 644.000000
295589 62.834490 62.834490 394.000000 394.000000 1009.000000 285.000000 54.000000 19.000000 36.000000 0.000000 615.000000
296589 62.029289 62.029289 382.000000 382.000000 956.000000 279.000000 55.000000 19.000000 29.000000 0.000000 574.000000
297589 63.003264 63.003264 364.000000 364.000000 919.000000 246.000000 64.000000 24.000000 30.000000 0.000000 555.000000
298589 63.719862 63.719862 340.000000 340.000000 871.000000 222.000000 65.000000 24.000000 29.000000 0.000000 531.000000
299589 65.311005 65.311005 311.000000 311.000000 836.000000 189.000000 69.000000 21.000000 32.000000 0.000000 525.000000
300589 65.075377 65.075377 290.000000 290.000000 796.000000 172.000000 74.000000 12.000000 32.000000 0.000000 506.000000
301589 65.268676 65.268676 283.000000 283.000000 763.000000 154.000000 80.000000 18.000000 31.000000 0.000000 480.000000
302589 65.821095 65.821095 271.000000 271.000000 749.000000 149.000000 80.000000 15.000000 27.000000 0.000000 478.000000
303589 65.573770 65.573770 260.000000 260.000000 732.000000 149.000000 75.000000 8.000000 28.000000 0.000000 472.000000
304589 65.502793 65.502793 255.000000 255.000000 716.000000 143.000000 64.000000 8.000000 40.000000 0.000000 461.000000
305589 65.106383 65.106383 253.000000 253.000000 705.000000 146.000000 57.000000 7.000000 43.000000 0.000000 452.000000
306589 64.876633 64.876633 248.000000 248.000000 689.000000 138.000000 52.000000 6.000000 52.000000 0.000000 441.000000
307589 64.844904 64.844904 248.000000 248.000000 677.000000 139.000000 45.000000 10.000000 54.000000 0.000000 429.000000
308589 65.171898 65.171898 243.000000 243.000000 669.000000 131.000000 43.000000 10.000000 59.000000 0.000000 426.000000
309589 63.826607 63.826607 247.000000 247.000000 669.000000 151.000000 41.000000 5.000000 50.000000 0.000000 422.000000
310589 63.803681 63.803681 244.000000 244.000000 652.000000 147.000000 40.000000 8.000000 49.000000 0.000000 408.000000
311589 62.042683 62.042683 251.000000 251.000000 656.000000 172.000000 39.000000 2.000000 38.000000 0.000000 405.000000
312589 61.609907 61.609907 255.000000 255.000000 646.000000 178.000000 37.000000 7.000000 33.000000 0.000000 391.000000
313589 60.625000 60.625000 259.000000 259.000000 640.000000 185.000000 38.000000 7.000000 29.000000 0.000000 381.000000
314589 60.634921 60.634921 260.000000 260.000000 630.000000 186.000000 38.000000 12.000000 24.000000 0.000000 370.000000
315589 60.389610 60.389610 251.000000 251.000000 616.000000 183.000000 39.000000 7.000000 22.000000 0.000000 365.000000
316589 59.405941 59.405941 249.000000 249.000000 606.000000 186.000000 33.000000 3.000000 27.000000 0.000000 357.000000
317589 58.952703 58.952703 247.000000 247.000000 592.000000 184.000000 29.000000 4.000000 30.000000 0.000000 345.000000
318589 57.812500 57.812500 248.000000 248.000000 576.000000 188.000000 27.000000 5.000000 28.000000 0.000000 328.000000
319589 58.053097 58.053097 244.000000 244.000000 565.000000 184.000000 28.000000 7.000000 25.000000 0.000000 321.000000
320589 60.254083 60.254083 235.000000 235.000000 551.000000 162.000000 31.000000 16.000000 26.000000 0.000000 316.000000
321589 61.048689 61.048689 223.000000 223.000000 534.000000 158.000000 31.000000 15.000000 19.000000 0.000000 311.000000
322589 61.660079 61.660079 204.000000 204.000000 506.000000 142.000000 33.000000 10.000000 19.000000 0.000000 302.000000
323589 61.601643 61.601643 196.000000 196.000000 487.000000 134.000000 36.000000 9.000000 17.000000 0.000000 291.000000
252085 2.744237 2.744237 911.000000 911.000000 911.000000 507.000000 287.000000 25.000000 92.000000 0.000000 0.000000
253085 6.933911 6.933911 885.000000 885.000000 923.000000 486.000000 258.000000 26.000000 115.000000 0.000000 38.000000
254085 10.710498 10.710498 870.000000 870.000000 943.000000 474.000000 240.000000 28.000000 128.000000 0.000000 73.000000
255085 15.937500 15.937500 848.000000 848.000000 960.000000 437.000000 228.000000 41.000000 142.000000 0.000000 112.000000
256085 19.018405 19.018405 818.000000 818.000000 978.000000 429.000000 194.000000 26.000000 169.000000 0.000000 160.000000
257085 22.189055 22.189055 815.000000 815.000000 1005.000000 436.000000 169.000000 33.000000 177.000000 0.000000 190.000000
258085 23.365385 23.365385 812.000000 812.000000 1040.000000 474.000000 139.000000 15.000000 184.000000 0.000000 228.000000
259085 25.605214 25.605214 822.000000 822.000000 1074.000000 503.000000 96.000000 23.000000 200.000000 0.000000 252.000000
260085 26.606335 26.606335 826.000000 826.000000 1105.000000 531.000000 97.000000 15.000000 183.000000 0.000000 279.000000
261085 26.782609 26.782609 849.000000 849.000000 1150.000000 602.000000 94.000000 7.000000 146.000000 0.000000 301.000000
262085 27.533784 27.533784 871.000000 871.000000 1184.000000 642.000000 90.000000 13.000000 126.000000 0.000000 313.000000
263085 28.081633 28.081633 898.000000 898.000000 1225.000000 700.000000 82.000000 17.000000 99.000000 0.000000 327.000000
264085 28.717545 28.717545 922.000000 922.000000 1271.000000 766.000000 71.000000 16.000000 69.000000 0.000000 349.000000
265085 30.482115 30.482115 914.000000 914.000000 1286.000000 755.000000 78.000000 20.000000 61.000000 0.000000 372.000000
266085 32.277992 32.277992 897.000000 897.000000 1295.000000 740.000000 72.000000 20.000000 65.000000 0.000000 398.000000
267085 34.300993 34.300993 884.000000 884.000000 1309.000000 730.000000 69.000000 24.000000 61.000000 0.000000 425.000000
268085 36.885865 36.885865 864.000000 864.000000 1323.000000 707.000000 70.000000 29.000000 58.000000 0.000000 459.000000
269085 41.224795 41.224795 838.000000 838.000000 1339.000000 660.000000 73.000000 51.000000 54.000000 0.000000 501.000000
270085 44.469191 44.469191 782.000000 782.000000 1347.000000 619.000000 76.000000 34.000000 53.000000 0.000000 565.000000
271085 47.271386 47.271386 747.000000 747.000000 1356.000000 570.000000 95.000000 32.000000 50.000000 0.000000 609.000000
272085 50.947522 50.947522 719.000000 719.000000 1372.000000 529.000000 102.000000 46.000000 42.000000 0.000000 653.000000
273085 53.985507 53.985507 668.000000 668.000000 1380.000000 472.000000 116.000000 33.000000 47.000000 0.000000 712.000000
274085 57.645370 57.645370 636.000000 636.000000 1393.000000 411.000000 137.000000 46.000000 42.000000 0.000000 757.000000
275085 60.832138 60.832138 577.000000 577.000000 1394.000000 349.000000 153.000000 31.000000 44.000000 0.000000 817.000000
276085 61.976912 61.976912 548.000000 548.000000 1386.000000 320.000000 159.000000 21.000000 48.000000 0.000000 838.000000
277085 62.627737 62.627737 534.000000 534.000000 1370.000000 307.000000 149.000000 22.000000 56.000000 0.000000 836.000000
278085 63.367799 63.367799 518.000000 518.000000 1354.000000 290.000000 150.000000 22.000000 56.000000 0.000000 836.000000
279085 63.677130 63.677130 501.000000 501.000000 1338.000000 286.000000 139.000000 15.000000 61.000000 0.000000 837.000000
280085 63.455657 63.455657 492.000000 492.000000 1308.000000 278.000000 124.000000 14.000000 76.000000 0.000000 816.000000
281085 63.231850 63.231850 483.000000 483.000000 1281.000000 266.000000 113.000000 12.000000 92.000000 0.000000 798.000000
282085 63.224782 63.224782 473.000000 473.000000 1259.000000 265.000000 91.000000 10.000000 107.000000 0.000000 786.000000
283085 64.090177 64.090177 462.000000 462.000000 1242.000000 248.000000 86.000000 16.000000 112.000000 0.000000 780.000000
284085 63.783347 63.783347 467.000000 467.000000 1237.000000 263.000000 77.000000 19.000000 108.000000 0.000000 770.000000
285085 63.110749 63.110749 466.000000 466.000000 1228.000000 285.000000 72.000000 13.000000 96.000000 0.000000 762.000000
286085 62.642741 62.642741 467.000000 467.000000 1226.000000 304.000000 70.000000 9.000000 84.000000 0.000000 759.000000
287085 61.607143 61.607143 483.000000 483.000000 1232.000000 341.000000 64.000000 10.000000 68.000000 0.000000 749.000000
288085 61.650485 61.650485 486.000000 486.000000 1236.000000 357.000000 60.000000 12.000000 57.000000 0.000000 750.000000
289085 61.007311 61.007311 489.000000 489.000000 1231.000000 374.000000 56.000000 9.000000 50.000000 0.000000 742.000000
290085 61.129568 61.129568 487.000000 487.000000 1204.000000 363.000000 55.000000 19.000000 50.000000 0.000000 717.000000
291085 60.714286 60.714286 473.000000 473.000000 1176.000000 363.000000 47.000000 11.000000 52.000000 0.000000 703.000000
292085 59.824561 59.824561 468.000000 468.000000 1140.000000 361.000000 43.000000 10.000000 54.000000 0.000000 672.000000
293085 59.982014 59.982014 461.000000 461.000000 1112.000000 354.000000 40.000000 16.000000 51.000000 0.000000 651.000000
294085 59.036145 59.036145 448.000000 448.000000 1079.000000 356.000000 45.000000 6.000000 41.000000 0.000000 631.000000
295085 59.711538 59.711538 447.000000 447.000000 1040.000000 335.000000 51.000000 28.000000 33.000000 0.000000 593.000000
296085 60.317460 60.317460 421.000000 421.000000 1008.000000 311.000000 58.000000 21.000000 31.000000 0.000000 587.000000
297085 60.556128 60.556128 404.000000 404.000000 971.000000 290.000000 65.000000 21.000000 28.000000 0.000000 567.000000
298085 62.153518 62.153518 382.000000 382.000000 938.000000 249.000000 77.000000 27.000000 29.000000 0.000000 556.000000
299085 62.709966 62.709966 351.000000 351.000000 893.000000 220.000000 84.000000 18.000000 29.000000 0.000000 542.000000
300085 62.893816 62.893816 328.000000 328.000000 857.000000 198.000000 89.000000 10.000000 31.000000 0.000000 529.000000
301085 63.647199 63.647199 320.000000 320.000000 839.000000 189.000000 87.000000 15.000000 29.000000 0.000000 519.000000
302085 63.022113 63.022113 311.000000 311.000000 814.000000 186.000000 85.000000 10.000000 30.000000 0.000000 503.000000
303085 63.396226 63.396226 302.000000 302.000000 795.000000 177.000000 79.000000 11.000000 35.000000 0.000000 493.000000
304085 63.543004 63.543004 294.000000 294.000000 779.000000 169.000000 74.000000 10.000000 41.000000 0.000000 485.000000
305085 65.143603 65.143603 285.000000 285.000000 766.000000 152.000000 63.000000 18.000000 52.000000 0.000000 481.000000
306085 65.785997 65.785997 272.000000 272.000000 757.000000 144.000000 56.000000 13.000000 59.000000 0.000000 485.000000
307085 65.591398 65.591398 261.000000 261.000000 744.000000 146.000000 46.000000 5.000000 64.000000 0.000000 483.000000
308085 66.481994 66.481994 257.000000 257.000000 722.000000 135.000000 40.000000 15.000000 67.000000 0.000000 465.000000
309085 65.829847 65.829847 251.000000 251.000000 717.000000 144.000000 42.000000 6.000000 59.000000 0.000000 466.000000
310085 64.993026 64.993026 258.000000 258.000000 717.000000 165.000000 35.000000 7.000000 51.000000 0.000000 459.000000
311085 63.172805 63.172805 263.000000 263.000000 706.000000 186.000000 34.000000 3.000000 40.000000 0.000000 443.000000
312085 62.005650 62.005650 277.000000 277.000000 708.000000 210.000000 30.000000 8.000000 29.000000 0.000000 431.000000
313085 62.517883 62.517883 270.000000 270.000000 699.000000 208.000000 26.000000 8.000000 28.000000 0.000000 429.000000
314085 62.318841 62.318841 263.000000 263.000000 690.000000 209.000000 22.000000 3.000000 29.000000 0.000000 427.000000
315085 62.297496 62.297496 263.000000 263.000000 679.000000 207.000000 20.000000 7.000000 29.000000 0.000000 416.000000
316085 62.388060 62.388060 258.000000 258.000000 670.000000 202.000000 24.000000 6.000000 26.000000 0.000000 412.000000
317085 62.137405 62.137405 256.000000 256.000000 655.000000 201.000000 21.000000 8.000000 26.000000 0.000000 399.000000
318085 61.501597 61.501597 250.000000 250.000000 626.000000 197.000000 21.000000 9.000000 23.000000 0.000000 376.000000
319085 61.074919 61.074919 245.000000 245.000000 614.000000 193.000000 27.000000 6.000000 19.000000 0.000000 369.000000
320085 62.184874 62.184874 240.000000 240.000000 595.000000 176.000000 35.000000 15.000000 14.000000 0.000000 355.000000
321085 62.456140 62.456140 225.000000 225.000000 570.000000 162.000000 39.000000 11.000000 13.000000 0.000000 345.000000
322085 65.045045 65.045045 216.000000 216.000000 555.000000 144.000000 41.000000 22.000000 9.000000 0.000000 339.000000
323085 67.231638 67.231638 193.000000 193.000000 531.000000 123.000000 38.000000 19.000000 13.000000 0.000000 338.000000
324085 68.431373 68.431373 172.000000 172.000000 510.000000 108.000000 37.000000 11.000000 16.000000 0.000000 338.000000
253507 2.137233 2.137233 889.000000 889.000000 889.000000 457.000000 313.000000 19.000000 100.000000 0.000000 0.000000
254507 5.414365 5.414365 881.000000 881.000000 905.000000 443.000000 299.000000 25.000000 114.000000 0.000000 24.000000
255507 10.378378 10.378378 861.000000 861.000000 925.000000 426.000000 279.000000 32.000000 124.000000 0.000000 64.000000
256507 13.297872 13.297872 836.000000 836.000000 940.000000 420.000000 245.000000 21.000000 150.000000 0.000000 104.000000
257507 15.663900 15.663900 830.000000 830.000000 964.000000 432.000000 223.000000 17.000000 158.000000 0.000000 134.000000
258507 17.087968 17.087968 836.000000 836.000000 989.000000 454.000000 178.000000 16.000000 188.000000 0.000000 153.000000
259507 19.392752 19.392752 843.000000 843.000000 1021.000000 483.000000 135.000000 20.000000 205.000000 0.000000 178.000000
260507 21.313035 21.313035 845.000000 845.000000 1051.000000 507.000000 96.000000 18.000000 224.000000 0.000000 206.000000
261507 22.477064 22.477064 859.000000 859.000000 1090.000000 557.000000 76.000000 14.000000 212.000000 0.000000 231.000000
262507 23.241318 23.241318 875.000000 875.000000 1123.000000 599.000000 73.000000 13.000000 190.000000 0.000000 248.000000
263507 24.149660 24.149660 909.000000 909.000000 1176.000000 671.000000 71.000000 17.000000 150.000000 0.000000 267.000000
264507 25.122750 25.122750 937.000000 937.000000 1222.000000 732.000000 73.000000 22.000000 110.000000 0.000000 285.000000
265507 25.434439 25.434439 957.000000 957.000000 1266.000000 798.000000 67.000000 13.000000 79.000000 0.000000 309.000000
266507 27.188940 27.188940 973.000000 973.000000 1302.000000 829.000000 69.000000 25.000000 50.000000 0.000000 329.000000
267507 27.984791 27.984791 957.000000 957.000000 1315.000000 834.000000 65.000000 10.000000 48.000000 0.000000 358.000000
268507 30.542986 30.542986 949.000000 949.000000 1326.000000 804.000000 73.000000 28.000000 44.000000 0.000000 377.000000
269507 33.333333 33.333333 921.000000 921.000000 1332.000000 762.000000 80.000000 33.000000 46.000000 0.000000 411.000000
270507 35.964259 35.964259 886.000000 886.000000 1343.000000 734.000000 84.000000 26.000000 42.000000 0.000000 457.000000
271507 39.526277 39.526277 857.000000 857.000000 1351.000000 677.000000 93.000000 40.000000 47.000000 0.000000 494.000000
272507 43.035191 43.035191 808.000000 808.000000 1364.000000 635.000000 100.000000 31.000000 42.000000 0.000000 556.000000
273507 46.749452 46.749452 765.000000 765.000000 1369.000000 566.000000 118.000000 36.000000 45.000000 0.000000 604.000000
274507 51.453488 51.453488 718.000000 718.000000 1376.000000 486.000000 136.000000 50.000000 46.000000 0.000000 658.000000
275507 55.667870 55.667870 670.000000 670.000000 1385.000000 416.000000 151.000000 56.000000 47.000000 0.000000 715.000000
276507 59.798271 59.798271 609.000000 609.000000 1388.000000 343.000000 163.000000 51.000000 52.000000 0.000000 779.000000
277507 63.082437 63.082437 556.000000 556.000000 1395.000000 290.000000 170.000000 41.000000 55.000000 0.000000 839.000000
278507 64.425163 64.425163 518.000000 518.000000 1383.000000 264.000000 171.000000 26.000000 57.000000 0.000000 865.000000
279507 64.275256 64.275256 496.000000 496.000000 1366.000000 260.000000 162.000000 8.000000 66.000000 0.000000 870.000000
280507 64.418087 64.418087 495.000000 495.000000 1349.000000 254.000000 152.000000 15.000000 74.000000 0.000000 854.000000
281507 63.847305 63.847305 497.000000 497.000000 1336.000000 272.000000 127.000000 14.000000 84.000000 0.000000 839.000000
282507 64.069592 64.069592 493.000000 493.000000 1322.000000 268.000000 106.000000 18.000000 101.000000 0.000000 829.000000
283507 63.950807 63.950807 478.000000 478.000000 1301.000000 265.000000 90.000000 9.000000 114.000000 0.000000 823.000000
284507 63.953488 63.953488 478.000000 478.000000 1290.000000 271.000000 74.000000 13.000000 120.000000 0.000000 812.000000
285507 63.153786 63.153786 480.000000 480.000000 1281.000000 288.000000 62.000000 8.000000 122.000000 0.000000 801.000000
286507 62.267081 62.267081 498.000000 498.000000 1288.000000 325.000000 57.000000 12.000000 104.000000 0.000000 790.000000
287507 61.335404 61.335404 511.000000 511.000000 1288.000000 362.000000 52.000000 13.000000 84.000000 0.000000 777.000000
288507 61.508554 61.508554 513.000000 513.000000 1286.000000 375.000000 49.000000 18.000000 71.000000 0.000000 773.000000
289507 61.197512 61.197512 514.000000 514.000000 1286.000000 399.000000 45.000000 15.000000 55.000000 0.000000 772.000000
290507 61.442979 61.442979 514.000000 514.000000 1289.000000 414.000000 40.000000 17.000000 43.000000 0.000000 775.000000
291507 61.755486 61.755486 501.000000 501.000000 1276.000000 407.000000 41.000000 13.000000 40.000000 0.000000 775.000000
292507 61.752988 61.752988 496.000000 496.000000 1255.000000 406.000000 38.000000 16.000000 36.000000 0.000000 759.000000
293507 61.740558 61.740558 478.000000 478.000000 1218.000000 391.000000 36.000000 12.000000 39.000000 0.000000 740.000000
294507 61.752317 61.752317 469.000000 469.000000 1187.000000 377.000000 39.000000 15.000000 38.000000 0.000000 718.000000
295507 61.405030 61.405030 464.000000 464.000000 1153.000000 366.000000 49.000000 19.000000 30.000000 0.000000 689.000000
296507 61.861314 61.861314 440.000000 440.000000 1096.000000 335.000000 54.000000 22.000000 29.000000 0.000000 656.000000
297507 63.789869 63.789869 415.000000 415.000000 1066.000000 293.000000 67.000000 29.000000 26.000000 0.000000 651.000000
298507 65.822785 65.822785 386.000000 386.000000 1027.000000 258.000000 71.000000 35.000000 22.000000 0.000000 641.000000
299507 66.769231 66.769231 344.000000 344.000000 975.000000 225.000000 75.000000 20.000000 24.000000 0.000000 631.000000
300507 68.172043 68.172043 318.000000 318.000000 930.000000 190.000000 83.000000 22.000000 23.000000 0.000000 612.000000
301507 68.623025 68.623025 295.000000 295.000000 886.000000 168.000000 87.000000 17.000000 23.000000 0.000000 591.000000
302507 69.811321 69.811321 272.000000 272.000000 848.000000 142.000000 83.000000 16.000000 31.000000 0.000000 576.000000
303507 69.135802 69.135802 256.000000 256.000000 810.000000 134.000000 77.000000 6.000000 39.000000 0.000000 554.000000
304507 68.773704 68.773704 253.000000 253.000000 791.000000 134.000000 68.000000 6.000000 45.000000 0.000000 538.000000
305507 68.475452 68.475452 251.000000 251.000000 774.000000 135.000000 59.000000 7.000000 50.000000 0.000000 523.000000
306507 69.708995 69.708995 244.000000 244.000000 756.000000 121.000000 53.000000 15.000000 55.000000 0.000000 512.000000
307507 69.745649 69.745649 237.000000 237.000000 747.000000 125.000000 46.000000 11.000000 55.000000 0.000000 510.000000
308507 69.628647 69.628647 237.000000 237.000000 754.000000 140.000000 37.000000 8.000000 52.000000 0.000000 517.000000
309507 68.808568 68.808568 239.000000 239.000000 747.000000 152.000000 30.000000 6.000000 51.000000 0.000000 508.000000
310507 68.335589 68.335589 241.000000 241.000000 739.000000 158.000000 30.000000 7.000000 46.000000 0.000000 498.000000
311507 67.307692 67.307692 240.000000 240.000000 728.000000 167.000000 26.000000 2.000000 45.000000 0.000000 488.000000
312507 66.011236 66.011236 246.000000 246.000000 712.000000 179.000000 25.000000 4.000000 38.000000 0.000000 466.000000
313507 65.531915 65.531915 245.000000 245.000000 705.000000 186.000000 24.000000 2.000000 33.000000 0.000000 460.000000
314507 64.772727 64.772727 253.000000 253.000000 704.000000 201.000000 25.000000 5.000000 22.000000 0.000000 451.000000
315507 64.035088 64.035088 253.000000 253.000000 684.000000 200.000000 27.000000 7.000000 19.000000 0.000000 431.000000
316507 63.189270 63.189270 249.000000 249.000000 671.000000 205.000000 26.000000 2.000000 16.000000 0.000000 422.000000
317507 63.981763 63.981763 249.000000 249.000000 658.000000 194.000000 27.000000 12.000000 16.000000 0.000000 409.000000
318507 63.479624 63.479624 239.000000 239.000000 638.000000 192.000000 28.000000 6.000000 13.000000 0.000000 399.000000
319507 65.146580 65.146580 227.000000 227.000000 614.000000 168.000000 29.000000 13.000000 17.000000 0.000000 387.000000
320507 66.946309 66.946309 210.000000 210.000000 596.000000 150.000000 28.000000 13.000000 19.000000 0.000000 386.000000
321507 66.607774 66.607774 195.000000 195.000000 566.000000 134.000000 38.000000 6.000000 17.000000 0.000000 371.000000
322507 66.415094 66.415094 188.000000 188.000000 530.000000 123.000000 38.000000 10.000000 17.000000 0.000000 342.000000
323507 66.600000 66.600000 176.000000 176.000000 500.000000 114.000000 33.000000 9.000000 20.000000 0.000000 324.000000
324507 65.822785 65.822785 171.000000 171.000000 474.000000 107.000000 39.000000 9.000000 16.000000 0.000000 303.000000
325507 67.328918 67.328918 161.000000 161.000000 453.000000 91.000000 39.000000 13.000000 18.000000 0.000000 292.000000
248236 2.961276 2.961276 878.000000 878.000000 878.000000 440.000000 330.000000 26.000000 82.000000 0.000000 0.000000
249236 7.415730 7.415730 854.000000 854.000000 890.000000 408.000000 310.000000 30.000000 106.000000 0.000000 36.000000
250236 10.508850 10.508850 830.000000 830.000000 904.000000 393.000000 288.000000 21.000000 128.000000 0.000000 74.000000
251236 12.095032 12.095032 828.000000 828.000000 926.000000 408.000000 250.000000 14.000000 156.000000 0.000000 98.000000
252236 15.778252 15.778252 812.000000 812.000000 938.000000 389.000000 218.000000 22.000000 183.000000 0.000000 126.000000
253236 17.377732 17.377732 808.000000 808.000000 961.000000 410.000000 166.000000 14.000000 218.000000 0.000000 153.000000
254236 17.810945 17.810945 838.000000 838.000000 1005.000000 480.000000 126.000000 12.000000 220.000000 0.000000 167.000000
255236 19.186047 19.186047 849.000000 849.000000 1032.000000 506.000000 98.000000 15.000000 230.000000 0.000000 183.000000
256236 20.406279 20.406279 881.000000 881.000000 1083.000000 577.000000 83.000000 19.000000 202.000000 0.000000 202.000000
257236 21.066667 21.066667 901.000000 901.000000 1125.000000 638.000000 73.000000 13.000000 177.000000 0.000000 224.000000
258236 22.089041 22.089041 926.000000 926.000000 1168.000000 694.000000 66.000000 16.000000 150.000000 0.000000 242.000000
259236 23.083197 23.083197 957.000000 957.000000 1226.000000 779.000000 62.000000 14.000000 102.000000 0.000000 269.000000
260236 24.324324 24.324324 967.000000 967.000000 1258.000000 814.000000 62.000000 15.000000 76.000000 0.000000 291.000000
261236 25.816485 25.816485 972.000000 972.000000 1286.000000 832.000000 64.000000 18.000000 58.000000 0.000000 314.000000
262236 27.188940 27.188940 966.000000 966.000000 1302.000000 837.000000 65.000000 18.000000 46.000000 0.000000 336.000000
263236 29.536826 29.536826 952.000000 952.000000 1317.000000 816.000000 68.000000 24.000000 44.000000 0.000000 365.000000
264236 31.447964 31.447964 931.000000 931.000000 1326.000000 792.000000 75.000000 22.000000 42.000000 0.000000 395.000000
265236 35.210210 35.210210 900.000000 900.000000 1332.000000 724.000000 95.000000 37.000000 44.000000 0.000000 432.000000
266236 37.928465 37.928465 864.000000 864.000000 1342.000000 689.000000 104.000000 31.000000 40.000000 0.000000 478.000000
267236 42.729970 42.729970 819.000000 819.000000 1348.000000 610.000000 120.000000 47.000000 42.000000 0.000000 529.000000
268236 46.877296 46.877296 775.000000 775.000000 1361.000000 552.000000 136.000000 52.000000 35.000000 0.000000 586.000000
269236 51.096491 51.096491 711.000000 711.000000 1368.000000 484.000000 144.000000 42.000000 41.000000 0.000000 657.000000
270236 56.250000 56.250000 662.000000 662.000000 1376.000000 403.000000 154.000000 60.000000 45.000000 0.000000 714.000000
271236 59.868900 59.868900 590.000000 590.000000 1373.000000 340.000000 157.000000 39.000000 54.000000 0.000000 783.000000
272236 63.177160 63.177160 539.000000 539.000000 1366.000000 283.000000 156.000000 36.000000 64.000000 0.000000 827.000000
273236 64.254062 64.254062 503.000000 503.000000 1354.000000 259.000000 150.000000 19.000000 75.000000 0.000000 851.000000
274236 64.947683 64.947683 486.000000 486.000000 1338.000000 248.000000 133.000000 17.000000 88.000000 0.000000 852.000000
275236 65.237020 65.237020 484.000000 484.000000 1329.000000 254.000000 119.000000 22.000000 89.000000 0.000000 845.000000
276236 64.777022 64.777022 479.000000 479.000000 1323.000000 273.000000 101.000000 13.000000 92.000000 0.000000 844.000000
277236 64.400306 64.400306 477.000000 477.000000 1309.000000 281.000000 89.000000 11.000000 96.000000 0.000000 832.000000
278236 64.782277 64.782277 481.000000 481.000000 1309.000000 286.000000 74.000000 20.000000 101.000000 0.000000 828.000000
279236 64.269319 64.269319 482.000000 482.000000 1307.000000 308.000000 60.000000 15.000000 99.000000 0.000000 825.000000
280236 63.871951 63.871951 486.000000 486.000000 1312.000000 331.000000 54.000000 12.000000 89.000000 0.000000 826.000000
281236 62.948816 62.948816 495.000000 495.000000 1309.000000 354.000000 47.000000 10.000000 84.000000 0.000000 814.000000
282236 62.691131 62.691131 496.000000 496.000000 1308.000000 369.000000 43.000000 8.000000 76.000000 0.000000 812.000000
283236 61.733129 61.733129 510.000000 510.000000 1304.000000 392.000000 47.000000 11.000000 60.000000 0.000000 794.000000
284236 61.674347 61.674347 514.000000 514.000000 1302.000000 403.000000 49.000000 15.000000 47.000000 0.000000 788.000000
285236 60.994561 60.994561 508.000000 508.000000 1287.000000 413.000000 49.000000 6.000000 40.000000 0.000000 779.000000
286236 61.859732 61.859732 500.000000 500.000000 1269.000000 394.000000 55.000000 16.000000 35.000000 0.000000 769.000000
287236 61.851556 61.851556 496.000000 496.000000 1253.000000 397.000000 56.000000 18.000000 25.000000 0.000000 757.000000
288236 62.847791 62.847791 472.000000 472.000000 1222.000000 369.000000 58.000000 18.000000 27.000000 0.000000 750.000000
289236 63.575042 63.575042 450.000000 450.000000 1186.000000 338.000000 67.000000 18.000000 27.000000 0.000000 736.000000
290236 64.223386 64.223386 429.000000 429.000000 1146.000000 307.000000 73.000000 19.000000 30.000000 0.000000 717.000000
291236 64.968153 64.968153 405.000000 405.000000 1099.000000 276.000000 77.000000 20.000000 32.000000 0.000000 694.000000
292236 65.973535 65.973535 382.000000 382.000000 1058.000000 242.000000 82.000000 22.000000 36.000000 0.000000 676.000000
293236 65.742574 65.742574 363.000000 363.000000 1010.000000 226.000000 84.000000 17.000000 36.000000 0.000000 647.000000
294236 66.875653 66.875653 342.000000 342.000000 957.000000 193.000000 89.000000 25.000000 35.000000 0.000000 615.000000
295236 67.477876 67.477876 306.000000 306.000000 904.000000 162.000000 89.000000 12.000000 43.000000 0.000000 598.000000
296236 67.561260 67.561260 296.000000 296.000000 857.000000 150.000000 80.000000 18.000000 48.000000 0.000000 561.000000
297236 67.749699 67.749699 282.000000 282.000000 831.000000 149.000000 70.000000 14.000000 49.000000 0.000000 549.000000
298236 68.265683 68.265683 272.000000 272.000000 813.000000 141.000000 66.000000 14.000000 51.000000 0.000000 541.000000
299236 68.314322 68.314322 257.000000 257.000000 789.000000 135.000000 58.000000 7.000000 57.000000 0.000000 532.000000
300236 67.139175 67.139175 260.000000 260.000000 776.000000 146.000000 49.000000 5.000000 60.000000 0.000000 516.000000
301236 65.308804 65.308804 269.000000 269.000000 761.000000 166.000000 40.000000 5.000000 58.000000 0.000000 492.000000
302236 64.238411 64.238411 273.000000 273.000000 755.000000 181.000000 33.000000 3.000000 56.000000 0.000000 482.000000
303236 63.342318 63.342318 278.000000 278.000000 742.000000 188.000000 30.000000 6.000000 54.000000 0.000000 464.000000
304236 63.243243 63.243243 283.000000 283.000000 740.000000 202.000000 26.000000 11.000000 44.000000 0.000000 457.000000
305236 62.637363 62.637363 277.000000 277.000000 728.000000 209.000000 24.000000 5.000000 39.000000 0.000000 451.000000
306236 61.983471 61.983471 282.000000 282.000000 726.000000 225.000000 22.000000 6.000000 29.000000 0.000000 444.000000
307236 61.818182 61.818182 279.000000 279.000000 715.000000 227.000000 22.000000 6.000000 24.000000 0.000000 436.000000
308236 62.181303 62.181303 277.000000 277.000000 706.000000 221.000000 24.000000 10.000000 22.000000 0.000000 429.000000
309236 62.787356 62.787356 267.000000 267.000000 696.000000 215.000000 22.000000 8.000000 22.000000 0.000000 429.000000
310236 63.157895 63.157895 264.000000 264.000000 684.000000 204.000000 29.000000 12.000000 19.000000 0.000000 420.000000
311236 63.554217 63.554217 253.000000 253.000000 664.000000 192.000000 34.000000 11.000000 16.000000 0.000000 411.000000
312236 64.174455 64.174455 241.000000 241.000000 642.000000 174.000000 41.000000 11.000000 15.000000 0.000000 401.000000
313236 63.355049 63.355049 233.000000 233.000000 614.000000 166.000000 47.000000 8.000000 12.000000 0.000000 381.000000
314236 64.617940 64.617940 223.000000 223.000000 602.000000 154.000000 46.000000 10.000000 13.000000 0.000000 379.000000
315236 65.095986 65.095986 214.000000 214.000000 573.000000 136.000000 50.000000 14.000000 14.000000 0.000000 359.000000
316236 67.027027 67.027027 195.000000 195.000000 555.000000 118.000000 49.000000 12.000000 16.000000 0.000000 360.000000
317236 68.173258 68.173258 179.000000 179.000000 531.000000 97.000000 52.000000 10.000000 20.000000 0.000000 352.000000
318236 68.958743 68.958743 166.000000 166.000000 509.000000 82.000000 48.000000 8.000000 28.000000 0.000000 343.000000
319236 69.547325 69.547325 156.000000 156.000000 486.000000 74.000000 45.000000 8.000000 29.000000 0.000000 330.000000
320236 68.736617 68.736617 152.000000 152.000000 467.000000 76.000000 37.000000 6.000000 33.000000 0.000000 315.000000
251397 4.008909 4.008909 898.000000 898.000000 898.000000 501.000000 305.000000 36.000000 56.000000 0.000000 0.000000
252397 10.497238 10.497238 856.000000 856.000000 905.000000 435.000000 309.000000 46.000000 66.000000 0.000000 49.000000
253397 15.054945 15.054945 806.000000 806.000000 910.000000 389.000000 305.000000 33.000000 79.000000 0.000000 104.000000
254397 19.347826 19.347826 775.000000 775.000000 920.000000 354.000000 286.000000 33.000000 102.000000 0.000000 145.000000
255397 22.518677 22.518677 750.000000 750.000000 937.000000 341.000000 270.000000 24.000000 115.000000 0.000000 187.000000
256397 25.469729 25.469729 739.000000 739.000000 958.000000 340.000000 233.000000 25.000000 141.000000 0.000000 219.000000
257397 26.974359 26.974359 727.000000 727.000000 975.000000 348.000000 180.000000 15.000000 184.000000 0.000000 248.000000
258397 27.627628 27.627628 735.000000 735.000000 999.000000 373.000000 118.000000 12.000000 232.000000 0.000000 264.000000
259397 29.354207 29.354207 738.000000 738.000000 1022.000000 385.000000 99.000000 16.000000 238.000000 0.000000 284.000000
260397 29.755179 29.755179 762.000000 762.000000 1062.000000 442.000000 86.000000 16.000000 218.000000 0.000000 300.000000
261397 29.864253 29.864253 788.000000 788.000000 1105.000000 510.000000 78.000000 13.000000 187.000000 0.000000 317.000000
262397 29.767041 29.767041 822.000000 822.000000 1159.000000 599.000000 66.000000 8.000000 149.000000 0.000000 337.000000
263397 29.493464 29.493464 874.000000 874.000000 1224.000000 711.000000 59.000000 11.000000 93.000000 0.000000 350.000000
264397 29.332273 29.332273 896.000000 896.000000 1258.000000 765.000000 53.000000 7.000000 71.000000 0.000000 362.000000
265397 30.376766 30.376766 902.000000 902.000000 1274.000000 771.000000 52.000000 15.000000 64.000000 0.000000 372.000000
266397 31.269350 31.269350 900.000000 900.000000 1292.000000 782.000000 52.000000 12.000000 54.000000 0.000000 392.000000
267397 33.486590 33.486590 893.000000 893.000000 1305.000000 769.000000 50.000000 25.000000 49.000000 0.000000 412.000000
268397 35.334347 35.334347 872.000000 872.000000 1316.000000 751.000000 55.000000 21.000000 45.000000 0.000000 444.000000
269397 37.424699 37.424699 855.000000 855.000000 1328.000000 733.000000 58.000000 24.000000 40.000000 0.000000 473.000000
270397 40.926064 40.926064 825.000000 825.000000 1339.000000 688.000000 69.000000 34.000000 34.000000 0.000000 514.000000
271397 44.130758 44.130758 782.000000 782.000000 1346.000000 640.000000 82.000000 30.000000 30.000000 0.000000 564.000000
272397 49.259259 49.259259 734.000000 734.000000 1350.000000 558.000000 95.000000 49.000000 32.000000 0.000000 616.000000
273397 54.772394 54.772394 678.000000 678.000000 1362.000000 470.000000 120.000000 62.000000 26.000000 0.000000 684.000000
274397 60.190616 60.190616 594.000000 594.000000 1364.000000 378.000000 133.000000 51.000000 32.000000 0.000000 770.000000
275397 63.938053 63.938053 530.000000 530.000000 1356.000000 309.000000 146.000000 41.000000 34.000000 0.000000 826.000000
276397 65.431165 65.431165 483.000000 483.000000 1322.000000 258.000000 156.000000 26.000000 43.000000 0.000000 839.000000
277397 65.840434 65.840434 460.000000 460.000000 1291.000000 231.000000 158.000000 19.000000 52.000000 0.000000 831.000000
278397 65.737052 65.737052 442.000000 442.000000 1255.000000 217.000000 151.000000 12.000000 62.000000 0.000000 813.000000
279397 66.262136 66.262136 433.000000 433.000000 1236.000000 207.000000 144.000000 16.000000 66.000000 0.000000 803.000000
280397 66.666667 66.666667 420.000000 420.000000 1215.000000 197.000000 132.000000 15.000000 76.000000 0.000000 795.000000
281397 66.887417 66.887417 419.000000 419.000000 1208.000000 203.000000 112.000000 19.000000 85.000000 0.000000 789.000000
282397 66.358284 66.358284 406.000000 406.000000 1189.000000 209.000000 93.000000 6.000000 98.000000 0.000000 783.000000
283397 65.765004 65.765004 411.000000 411.000000 1183.000000 222.000000 81.000000 6.000000 102.000000 0.000000 772.000000
284397 65.736041 65.736041 420.000000 420.000000 1182.000000 238.000000 61.000000 15.000000 106.000000 0.000000 762.000000
285397 65.482234 65.482234 418.000000 418.000000 1182.000000 254.000000 50.000000 10.000000 104.000000 0.000000 764.000000
286397 64.636210 64.636210 426.000000 426.000000 1182.000000 280.000000 48.000000 8.000000 90.000000 0.000000 756.000000
287397 63.605729 63.605729 440.000000 440.000000 1187.000000 310.000000 46.000000 8.000000 76.000000 0.000000 747.000000
288397 62.173547 62.173547 451.000000 451.000000 1187.000000 344.000000 42.000000 2.000000 63.000000 0.000000 736.000000
289397 61.293031 61.293031 467.000000 467.000000 1191.000000 374.000000 39.000000 6.000000 48.000000 0.000000 724.000000
290397 61.350211 61.350211 471.000000 471.000000 1185.000000 379.000000 40.000000 13.000000 39.000000 0.000000 714.000000
291397 61.767205 61.767205 463.000000 463.000000 1177.000000 371.000000 44.000000 13.000000 35.000000 0.000000 714.000000
292397 61.197917 61.197917 457.000000 457.000000 1152.000000 365.000000 52.000000 10.000000 30.000000 0.000000 695.000000
293397 60.720721 60.720721 449.000000 449.000000 1110.000000 352.000000 58.000000 13.000000 26.000000 0.000000 661.000000
294397 60.747664 60.747664 441.000000 441.000000 1070.000000 339.000000 55.000000 21.000000 26.000000 0.000000 629.000000
295397 61.057692 61.057692 422.000000 422.000000 1040.000000 320.000000 61.000000 17.000000 24.000000 0.000000 618.000000
296397 62.260343 62.260343 403.000000 403.000000 991.000000 283.000000 66.000000 29.000000 25.000000 0.000000 588.000000
297397 62.473118 62.473118 369.000000 369.000000 930.000000 249.000000 72.000000 20.000000 28.000000 0.000000 561.000000
298397 63.820225 63.820225 345.000000 345.000000 890.000000 216.000000 75.000000 23.000000 31.000000 0.000000 545.000000
299397 63.526570 63.526570 319.000000 319.000000 828.000000 191.000000 76.000000 17.000000 35.000000 0.000000 509.000000
300397 63.788660 63.788660 300.000000 300.000000 776.000000 163.000000 81.000000 19.000000 37.000000 0.000000 476.000000
301397 64.713715 64.713715 278.000000 278.000000 751.000000 137.000000 87.000000 13.000000 41.000000 0.000000 473.000000
302397 64.344262 64.344262 271.000000 271.000000 732.000000 137.000000 88.000000 10.000000 36.000000 0.000000 461.000000
303397 64.156206 64.156206 267.000000 267.000000 717.000000 136.000000 79.000000 10.000000 42.000000 0.000000 450.000000
304397 63.714286 63.714286 260.000000 260.000000 700.000000 134.000000 72.000000 6.000000 48.000000 0.000000 440.000000
305397 63.304094 63.304094 260.000000 260.000000 684.000000 138.000000 65.000000 9.000000 48.000000 0.000000 424.000000
306397 63.274336 63.274336 256.000000 256.000000 678.000000 141.000000 60.000000 7.000000 48.000000 0.000000 422.000000
307397 62.985075 62.985075 252.000000 252.000000 670.000000 147.000000 50.000000 4.000000 51.000000 0.000000 418.000000
308397 61.572700 61.572700 261.000000 261.000000 674.000000 171.000000 32.000000 2.000000 56.000000 0.000000 413.000000
309397 61.503759 61.503759 266.000000 266.000000 665.000000 174.000000 22.000000 10.000000 60.000000 0.000000 399.000000
310397 60.810811 60.810811 265.000000 265.000000 666.000000 188.000000 20.000000 4.000000 53.000000 0.000000 401.000000
311397 60.849772 60.849772 267.000000 267.000000 659.000000 189.000000 19.000000 9.000000 50.000000 0.000000 392.000000
312397 60.610687 60.610687 267.000000 267.000000 655.000000 193.000000 22.000000 9.000000 43.000000 0.000000 388.000000
313397 59.270517 59.270517 273.000000 273.000000 658.000000 211.000000 26.000000 5.000000 31.000000 0.000000 385.000000
314397 59.360731 59.360731 274.000000 274.000000 657.000000 218.000000 28.000000 7.000000 21.000000 0.000000 383.000000
315397 58.796296 58.796296 272.000000 272.000000 648.000000 221.000000 30.000000 5.000000 16.000000 0.000000 376.000000
316397 60.220126 60.220126 267.000000 267.000000 636.000000 207.000000 35.000000 14.000000 11.000000 0.000000 369.000000
317397 59.840000 59.840000 255.000000 255.000000 625.000000 203.000000 39.000000 4.000000 9.000000 0.000000 370.000000
318397 60.561056 60.561056 249.000000 249.000000 606.000000 185.000000 41.000000 10.000000 13.000000 0.000000 357.000000
319397 61.120543 61.120543 238.000000 238.000000 589.000000 174.000000 44.000000 9.000000 11.000000 0.000000 351.000000
320397 61.484099 61.484099 227.000000 227.000000 566.000000 160.000000 44.000000 9.000000 14.000000 0.000000 339.000000
321397 61.380597 61.380597 216.000000 216.000000 536.000000 145.000000 36.000000 9.000000 26.000000 0.000000 320.000000
322397 62.304688 62.304688 205.000000 205.000000 512.000000 128.000000 41.000000 12.000000 24.000000 0.000000 307.000000
323397 63.967611 63.967611 194.000000 194.000000 494.000000 108.000000 46.000000 16.000000 24.000000 0.000000 300.000000
248543 2.489177 2.489177 924.000000 924.000000 924.000000 560.000000 250.000000 23.000000 91.000000 0.000000 0.000000
249543 8.974359 8.974359 902.000000 902.000000 936.000000 503.000000 241.000000 50.000000 108.000000 0.000000 34.000000
250543 12.828601 12.828601 859.000000 859.000000 951.000000 477.000000 231.000000 30.000000 121.000000 0.000000 92.000000
251543 15.107914 15.107914 847.000000 847.000000 973.000000 483.000000 218.000000 21.000000 125.000000 0.000000 126.000000
252543 19.052419 19.052419 832.000000 832.000000 992.000000 466.000000 191.000000 29.000000 146.000000 0.000000 160.000000
253543 21.859545 21.859545 816.000000 816.000000 1011.000000 452.000000 177.000000 26.000000 161.000000 0.000000 195.000000
254543 24.184261 24.184261 816.000000 816.000000 1042.000000 471.000000 151.000000 26.000000 168.000000 0.000000 226.000000
255543 26.443203 26.443203 810.000000 810.000000 1074.000000 498.000000 116.000000 20.000000 176.000000 0.000000 264.000000
256543 27.807971 27.807971 813.000000 813.000000 1104.000000 530.000000 105.000000 16.000000 162.000000 0.000000 291.000000
257543 28.910369 28.910369 826.000000 826.000000 1138.000000 572.000000 89.000000 17.000000 148.000000 0.000000 312.000000
258543 30.297872 30.297872 840.000000 840.000000 1175.000000 614.000000 75.000000 21.000000 130.000000 0.000000 335.000000
259543 31.291391 31.291391 850.000000 850.000000 1208.000000 648.000000 73.000000 20.000000 109.000000 0.000000 358.000000
260543 31.726908 31.726908 863.000000 863.000000 1245.000000 691.000000 73.000000 13.000000 86.000000 0.000000 382.000000
261543 33.043478 33.043478 864.000000 864.000000 1265.000000 699.000000 64.000000 17.000000 84.000000 0.000000 401.000000
262543 34.423676 34.423676 859.000000 859.000000 1284.000000 703.000000 65.000000 17.000000 74.000000 0.000000 425.000000
263543 36.300844 36.300844 855.000000 855.000000 1303.000000 697.000000 72.000000 25.000000 61.000000 0.000000 448.000000
264543 38.373860 38.373860 841.000000 841.000000 1316.000000 678.000000 78.000000 30.000000 55.000000 0.000000 475.000000
265543 41.008277 41.008277 809.000000 809.000000 1329.000000 648.000000 88.000000 25.000000 48.000000 0.000000 520.000000
266543 42.782738 42.782738 792.000000 792.000000 1344.000000 629.000000 101.000000 23.000000 39.000000 0.000000 552.000000
267543 47.084871 47.084871 767.000000 767.000000 1355.000000 575.000000 105.000000 50.000000 37.000000 0.000000 588.000000
268543 50.146628 50.146628 715.000000 715.000000 1364.000000 532.000000 108.000000 35.000000 40.000000 0.000000 649.000000
269543 53.834916 53.834916 674.000000 674.000000 1369.000000 474.000000 112.000000 42.000000 46.000000 0.000000 695.000000
270543 56.644880 56.644880 626.000000 626.000000 1377.000000 425.000000 124.000000 29.000000 48.000000 0.000000 751.000000
271543 59.694989 59.694989 585.000000 585.000000 1377.000000 365.000000 132.000000 30.000000 58.000000 0.000000 792.000000
272543 61.745455 61.745455 556.000000 556.000000 1375.000000 336.000000 133.000000 30.000000 57.000000 0.000000 819.000000
273543 62.555391 62.555391 527.000000 527.000000 1354.000000 306.000000 137.000000 20.000000 64.000000 0.000000 827.000000
274543 64.242879 64.242879 512.000000 512.000000 1334.000000 281.000000 124.000000 35.000000 72.000000 0.000000 822.000000
275543 64.942966 64.942966 483.000000 483.000000 1315.000000 256.000000 128.000000 22.000000 77.000000 0.000000 832.000000
276543 64.213788 64.213788 474.000000 474.000000 1291.000000 264.000000 126.000000 12.000000 72.000000 0.000000 817.000000
277543 64.234734 64.234734 473.000000 473.000000 1261.000000 259.000000 117.000000 22.000000 75.000000 0.000000 788.000000
278543 64.234162 64.234162 461.000000 461.000000 1247.000000 258.000000 100.000000 15.000000 88.000000 0.000000 786.000000
279543 63.879870 63.879870 457.000000 457.000000 1232.000000 272.000000 92.000000 12.000000 81.000000 0.000000 775.000000
280543 63.918367 63.918367 451.000000 451.000000 1225.000000 281.000000 79.000000 9.000000 82.000000 0.000000 774.000000
281543 63.227953 63.227953 449.000000 449.000000 1202.000000 284.000000 65.000000 7.000000 93.000000 0.000000 753.000000
282543 63.087248 63.087248 451.000000 451.000000 1192.000000 293.000000 61.000000 11.000000 86.000000 0.000000 741.000000
283543 62.814070 62.814070 460.000000 460.000000 1194.000000 317.000000 52.000000 16.000000 75.000000 0.000000 734.000000
284543 62.351946 62.351946 451.000000 451.000000 1182.000000 324.000000 46.000000 6.000000 75.000000 0.000000 731.000000
285543 61.792054 61.792054 462.000000 462.000000 1183.000000 351.000000 40.000000 10.000000 61.000000 0.000000 721.000000
286543 62.171332 62.171332 465.000000 465.000000 1179.000000 360.000000 35.000000 19.000000 51.000000 0.000000 714.000000
287543 62.119896 62.119896 449.000000 449.000000 1151.000000 349.000000 40.000000 13.000000 47.000000 0.000000 702.000000
288543 61.790780 61.790780 448.000000 448.000000 1128.000000 348.000000 47.000000 17.000000 36.000000 0.000000 680.000000
289543 61.818182 61.818182 433.000000 433.000000 1100.000000 343.000000 46.000000 13.000000 31.000000 0.000000 667.000000
290543 62.650602 62.650602 424.000000 424.000000 1079.000000 319.000000 53.000000 21.000000 31.000000 0.000000 655.000000
291543 62.917064 62.917064 403.000000 403.000000 1049.000000 306.000000 56.000000 14.000000 27.000000 0.000000 646.000000
292543 62.562066 62.562066 389.000000 389.000000 1007.000000 293.000000 58.000000 12.000000 26.000000 0.000000 618.000000
293543 62.734864 62.734864 376.000000 376.000000 958.000000 267.000000 65.000000 19.000000 25.000000 0.000000 582.000000
294543 64.232009 64.232009 356.000000 356.000000 931.000000 245.000000 65.000000 23.000000 23.000000 0.000000 575.000000
295543 64.686099 64.686099 331.000000 331.000000 892.000000 223.000000 64.000000 16.000000 28.000000 0.000000 561.000000
296543 65.969803 65.969803 316.000000 316.000000 861.000000 200.000000 67.000000 23.000000 26.000000 0.000000 545.000000
297543 67.749699 67.749699 289.000000 289.000000 831.000000 171.000000 66.000000 21.000000 31.000000 0.000000 542.000000
298543 68.467337 68.467337 262.000000 262.000000 796.000000 146.000000 60.000000 11.000000 45.000000 0.000000 534.000000
299543 69.260700 69.260700 249.000000 249.000000 771.000000 134.000000 59.000000 12.000000 44.000000 0.000000 522.000000
300543 69.006623 69.006623 245.000000 245.000000 755.000000 135.000000 56.000000 11.000000 43.000000 0.000000 510.000000
301543 69.387755 69.387755 233.000000 233.000000 735.000000 124.000000 55.000000 8.000000 46.000000 0.000000 502.000000
302543 68.515950 68.515950 232.000000 232.000000 721.000000 130.000000 53.000000 5.000000 44.000000 0.000000 489.000000
303543 67.837079 67.837079 237.000000 237.000000 712.000000 140.000000 49.000000 8.000000 40.000000 0.000000 475.000000
304543 67.668097 67.668097 234.000000 234.000000 699.000000 145.000000 45.000000 8.000000 36.000000 0.000000 465.000000
305543 66.861314 66.861314 231.000000 231.000000 685.000000 152.000000 37.000000 4.000000 38.000000 0.000000 454.000000
306543 65.773810 65.773810 233.000000 233.000000 672.000000 157.000000 35.000000 3.000000 38.000000 0.000000 439.000000
307543 65.714286 65.714286 232.000000 232.000000 665.000000 159.000000 35.000000 4.000000 34.000000 0.000000 433.000000
308543 64.831804 64.831804 232.000000 232.000000 654.000000 164.000000 33.000000 2.000000 33.000000 0.000000 422.000000
309543 64.605873 64.605873 235.000000 235.000000 647.000000 169.000000 28.000000 6.000000 32.000000 0.000000 412.000000
310543 64.106583 64.106583 235.000000 235.000000 638.000000 177.000000 23.000000 6.000000 29.000000 0.000000 403.000000
311543 64.376997 64.376997 232.000000 232.000000 626.000000 172.000000 24.000000 9.000000 27.000000 0.000000 394.000000
312543 64.379085 64.379085 224.000000 224.000000 612.000000 170.000000 21.000000 6.000000 27.000000 0.000000 388.000000
313543 63.807890 63.807890 218.000000 218.000000 583.000000 165.000000 21.000000 7.000000 25.000000 0.000000 365.000000
314543 64.561404 64.561404 215.000000 215.000000 570.000000 156.000000 25.000000 13.000000 21.000000 0.000000 355.000000
315543 65.770609 65.770609 202.000000 202.000000 558.000000 146.000000 28.000000 11.000000 17.000000 0.000000 356.000000
316543 66.727941 66.727941 192.000000 192.000000 544.000000 138.000000 25.000000 11.000000 18.000000 0.000000 352.000000
317543 66.793169 66.793169 184.000000 184.000000 527.000000 131.000000 29.000000 9.000000 15.000000 0.000000 343.000000
318543 66.272189 66.272189 177.000000 177.000000 507.000000 126.000000 31.000000 6.000000 14.000000 0.000000 330.000000
319543 66.191446 66.191446 171.000000 171.000000 491.000000 119.000000 33.000000 5.000000 14.000000 0.000000 320.000000
320543 66.377440 66.377440 164.000000 164.000000 461.000000 106.000000 34.000000 9.000000 15.000000 0.000000 297.000000
254088 1.950163 1.950163 923.000000 923.000000 923.000000 509.000000 275.000000 18.000000 121.000000 0.000000 0.000000
255088 4.656085 4.656085 922.000000 922.000000 945.000000 520.000000 255.000000 21.000000 126.000000 0.000000 23.000000
256088 7.668394 7.668394 914.000000 914.000000 965.000000 522.000000 214.000000 23.000000 155.000000 0.000000 51.000000
257088 10.627530 10.627530 913.000000 913.000000 988.000000 525.000000 193.000000 30.000000 165.000000 0.000000 75.000000
258088 14.131501 14.131501 904.000000 904.000000 1019.000000 529.000000 185.000000 29.000000 161.000000 0.000000 115.000000
259088 16.187739 16.187739 889.000000 889.000000 1044.000000 537.000000 158.000000 14.000000 180.000000 0.000000 155.000000
260088 18.300654 18.300654 894.000000 894.000000 1071.000000 553.000000 129.000000 19.000000 193.000000 0.000000 177.000000
261088 19.210054 19.210054 915.000000 915.000000 1114.000000 609.000000 103.000000 15.000000 188.000000 0.000000 199.000000
262088 21.006944 21.006944 930.000000 930.000000 1152.000000 648.000000 93.000000 20.000000 169.000000 0.000000 222.000000
263088 23.389831 23.389831 926.000000 926.000000 1180.000000 652.000000 107.000000 22.000000 145.000000 0.000000 254.000000
264088 24.406224 24.406224 940.000000 940.000000 1221.000000 704.000000 105.000000 17.000000 114.000000 0.000000 281.000000
265088 25.278219 25.278219 953.000000 953.000000 1258.000000 748.000000 102.000000 13.000000 90.000000 0.000000 305.000000
266088 26.712856 26.712856 971.000000 971.000000 1299.000000 793.000000 94.000000 19.000000 65.000000 0.000000 328.000000
267088 28.679818 28.679818 963.000000 963.000000 1318.000000 787.000000 94.000000 23.000000 59.000000 0.000000 355.000000
268088 32.000000 32.000000 931.000000 931.000000 1325.000000 747.000000 84.000000 30.000000 70.000000 0.000000 394.000000
269088 34.854151 34.854151 905.000000 905.000000 1337.000000 717.000000 86.000000 34.000000 68.000000 0.000000 432.000000
270088 37.731653 37.731653 874.000000 874.000000 1349.000000 684.000000 90.000000 34.000000 66.000000 0.000000 475.000000
271088 40.014684 40.014684 846.000000 846.000000 1362.000000 660.000000 89.000000 29.000000 68.000000 0.000000 516.000000
272088 43.137255 43.137255 822.000000 822.000000 1377.000000 618.000000 100.000000 39.000000 65.000000 0.000000 555.000000
273088 46.523297 46.523297 782.000000 782.000000 1395.000000 574.000000 117.000000 36.000000 55.000000 0.000000 613.000000
274088 49.394155 49.394155 743.000000 743.000000 1403.000000 529.000000 125.000000 33.000000 56.000000 0.000000 660.000000
275088 53.007785 53.007785 697.000000 697.000000 1413.000000 477.000000 128.000000 33.000000 59.000000 0.000000 716.000000
276088 56.582633 56.582633 668.000000 668.000000 1428.000000 426.000000 141.000000 48.000000 53.000000 0.000000 760.000000
277088 59.930314 59.930314 619.000000 619.000000 1435.000000 366.000000 155.000000 44.000000 54.000000 0.000000 816.000000
278088 61.742160 61.742160 578.000000 578.000000 1435.000000 340.000000 148.000000 29.000000 61.000000 0.000000 857.000000
279088 62.112676 62.112676 551.000000 551.000000 1420.000000 331.000000 141.000000 13.000000 66.000000 0.000000 869.000000
280088 62.226920 62.226920 548.000000 548.000000 1419.000000 335.000000 127.000000 12.000000 74.000000 0.000000 871.000000
281088 62.669522 62.669522 543.000000 543.000000 1401.000000 332.000000 109.000000 20.000000 82.000000 0.000000 858.000000
282088 62.554113 62.554113 530.000000 530.000000 1386.000000 333.000000 99.000000 11.000000 87.000000 0.000000 856.000000
283088 62.775330 62.775330 525.000000 525.000000 1362.000000 329.000000 85.000000 18.000000 93.000000 0.000000 837.000000
284088 63.899185 63.899185 512.000000 512.000000 1349.000000 316.000000 69.000000 25.000000 102.000000 0.000000 837.000000
285088 63.616071 63.616071 502.000000 502.000000 1344.000000 333.000000 57.000000 13.000000 99.000000 0.000000 842.000000
286088 63.976084 63.976084 500.000000 500.000000 1338.000000 340.000000 48.000000 18.000000 94.000000 0.000000 838.000000
287088 63.670695 63.670695 496.000000 496.000000 1324.000000 346.000000 49.000000 15.000000 86.000000 0.000000 828.000000
288088 63.416478 63.416478 500.000000 500.000000 1323.000000 369.000000 49.000000 16.000000 66.000000 0.000000 823.000000
289088 63.498099 63.498099 498.000000 498.000000 1315.000000 374.000000 53.000000 18.000000 53.000000 0.000000 817.000000
290088 63.366337 63.366337 496.000000 496.000000 1313.000000 389.000000 51.000000 15.000000 41.000000 0.000000 817.000000
291088 62.908243 62.908243 493.000000 493.000000 1286.000000 390.000000 58.000000 16.000000 29.000000 0.000000 793.000000
292088 62.748213 62.748213 482.000000 482.000000 1259.000000 379.000000 61.000000 13.000000 29.000000 0.000000 777.000000
293088 63.731826 63.731826 470.000000 470.000000 1238.000000 358.000000 62.000000 21.000000 29.000000 0.000000 768.000000
294088 63.575606 63.575606 452.000000 452.000000 1197.000000 342.000000 65.000000 16.000000 29.000000 0.000000 745.000000
295088 63.194444 63.194444 438.000000 438.000000 1152.000000 327.000000 65.000000 14.000000 32.000000 0.000000 714.000000
296088 64.600180 64.600180 420.000000 420.000000 1113.000000 292.000000 71.000000 26.000000 31.000000 0.000000 693.000000
297088 65.452848 65.452848 394.000000 394.000000 1071.000000 262.000000 74.000000 24.000000 34.000000 0.000000 677.000000
298088 66.666667 66.666667 367.000000 367.000000 1038.000000 234.000000 73.000000 21.000000 39.000000 0.000000 671.000000
299088 67.367367 67.367367 347.000000 347.000000 999.000000 210.000000 77.000000 21.000000 39.000000 0.000000 652.000000
300088 67.912773 67.912773 332.000000 332.000000 963.000000 186.000000 82.000000 23.000000 41.000000 0.000000 631.000000
301088 68.946797 68.946797 307.000000 307.000000 921.000000 153.000000 88.000000 21.000000 45.000000 0.000000 614.000000
302088 69.230769 69.230769 289.000000 289.000000 884.000000 136.000000 88.000000 17.000000 48.000000 0.000000 595.000000
303088 67.711963 67.711963 287.000000 287.000000 861.000000 152.000000 84.000000 9.000000 42.000000 0.000000 574.000000
304088 66.866747 66.866747 284.000000 284.000000 833.000000 154.000000 78.000000 8.000000 44.000000 0.000000 549.000000
305088 66.337855 66.337855 281.000000 281.000000 811.000000 156.000000 64.000000 8.000000 53.000000 0.000000 530.000000
306088 65.750000 65.750000 282.000000 282.000000 800.000000 163.000000 63.000000 8.000000 48.000000 0.000000 518.000000
307088 65.384615 65.384615 276.000000 276.000000 780.000000 160.000000 53.000000 6.000000 57.000000 0.000000 504.000000
308088 63.754889 63.754889 283.000000 283.000000 767.000000 178.000000 44.000000 5.000000 56.000000 0.000000 484.000000
309088 63.672391 63.672391 283.000000 283.000000 757.000000 182.000000 32.000000 8.000000 61.000000 0.000000 474.000000
310088 62.584118 62.584118 287.000000 287.000000 743.000000 194.000000 28.000000 9.000000 56.000000 0.000000 456.000000
311088 62.277092 62.277092 283.000000 283.000000 729.000000 198.000000 24.000000 8.000000 53.000000 0.000000 446.000000
312088 61.818182 61.818182 279.000000 279.000000 715.000000 202.000000 21.000000 6.000000 50.000000 0.000000 436.000000
313088 60.644258 60.644258 288.000000 288.000000 714.000000 222.000000 24.000000 7.000000 35.000000 0.000000 426.000000
314088 60.537482 60.537482 293.000000 293.000000 707.000000 227.000000 28.000000 14.000000 24.000000 0.000000 414.000000
315088 60.667634 60.667634 282.000000 282.000000 689.000000 222.000000 28.000000 11.000000 21.000000 0.000000 407.000000
316088 60.355030 60.355030 273.000000 273.000000 676.000000 219.000000 31.000000 5.000000 18.000000 0.000000 403.000000
317088 60.152672 60.152672 271.000000 271.000000 655.000000 213.000000 32.000000 10.000000 16.000000 0.000000 384.000000
318088 61.214953 61.214953 258.000000 258.000000 642.000000 202.000000 30.000000 9.000000 17.000000 0.000000 384.000000
319088 62.560000 62.560000 248.000000 248.000000 625.000000 185.000000 35.000000 14.000000 14.000000 0.000000 377.000000
320088 62.624585 62.624585 236.000000 236.000000 602.000000 180.000000 33.000000 11.000000 12.000000 0.000000 366.000000
321088 64.285714 64.285714 219.000000 219.000000 574.000000 155.000000 35.000000 14.000000 15.000000 0.000000 355.000000
322088 63.898917 63.898917 208.000000 208.000000 554.000000 150.000000 33.000000 8.000000 17.000000 0.000000 346.000000
323088 64.583333 64.583333 198.000000 198.000000 528.000000 134.000000 32.000000 11.000000 21.000000 0.000000 330.000000
324088 66.269841 66.269841 182.000000 182.000000 504.000000 115.000000 31.000000 12.000000 24.000000 0.000000 322.000000
325088 69.341564 69.341564 164.000000 164.000000 486.000000 94.000000 30.000000 15.000000 25.000000 0.000000 322.000000
326088 70.276008 70.276008 151.000000 151.000000 471.000000 82.000000 37.000000 11.000000 21.000000 0.000000 320.000000
254461 3.131991 3.131991 894.000000 894.000000 894.000000 459.000000 326.000000 28.000000 81.000000 0.000000 0.000000
255461 6.762749 6.762749 861.000000 861.000000 902.000000 429.000000 310.000000 20.000000 102.000000 0.000000 41.000000
256461 11.195652 11.195652 850.000000 850.000000 920.000000 409.000000 290.000000 33.000000 118.000000 0.000000 70.000000
257461 13.933548 13.933548 821.000000 821.000000 933.000000 394.000000 256.000000 18.000000 153.000000 0.000000 112.000000
258461 16.839917 16.839917 824.000000 824.000000 962.000000 413.000000 217.000000 24.000000 170.000000 0.000000 138.000000
259461 18.896834 18.896834 808.000000 808.000000 979.000000 410.000000 190.000000 14.000000 194.000000 0.000000 171.000000
260461 22.101090 22.101090 816.000000 816.000000 1009.000000 413.000000 158.000000 30.000000 215.000000 0.000000 193.000000
261461 22.980769 22.980769 815.000000 815.000000 1040.000000 453.000000 123.000000 14.000000 225.000000 0.000000 225.000000
262461 23.963134 23.963134 841.000000 841.000000 1085.000000 519.000000 91.000000 16.000000 215.000000 0.000000 244.000000
263461 24.603175 24.603175 868.000000 868.000000 1134.000000 592.000000 82.000000 13.000000 181.000000 0.000000 266.000000
264461 25.148683 25.148683 895.000000 895.000000 1177.000000 661.000000 69.000000 14.000000 151.000000 0.000000 282.000000
265461 24.713584 24.713584 925.000000 925.000000 1222.000000 741.000000 58.000000 5.000000 121.000000 0.000000 297.000000
266461 25.770751 25.770751 956.000000 956.000000 1265.000000 797.000000 57.000000 17.000000 85.000000 0.000000 309.000000
267461 26.563707 26.563707 968.000000 968.000000 1295.000000 831.000000 57.000000 17.000000 63.000000 0.000000 327.000000
268461 28.136882 28.136882 960.000000 960.000000 1315.000000 837.000000 46.000000 15.000000 62.000000 0.000000 355.000000
269461 30.150376 30.150376 954.000000 954.000000 1330.000000 822.000000 54.000000 25.000000 53.000000 0.000000 376.000000
270461 32.089552 32.089552 929.000000 929.000000 1340.000000 803.000000 59.000000 19.000000 48.000000 0.000000 411.000000
271461 34.740741 34.740741 907.000000 907.000000 1350.000000 765.000000 71.000000 26.000000 45.000000 0.000000 443.000000
272461 38.014706 38.014706 878.000000 878.000000 1360.000000 721.000000 85.000000 35.000000 37.000000 0.000000 482.000000
273461 43.095930 43.095930 838.000000 838.000000 1376.000000 654.000000 101.000000 55.000000 28.000000 0.000000 538.000000
274461 47.687861 47.687861 767.000000 767.000000 1384.000000 585.000000 114.000000 43.000000 25.000000 0.000000 617.000000
275461 52.418773 52.418773 709.000000 709.000000 1385.000000 495.000000 133.000000 50.000000 31.000000 0.000000 676.000000
276461 56.066045 56.066045 657.000000 657.000000 1393.000000 435.000000 146.000000 45.000000 31.000000 0.000000 736.000000
277461 60.143885 60.143885 595.000000 595.000000 1390.000000 362.000000 149.000000 41.000000 43.000000 0.000000 795.000000
278461 64.213564 64.213564 541.000000 541.000000 1386.000000 299.000000 150.000000 45.000000 47.000000 0.000000 845.000000
279461 65.741417 65.741417 497.000000 497.000000 1369.000000 268.000000 142.000000 28.000000 59.000000 0.000000 872.000000
280461 66.839763 66.839763 467.000000 467.000000 1348.000000 241.000000 134.000000 20.000000 72.000000 0.000000 881.000000
281461 67.296073 67.296073 453.000000 453.000000 1324.000000 230.000000 119.000000 20.000000 84.000000 0.000000 871.000000
282461 67.687596 67.687596 442.000000 442.000000 1306.000000 228.000000 104.000000 20.000000 90.000000 0.000000 864.000000
283461 67.882079 67.882079 430.000000 430.000000 1289.000000 224.000000 88.000000 16.000000 102.000000 0.000000 859.000000
284461 67.554859 67.554859 432.000000 432.000000 1276.000000 236.000000 79.000000 18.000000 99.000000 0.000000 844.000000
285461 67.216981 67.216981 426.000000 426.000000 1272.000000 246.000000 70.000000 9.000000 101.000000 0.000000 846.000000
286461 66.509804 66.509804 439.000000 439.000000 1275.000000 275.000000 64.000000 12.000000 88.000000 0.000000 836.000000
287461 66.064415 66.064415 446.000000 446.000000 1273.000000 298.000000 56.000000 14.000000 78.000000 0.000000 827.000000
288461 65.098039 65.098039 450.000000 450.000000 1275.000000 328.000000 52.000000 5.000000 65.000000 0.000000 825.000000
289461 64.719811 64.719811 452.000000 452.000000 1267.000000 342.000000 46.000000 5.000000 59.000000 0.000000 815.000000
290461 64.195584 64.195584 463.000000 463.000000 1268.000000 363.000000 47.000000 9.000000 44.000000 0.000000 805.000000
291461 64.308426 64.308426 457.000000 457.000000 1258.000000 366.000000 43.000000 8.000000 40.000000 0.000000 801.000000
292461 63.577760 63.577760 458.000000 458.000000 1241.000000 372.000000 42.000000 6.000000 38.000000 0.000000 783.000000
293461 63.950617 63.950617 454.000000 454.000000 1215.000000 359.000000 39.000000 16.000000 40.000000 0.000000 761.000000
294461 64.833333 64.833333 443.000000 443.000000 1200.000000 345.000000 40.000000 21.000000 37.000000 0.000000 757.000000
295461 65.702128 65.702128 426.000000 426.000000 1175.000000 324.000000 46.000000 23.000000 33.000000 0.000000 749.000000
296461 65.927240 65.927240 404.000000 404.000000 1127.000000 304.000000 49.000000 20.000000 31.000000 0.000000 723.000000
297461 66.789668 66.789668 384.000000 384.000000 1084.000000 276.000000 57.000000 24.000000 27.000000 0.000000 700.000000
298461 67.276227 67.276227 355.000000 355.000000 1039.000000 255.000000 59.000000 15.000000 26.000000 0.000000 684.000000
299461 68.016194 68.016194 335.000000 335.000000 988.000000 228.000000 66.000000 19.000000 22.000000 0.000000 653.000000
300461 68.803419 68.803419 310.000000 310.000000 936.000000 199.000000 69.000000 18.000000 24.000000 0.000000 626.000000
301461 69.665513 69.665513 286.000000 286.000000 867.000000 165.000000 71.000000 23.000000 27.000000 0.000000 581.000000
302461 69.073406 69.073406 268.000000 268.000000 831.000000 154.000000 73.000000 11.000000 30.000000 0.000000 563.000000
303461 68.136020 68.136020 260.000000 260.000000 794.000000 152.000000 68.000000 7.000000 33.000000 0.000000 534.000000
304461 67.635403 67.635403 253.000000 253.000000 757.000000 143.000000 64.000000 8.000000 38.000000 0.000000 504.000000
305461 67.571235 67.571235 251.000000 251.000000 737.000000 138.000000 62.000000 12.000000 39.000000 0.000000 486.000000
306461 67.700987 67.700987 239.000000 239.000000 709.000000 127.000000 57.000000 10.000000 45.000000 0.000000 470.000000
307461 67.293777 67.293777 233.000000 233.000000 691.000000 130.000000 54.000000 7.000000 42.000000 0.000000 458.000000
308461 66.764706 66.764706 235.000000 235.000000 680.000000 138.000000 43.000000 9.000000 45.000000 0.000000 445.000000
309461 66.467958 66.467958 229.000000 229.000000 671.000000 143.000000 36.000000 4.000000 46.000000 0.000000 442.000000
310461 66.315789 66.315789 232.000000 232.000000 665.000000 148.000000 34.000000 8.000000 42.000000 0.000000 433.000000
311461 66.163142 66.163142 227.000000 227.000000 662.000000 151.000000 28.000000 3.000000 45.000000 0.000000 435.000000
312461 65.331279 65.331279 229.000000 229.000000 649.000000 158.000000 26.000000 4.000000 41.000000 0.000000 420.000000
313461 64.705882 64.705882 233.000000 233.000000 646.000000 167.000000 25.000000 5.000000 36.000000 0.000000 413.000000
314461 63.223787 63.223787 236.000000 236.000000 639.000000 174.000000 29.000000 1.000000 32.000000 0.000000 403.000000
315461 62.875197 62.875197 240.000000 240.000000 633.000000 179.000000 30.000000 5.000000 26.000000 0.000000 393.000000
316461 61.858974 61.858974 244.000000 244.000000 624.000000 187.000000 33.000000 6.000000 18.000000 0.000000 380.000000
317461 62.233169 62.233169 240.000000 240.000000 609.000000 179.000000 33.000000 10.000000 18.000000 0.000000 369.000000
318461 63.069140 63.069140 231.000000 231.000000 593.000000 168.000000 33.000000 12.000000 18.000000 0.000000 362.000000
319461 62.391681 62.391681 222.000000 222.000000 577.000000 168.000000 33.000000 5.000000 16.000000 0.000000 355.000000
320461 62.815884 62.815884 215.000000 215.000000 554.000000 152.000000 40.000000 9.000000 14.000000 0.000000 339.000000
321461 63.687151 63.687151 204.000000 204.000000 537.000000 141.000000 35.000000 9.000000 19.000000 0.000000 333.000000
322461 63.547758 63.547758 196.000000 196.000000 513.000000 131.000000 34.000000 9.000000 22.000000 0.000000 317.000000
323461 63.429752 63.429752 189.000000 189.000000 484.000000 120.000000 35.000000 12.000000 22.000000 0.000000 295.000000
324461 63.146552 63.146552 180.000000 180.000000 464.000000 114.000000 33.000000 9.000000 24.000000 0.000000 284.000000
325461 63.448276 63.448276 166.000000 166.000000 435.000000 100.000000 33.000000 7.000000 26.000000 0.000000 269.000000
326461 62.679426 62.679426 161.000000 161.000000 418.000000 99.000000 36.000000 5.000000 21.000000 0.000000 257.000000
250616 3.163842 3.163842 885.000000 885.000000 885.000000 449.000000 320.000000 28.000000 88.000000 0.000000 0.000000
251616 7.469342 7.469342 857.000000 857.000000 897.000000 413.000000 304.000000 27.000000 113.000000 0.000000 40.000000
252616 11.403509 11.403509 833.000000 833.000000 912.000000 393.000000 275.000000 25.000000 140.000000 0.000000 79.000000
253616 15.698925 15.698925 810.000000 810.000000 930.000000 376.000000 246.000000 26.000000 162.000000 0.000000 120.000000
254616 18.947368 18.947368 793.000000 793.000000 950.000000 365.000000 226.000000 23.000000 179.000000 0.000000 157.000000
255616 21.654750 21.654750 791.000000 791.000000 979.000000 382.000000 187.000000 24.000000 198.000000 0.000000 188.000000
256616 22.871287 22.871287 796.000000 796.000000 1010.000000 420.000000 141.000000 17.000000 218.000000 0.000000 214.000000
257616 24.147727 24.147727 819.000000 819.000000 1056.000000 480.000000 102.000000 18.000000 219.000000 0.000000 237.000000
258616 24.428179 24.428179 838.000000 838.000000 1093.000000 536.000000 88.000000 12.000000 202.000000 0.000000 255.000000
259616 24.690265 24.690265 862.000000 862.000000 1130.000000 593.000000 75.000000 11.000000 183.000000 0.000000 268.000000
260616 24.489796 24.489796 893.000000 893.000000 1176.000000 673.000000 63.000000 5.000000 152.000000 0.000000 283.000000
261616 24.632953 24.632953 930.000000 930.000000 1226.000000 756.000000 55.000000 6.000000 113.000000 0.000000 296.000000
262616 25.295508 25.295508 962.000000 962.000000 1269.000000 817.000000 51.000000 14.000000 80.000000 0.000000 307.000000
263616 26.697531 26.697531 969.000000 969.000000 1296.000000 839.000000 46.000000 19.000000 65.000000 0.000000 327.000000
264616 28.158295 28.158295 958.000000 958.000000 1314.000000 844.000000 46.000000 14.000000 54.000000 0.000000 356.000000
265616 30.647590 30.647590 943.000000 943.000000 1328.000000 826.000000 49.000000 22.000000 46.000000 0.000000 385.000000
266616 33.034380 33.034380 919.000000 919.000000 1338.000000 797.000000 54.000000 23.000000 45.000000 0.000000 419.000000
267616 35.857461 35.857461 894.000000 894.000000 1347.000000 751.000000 72.000000 30.000000 41.000000 0.000000 453.000000
268616 39.146431 39.146431 865.000000 865.000000 1359.000000 705.000000 90.000000 38.000000 32.000000 0.000000 494.000000
269616 44.184345 44.184345 812.000000 812.000000 1367.000000 632.000000 100.000000 49.000000 31.000000 0.000000 555.000000
270616 48.542274 48.542274 755.000000 755.000000 1372.000000 552.000000 124.000000 49.000000 30.000000 0.000000 617.000000
271616 52.422270 52.422270 700.000000 700.000000 1383.000000 495.000000 139.000000 42.000000 24.000000 0.000000 683.000000
272616 57.122198 57.122198 644.000000 644.000000 1383.000000 400.000000 164.000000 51.000000 29.000000 0.000000 739.000000
273616 61.287988 61.287988 580.000000 580.000000 1382.000000 330.000000 163.000000 45.000000 42.000000 0.000000 802.000000
274616 63.872832 63.872832 533.000000 533.000000 1384.000000 282.000000 174.000000 33.000000 44.000000 0.000000 851.000000
275616 65.319618 65.319618 498.000000 498.000000 1361.000000 249.000000 159.000000 26.000000 64.000000 0.000000 863.000000
276616 66.741573 66.741573 462.000000 462.000000 1335.000000 212.000000 152.000000 18.000000 80.000000 0.000000 873.000000
277616 66.896024 66.896024 449.000000 449.000000 1308.000000 204.000000 144.000000 16.000000 85.000000 0.000000 859.000000
278616 66.512346 66.512346 448.000000 448.000000 1296.000000 217.000000 123.000000 14.000000 94.000000 0.000000 848.000000
279616 66.379984 66.379984 445.000000 445.000000 1279.000000 222.000000 104.000000 15.000000 104.000000 0.000000 834.000000
280616 65.378549 65.378549 447.000000 447.000000 1268.000000 248.000000 86.000000 8.000000 105.000000 0.000000 821.000000
281616 65.399842 65.399842 448.000000 448.000000 1263.000000 260.000000 71.000000 11.000000 106.000000 0.000000 815.000000
282616 64.888535 64.888535 448.000000 448.000000 1256.000000 269.000000 59.000000 7.000000 113.000000 0.000000 808.000000
283616 64.798737 64.798737 456.000000 456.000000 1267.000000 291.000000 57.000000 10.000000 98.000000 0.000000 811.000000
284616 63.414634 63.414634 473.000000 473.000000 1271.000000 334.000000 45.000000 8.000000 86.000000 0.000000 798.000000
285616 62.794349 62.794349 486.000000 486.000000 1274.000000 358.000000 42.000000 12.000000 74.000000 0.000000 788.000000
286616 61.526357 61.526357 494.000000 494.000000 1271.000000 393.000000 39.000000 5.000000 57.000000 0.000000 777.000000
287616 60.694554 60.694554 503.000000 503.000000 1267.000000 417.000000 35.000000 5.000000 46.000000 0.000000 764.000000
288616 60.513644 60.513644 500.000000 500.000000 1246.000000 409.000000 40.000000 8.000000 43.000000 0.000000 746.000000
289616 60.943857 60.943857 498.000000 498.000000 1229.000000 397.000000 51.000000 18.000000 32.000000 0.000000 731.000000
290616 61.443806 61.443806 484.000000 484.000000 1219.000000 388.000000 53.000000 14.000000 29.000000 0.000000 735.000000
291616 61.492791 61.492791 474.000000 474.000000 1179.000000 364.000000 62.000000 20.000000 28.000000 0.000000 705.000000
292616 61.199295 61.199295 457.000000 457.000000 1134.000000 348.000000 68.000000 17.000000 24.000000 0.000000 677.000000
293616 61.054579 61.054579 439.000000 439.000000 1081.000000 317.000000 78.000000 18.000000 26.000000 0.000000 642.000000
294616 62.752647 62.752647 419.000000 419.000000 1039.000000 276.000000 83.000000 32.000000 28.000000 0.000000 620.000000
295616 63.397371 63.397371 382.000000 382.000000 989.000000 247.000000 91.000000 20.000000 24.000000 0.000000 607.000000
296616 64.171123 64.171123 363.000000 363.000000 935.000000 217.000000 92.000000 28.000000 26.000000 0.000000 572.000000
297616 65.358744 65.358744 333.000000 333.000000 892.000000 181.000000 95.000000 24.000000 33.000000 0.000000 559.000000
298616 65.917160 65.917160 304.000000 304.000000 845.000000 155.000000 92.000000 16.000000 41.000000 0.000000 541.000000
299616 64.757161 64.757161 295.000000 295.000000 803.000000 147.000000 88.000000 12.000000 48.000000 0.000000 508.000000
300616 64.713542 64.713542 284.000000 284.000000 768.000000 134.000000 80.000000 13.000000 57.000000 0.000000 484.000000
301616 65.217391 65.217391 277.000000 277.000000 759.000000 131.000000 72.000000 13.000000 61.000000 0.000000 482.000000
302616 64.721845 64.721845 270.000000 270.000000 737.000000 127.000000 66.000000 10.000000 67.000000 0.000000 467.000000
303616 63.748290 63.748290 272.000000 272.000000 731.000000 143.000000 63.000000 7.000000 59.000000 0.000000 459.000000
304616 62.849162 62.849162 273.000000 273.000000 716.000000 152.000000 55.000000 7.000000 59.000000 0.000000 443.000000
305616 61.719834 61.719834 280.000000 280.000000 721.000000 174.000000 46.000000 4.000000 56.000000 0.000000 441.000000
306616 60.917942 60.917942 285.000000 285.000000 719.000000 194.000000 34.000000 4.000000 53.000000 0.000000 434.000000
307616 60.277778 60.277778 291.000000 291.000000 720.000000 205.000000 34.000000 5.000000 47.000000 0.000000 429.000000
308616 59.580420 59.580420 293.000000 293.000000 715.000000 211.000000 35.000000 4.000000 43.000000 0.000000 422.000000
309616 58.392102 58.392102 297.000000 297.000000 709.000000 218.000000 34.000000 2.000000 43.000000 0.000000 412.000000
310616 57.827927 57.827927 304.000000 304.000000 709.000000 231.000000 30.000000 5.000000 38.000000 0.000000 405.000000
311616 58.297872 58.297872 309.000000 309.000000 705.000000 231.000000 31.000000 15.000000 32.000000 0.000000 396.000000
312616 57.593123 57.593123 302.000000 302.000000 698.000000 240.000000 32.000000 6.000000 24.000000 0.000000 396.000000
313616 57.624633 57.624633 295.000000 295.000000 682.000000 230.000000 35.000000 6.000000 24.000000 0.000000 387.000000
314616 58.074074 58.074074 291.000000 291.000000 675.000000 222.000000 42.000000 8.000000 19.000000 0.000000 384.000000
315616 58.510638 58.510638 283.000000 283.000000 658.000000 210.000000 46.000000 10.000000 17.000000 0.000000 375.000000
316616 58.954041 58.954041 273.000000 273.000000 631.000000 192.000000 48.000000 14.000000 19.000000 0.000000 358.000000
317616 61.165049 61.165049 254.000000 254.000000 618.000000 169.000000 50.000000 14.000000 21.000000 0.000000 364.000000
318616 62.500000 62.500000 240.000000 240.000000 592.000000 148.000000 52.000000 18.000000 22.000000 0.000000 352.000000
319616 61.837456 61.837456 223.000000 223.000000 566.000000 139.000000 53.000000 7.000000 24.000000 0.000000 343.000000
320616 61.325967 61.325967 218.000000 218.000000 543.000000 131.000000 55.000000 8.000000 24.000000 0.000000 325.000000
321616 61.950287 61.950287 211.000000 211.000000 523.000000 122.000000 54.000000 12.000000 23.000000 0.000000 312.000000
322616 62.525050 62.525050 198.000000 198.000000 499.000000 109.000000 49.000000 11.000000 29.000000 0.000000 301.000000
252363 4.194260 4.194260 906.000000 906.000000 906.000000 517.000000 274.000000 38.000000 77.000000 0.000000 0.000000
253363 9.890110 9.890110 860.000000 860.000000 910.000000 449.000000 277.000000 40.000000 94.000000 0.000000 50.000000
254363 16.251354 16.251354 814.000000 814.000000 923.000000 399.000000 267.000000 41.000000 107.000000 0.000000 109.000000
255363 20.979766 20.979766 778.000000 778.000000 939.000000 367.000000 248.000000 36.000000 127.000000 0.000000 161.000000
256363 23.883697 23.883697 759.000000 759.000000 963.000000 371.000000 223.000000 26.000000 139.000000 0.000000 204.000000
257363 25.813008 25.813008 751.000000 751.000000 984.000000 377.000000 185.000000 21.000000 168.000000 0.000000 233.000000
258363 27.236581 27.236581 747.000000 747.000000 1006.000000 393.000000 155.000000 15.000000 184.000000 0.000000 259.000000
259363 27.852998 27.852998 756.000000 756.000000 1034.000000 426.000000 119.000000 10.000000 201.000000 0.000000 278.000000
260363 27.767355 27.767355 780.000000 780.000000 1066.000000 472.000000 108.000000 10.000000 190.000000 0.000000 286.000000
261363 28.300181 28.300181 808.000000 808.000000 1106.000000 530.000000 89.000000 15.000000 174.000000 0.000000 298.000000
262363 28.732639 28.732639 834.000000 834.000000 1152.000000 596.000000 81.000000 13.000000 144.000000 0.000000 318.000000
263363 29.051217 29.051217 855.000000 855.000000 1191.000000 655.000000 68.000000 10.000000 122.000000 0.000000 336.000000
264363 28.987854 28.987854 886.000000 886.000000 1235.000000 730.000000 60.000000 9.000000 87.000000 0.000000 349.000000
265363 30.787589 30.787589 892.000000 892.000000 1257.000000 740.000000 52.000000 22.000000 78.000000 0.000000 365.000000
266363 32.212666 32.212666 885.000000 885.000000 1279.000000 748.000000 55.000000 18.000000 64.000000 0.000000 394.000000
267363 34.725445 34.725445 870.000000 870.000000 1293.000000 730.000000 54.000000 26.000000 60.000000 0.000000 423.000000
268363 36.966463 36.966463 850.000000 850.000000 1312.000000 724.000000 49.000000 23.000000 54.000000 0.000000 462.000000
269363 38.729198 38.729198 831.000000 831.000000 1322.000000 708.000000 53.000000 21.000000 49.000000 0.000000 491.000000
270363 41.185296 41.185296 814.000000 814.000000 1333.000000 676.000000 64.000000 30.000000 44.000000 0.000000 519.000000
271363 44.205052 44.205052 788.000000 788.000000 1346.000000 637.000000 81.000000 37.000000 33.000000 0.000000 558.000000
272363 48.410939 48.410939 743.000000 743.000000 1353.000000 577.000000 91.000000 45.000000 30.000000 0.000000 610.000000
273363 51.906158 51.906158 701.000000 701.000000 1364.000000 523.000000 108.000000 45.000000 25.000000 0.000000 663.000000
274363 56.829803 56.829803 652.000000 652.000000 1369.000000 438.000000 123.000000 61.000000 30.000000 0.000000 717.000000
275363 61.420205 61.420205 574.000000 574.000000 1366.000000 358.000000 133.000000 47.000000 36.000000 0.000000 792.000000
276363 63.636364 63.636364 520.000000 520.000000 1353.000000 309.000000 142.000000 28.000000 41.000000 0.000000 833.000000
277363 64.772727 64.772727 484.000000 484.000000 1320.000000 279.000000 134.000000 19.000000 52.000000 0.000000 836.000000
278363 65.559846 65.559846 466.000000 466.000000 1295.000000 258.000000 132.000000 20.000000 56.000000 0.000000 829.000000
279363 66.481334 66.481334 448.000000 448.000000 1259.000000 231.000000 130.000000 26.000000 61.000000 0.000000 811.000000
280363 67.391304 67.391304 429.000000 429.000000 1242.000000 224.000000 115.000000 24.000000 66.000000 0.000000 813.000000
281363 68.029436 68.029436 407.000000 407.000000 1223.000000 213.000000 98.000000 16.000000 80.000000 0.000000 816.000000
282363 68.072787 68.072787 403.000000 403.000000 1209.000000 216.000000 84.000000 17.000000 86.000000 0.000000 806.000000
283363 68.086884 68.086884 398.000000 398.000000 1197.000000 219.000000 64.000000 16.000000 99.000000 0.000000 799.000000
284363 68.412162 68.412162 396.000000 396.000000 1184.000000 219.000000 62.000000 22.000000 93.000000 0.000000 788.000000
285363 68.070767 68.070767 390.000000 390.000000 1187.000000 239.000000 52.000000 11.000000 88.000000 0.000000 797.000000
286363 67.258883 67.258883 396.000000 396.000000 1182.000000 265.000000 40.000000 9.000000 82.000000 0.000000 786.000000
287363 66.187658 66.187658 406.000000 406.000000 1183.000000 293.000000 35.000000 6.000000 72.000000 0.000000 777.000000
288363 65.242881 65.242881 422.000000 422.000000 1194.000000 332.000000 34.000000 7.000000 49.000000 0.000000 772.000000
289363 64.425532 64.425532 424.000000 424.000000 1175.000000 340.000000 35.000000 6.000000 43.000000 0.000000 751.000000
290363 64.273356 64.273356 429.000000 429.000000 1156.000000 340.000000 39.000000 16.000000 34.000000 0.000000 727.000000
291363 64.116095 64.116095 417.000000 417.000000 1137.000000 342.000000 37.000000 9.000000 29.000000 0.000000 720.000000
292363 63.816382 63.816382 412.000000 412.000000 1111.000000 339.000000 32.000000 10.000000 31.000000 0.000000 699.000000
293363 63.594891 63.594891 406.000000 406.000000 1096.000000 329.000000 43.000000 7.000000 27.000000 0.000000 690.000000
294363 64.639850 64.639850 394.000000 394.000000 1069.000000 298.000000 55.000000 16.000000 25.000000 0.000000 675.000000
295363 65.192308 65.192308 375.000000 375.000000 1040.000000 281.000000 57.000000 13.000000 24.000000 0.000000 665.000000
296363 66.132265 66.132265 361.000000 361.000000 998.000000 254.000000 62.000000 23.000000 22.000000 0.000000 637.000000
297363 65.245203 65.245203 344.000000 344.000000 938.000000 243.000000 64.000000 18.000000 19.000000 0.000000 594.000000
298363 66.518354 66.518354 318.000000 318.000000 899.000000 206.000000 72.000000 17.000000 23.000000 0.000000 581.000000
299363 67.018779 67.018779 299.000000 299.000000 852.000000 178.000000 76.000000 18.000000 27.000000 0.000000 553.000000
300363 68.368618 68.368618 276.000000 276.000000 803.000000 142.000000 85.000000 22.000000 27.000000 0.000000 527.000000
301363 68.627451 68.627451 253.000000 253.000000 765.000000 128.000000 75.000000 13.000000 37.000000 0.000000 512.000000
302363 68.707483 68.707483 241.000000 241.000000 735.000000 117.000000 75.000000 11.000000 38.000000 0.000000 494.000000
303363 68.741160 68.741160 232.000000 232.000000 707.000000 112.000000 70.000000 11.000000 39.000000 0.000000 475.000000
304363 68.035191 68.035191 224.000000 224.000000 682.000000 113.000000 62.000000 6.000000 43.000000 0.000000 458.000000
305363 67.075038 67.075038 219.000000 219.000000 653.000000 112.000000 53.000000 4.000000 50.000000 0.000000 434.000000
306363 66.203704 66.203704 227.000000 227.000000 648.000000 125.000000 47.000000 8.000000 47.000000 0.000000 421.000000
307363 65.238095 65.238095 222.000000 222.000000 630.000000 128.000000 37.000000 3.000000 54.000000 0.000000 408.000000
308363 65.023847 65.023847 225.000000 225.000000 629.000000 139.000000 31.000000 5.000000 50.000000 0.000000 404.000000
309363 64.573269 64.573269 224.000000 224.000000 621.000000 144.000000 25.000000 4.000000 51.000000 0.000000 397.000000
310363 63.322368 63.322368 226.000000 226.000000 608.000000 154.000000 21.000000 3.000000 48.000000 0.000000 382.000000
311363 61.857380 61.857380 232.000000 232.000000 603.000000 170.000000 20.000000 2.000000 40.000000 0.000000 371.000000
312363 60.299003 60.299003 242.000000 242.000000 602.000000 189.000000 21.000000 3.000000 29.000000 0.000000 360.000000
313363 59.290541 59.290541 244.000000 244.000000 592.000000 196.000000 24.000000 3.000000 21.000000 0.000000 348.000000
314363 59.454855 59.454855 243.000000 243.000000 587.000000 197.000000 23.000000 5.000000 18.000000 0.000000 344.000000
315363 59.278351 59.278351 242.000000 242.000000 582.000000 196.000000 27.000000 5.000000 14.000000 0.000000 340.000000
316363 58.480565 58.480565 240.000000 240.000000 566.000000 194.000000 27.000000 5.000000 14.000000 0.000000 326.000000
317363 58.992806 58.992806 238.000000 238.000000 556.000000 184.000000 32.000000 10.000000 12.000000 0.000000 318.000000
318363 60.000000 60.000000 224.000000 224.000000 540.000000 168.000000 33.000000 8.000000 15.000000 0.000000 316.000000
319363 61.247637 61.247637 216.000000 216.000000 529.000000 155.000000 37.000000 11.000000 13.000000 0.000000 313.000000
320363 62.426614 62.426614 202.000000 202.000000 511.000000 139.000000 39.000000 10.000000 14.000000 0.000000 309.000000
321363 62.857143 62.857143 192.000000 192.000000 490.000000 129.000000 38.000000 10.000000 15.000000 0.000000 298.000000
322363 64.316239 64.316239 180.000000 180.000000 468.000000 108.000000 44.000000 13.000000 15.000000 0.000000 288.000000
323363 66.004415 66.004415 167.000000 167.000000 453.000000 94.000000 40.000000 13.000000 20.000000 0.000000 286.000000
324363 67.511521 67.511521 151.000000 151.000000 434.000000 75.000000 45.000000 10.000000 21.000000 0.000000 283.000000
