253065 2.651113 2.651113 943.000000 943.000000 943.000000 559.000000 241.000000 25.000000 118.000000 0.000000 0.000000
254065 6.301653 6.301653 932.000000 932.000000 968.000000 562.000000 228.000000 25.000000 117.000000 0.000000 36.000000
255065 9.625127 9.625127 916.000000 916.000000 987.000000 554.000000 216.000000 24.000000 122.000000 0.000000 71.000000
256065 11.602753 11.602753 916.000000 916.000000 1017.000000 581.000000 203.000000 17.000000 115.000000 0.000000 101.000000
257065 13.915547 13.915547 916.000000 916.000000 1042.000000 600.000000 175.000000 19.000000 122.000000 0.000000 126.000000
258065 16.886792 16.886792 909.000000 909.000000 1060.000000 593.000000 150.000000 28.000000 138.000000 0.000000 151.000000
259065 18.559557 18.559557 899.000000 899.000000 1083.000000 612.000000 113.000000 17.000000 157.000000 0.000000 184.000000
260065 21.570397 21.570397 897.000000 897.000000 1108.000000 614.000000 85.000000 28.000000 170.000000 0.000000 211.000000
261065 24.357839 24.357839 884.000000 884.000000 1129.000000 609.000000 72.000000 30.000000 173.000000 0.000000 245.000000
262065 25.967326 25.967326 880.000000 880.000000 1163.000000 638.000000 71.000000 19.000000 152.000000 0.000000 283.000000
263065 28.239203 28.239203 893.000000 893.000000 1204.000000 669.000000 77.000000 29.000000 118.000000 0.000000 311.000000
264065 31.320451 31.320451 883.000000 883.000000 1242.000000 682.000000 81.000000 30.000000 90.000000 0.000000 359.000000
265065 32.967894 32.967894 879.000000 879.000000 1277.000000 714.000000 80.000000 23.000000 62.000000 0.000000 398.000000
266065 35.000000 35.000000 867.000000 867.000000 1300.000000 710.000000 89.000000 22.000000 46.000000 0.000000 433.000000
267065 37.528604 37.528604 848.000000 848.000000 1311.000000 687.000000 84.000000 29.000000 48.000000 0.000000 463.000000
268065 39.409985 39.409985 822.000000 822.000000 1322.000000 658.000000 96.000000 21.000000 47.000000 0.000000 500.000000
269065 41.816817 41.816817 801.000000 801.000000 1332.000000 632.000000 97.000000 26.000000 46.000000 0.000000 531.000000
270065 44.053852 44.053852 771.000000 771.000000 1337.000000 595.000000 103.000000 23.000000 50.000000 0.000000 566.000000
271065 46.290801 46.290801 753.000000 753.000000 1348.000000 563.000000 107.000000 29.000000 54.000000 0.000000 595.000000
272065 48.748159 48.748159 721.000000 721.000000 1358.000000 532.000000 109.000000 25.000000 55.000000 0.000000 637.000000
273065 52.046784 52.046784 693.000000 693.000000 1368.000000 480.000000 122.000000 37.000000 54.000000 0.000000 675.000000
274065 55.628177 55.628177 650.000000 650.000000 1377.000000 422.000000 136.000000 39.000000 53.000000 0.000000 727.000000
275065 58.755427 58.755427 605.000000 605.000000 1382.000000 368.000000 143.000000 35.000000 59.000000 0.000000 777.000000
276065 62.093863 62.093863 567.000000 567.000000 1385.000000 312.000000 146.000000 42.000000 67.000000 0.000000 818.000000
277065 63.314038 63.314038 525.000000 525.000000 1382.000000 295.000000 148.000000 18.000000 64.000000 0.000000 857.000000
278065 63.994169 63.994169 510.000000 510.000000 1372.000000 289.000000 131.000000 16.000000 74.000000 0.000000 862.000000
279065 63.952628 63.952628 500.000000 500.000000 1351.000000 283.000000 121.000000 13.000000 83.000000 0.000000 851.000000
280065 63.616071 63.616071 499.000000 499.000000 1344.000000 297.000000 117.000000 10.000000 75.000000 0.000000 845.000000
281065 63.480209 63.480209 503.000000 503.000000 1339.000000 308.000000 101.000000 14.000000 80.000000 0.000000 836.000000
282065 63.308271 63.308271 502.000000 502.000000 1330.000000 313.000000 90.000000 14.000000 85.000000 0.000000 828.000000
283065 62.708018 62.708018 506.000000 506.000000 1322.000000 331.000000 70.000000 13.000000 92.000000 0.000000 816.000000
284065 62.701458 62.701458 503.000000 503.000000 1303.000000 326.000000 59.000000 17.000000 101.000000 0.000000 800.000000
285065 61.623325 61.623325 495.000000 495.000000 1269.000000 337.000000 54.000000 8.000000 96.000000 0.000000 774.000000
286065 60.904044 60.904044 506.000000 506.000000 1261.000000 358.000000 52.000000 13.000000 83.000000 0.000000 755.000000
287065 60.665045 60.665045 501.000000 501.000000 1233.000000 358.000000 54.000000 16.000000 73.000000 0.000000 732.000000
288065 60.358891 60.358891 507.000000 507.000000 1226.000000 379.000000 54.000000 21.000000 53.000000 0.000000 719.000000
289065 60.413223 60.413223 493.000000 493.000000 1210.000000 385.000000 51.000000 14.000000 43.000000 0.000000 717.000000
290065 60.470984 60.470984 487.000000 487.000000 1189.000000 388.000000 44.000000 17.000000 38.000000 0.000000 702.000000
291065 59.897172 59.897172 478.000000 478.000000 1167.000000 385.000000 48.000000 10.000000 35.000000 0.000000 689.000000
292065 60.842845 60.842845 464.000000 464.000000 1139.000000 356.000000 51.000000 18.000000 39.000000 0.000000 675.000000
293065 61.809955 61.809955 446.000000 446.000000 1105.000000 326.000000 61.000000 24.000000 35.000000 0.000000 659.000000
294065 62.049861 62.049861 425.000000 425.000000 1083.000000 313.000000 67.000000 14.000000 31.000000 0.000000 658.000000
295065 63.172805 63.172805 413.000000 413.000000 1059.000000 292.000000 67.000000 23.000000 31.000000 0.000000 646.000000
296065 63.645224 63.645224 391.000000 391.000000 1026.000000 276.000000 68.000000 18.000000 29.000000 0.000000 635.000000
297065 64.120603 64.120603 376.000000 376.000000 995.000000 262.000000 67.000000 19.000000 28.000000 0.000000 619.000000
298065 65.690377 65.690377 352.000000 352.000000 956.000000 226.000000 76.000000 24.000000 26.000000 0.000000 604.000000
299065 66.921397 66.921397 326.000000 326.000000 916.000000 193.000000 79.000000 23.000000 31.000000 0.000000 590.000000
300065 67.836920 67.836920 300.000000 300.000000 883.000000 169.000000 77.000000 16.000000 38.000000 0.000000 583.000000
301065 67.928994 67.928994 285.000000 285.000000 845.000000 154.000000 70.000000 14.000000 47.000000 0.000000 560.000000
302065 67.490729 67.490729 273.000000 273.000000 809.000000 146.000000 67.000000 10.000000 50.000000 0.000000 536.000000
303065 67.175573 67.175573 266.000000 266.000000 786.000000 144.000000 63.000000 8.000000 51.000000 0.000000 520.000000
304065 67.529107 67.529107 260.000000 260.000000 773.000000 139.000000 58.000000 9.000000 54.000000 0.000000 513.000000
305065 67.100130 67.100130 260.000000 260.000000 769.000000 143.000000 60.000000 7.000000 50.000000 0.000000 509.000000
306065 66.971279 66.971279 265.000000 265.000000 766.000000 156.000000 56.000000 12.000000 41.000000 0.000000 501.000000
307065 67.193676 67.193676 257.000000 257.000000 759.000000 160.000000 44.000000 8.000000 45.000000 0.000000 502.000000
308065 66.045273 66.045273 256.000000 256.000000 751.000000 171.000000 41.000000 1.000000 43.000000 0.000000 495.000000
309065 66.174497 66.174497 262.000000 262.000000 745.000000 175.000000 34.000000 10.000000 43.000000 0.000000 483.000000
310065 65.306122 65.306122 258.000000 258.000000 735.000000 182.000000 31.000000 3.000000 42.000000 0.000000 477.000000
311065 66.019417 66.019417 256.000000 256.000000 721.000000 174.000000 26.000000 11.000000 45.000000 0.000000 465.000000
312065 64.623955 64.623955 260.000000 260.000000 718.000000 194.000000 26.000000 6.000000 34.000000 0.000000 458.000000
313065 63.924964 63.924964 256.000000 256.000000 693.000000 193.000000 20.000000 6.000000 37.000000 0.000000 437.000000
314065 63.017751 63.017751 255.000000 255.000000 676.000000 199.000000 23.000000 5.000000 28.000000 0.000000 421.000000
315065 61.948250 61.948250 256.000000 256.000000 657.000000 206.000000 21.000000 6.000000 23.000000 0.000000 401.000000
316065 62.383901 62.383901 254.000000 254.000000 646.000000 200.000000 23.000000 11.000000 20.000000 0.000000 392.000000
317065 63.768116 63.768116 242.000000 242.000000 621.000000 183.000000 22.000000 17.000000 20.000000 0.000000 379.000000
318065 66.227348 66.227348 224.000000 224.000000 607.000000 165.000000 25.000000 19.000000 15.000000 0.000000 383.000000
319065 66.723842 66.723842 205.000000 205.000000 583.000000 156.000000 23.000000 11.000000 15.000000 0.000000 378.000000
320065 68.035714 68.035714 194.000000 194.000000 560.000000 138.000000 27.000000 15.000000 14.000000 0.000000 366.000000
321065 67.043315 67.043315 181.000000 181.000000 531.000000 135.000000 25.000000 6.000000 15.000000 0.000000 350.000000
322065 66.216216 66.216216 179.000000 179.000000 518.000000 139.000000 24.000000 4.000000 12.000000 0.000000 339.000000
323065 68.431772 68.431772 173.000000 173.000000 491.000000 118.000000 26.000000 18.000000 11.000000 0.000000 318.000000
324065 68.644068 68.644068 157.000000 157.000000 472.000000 110.000000 23.000000 9.000000 15.000000 0.000000 315.000000
325065 70.288248 70.288248 147.000000 147.000000 451.000000 92.000000 27.000000 13.000000 15.000000 0.000000 304.000000
252168 3.777778 3.777778 900.000000 900.000000 900.000000 500.000000 257.000000 34.000000 109.000000 0.000000 0.000000
253168 9.586057 9.586057 869.000000 869.000000 918.000000 465.000000 244.000000 39.000000 121.000000 0.000000 49.000000
254168 15.524625 15.524625 835.000000 835.000000 934.000000 428.000000 228.000000 46.000000 133.000000 0.000000 99.000000
255168 18.526316 18.526316 792.000000 792.000000 950.000000 416.000000 216.000000 18.000000 142.000000 0.000000 158.000000
256168 21.052632 21.052632 794.000000 794.000000 969.000000 413.000000 190.000000 29.000000 162.000000 0.000000 175.000000
257168 24.055666 24.055666 790.000000 790.000000 1006.000000 437.000000 171.000000 26.000000 156.000000 0.000000 216.000000
258168 26.032661 26.032661 795.000000 795.000000 1041.000000 468.000000 139.000000 25.000000 163.000000 0.000000 246.000000
259168 27.502339 27.502339 790.000000 790.000000 1069.000000 492.000000 114.000000 15.000000 169.000000 0.000000 279.000000
260168 28.087832 28.087832 793.000000 793.000000 1093.000000 519.000000 94.000000 7.000000 173.000000 0.000000 300.000000
261168 28.621908 28.621908 819.000000 819.000000 1132.000000 577.000000 80.000000 11.000000 151.000000 0.000000 313.000000
262168 29.048843 29.048843 841.000000 841.000000 1167.000000 629.000000 72.000000 13.000000 127.000000 0.000000 326.000000
263168 29.617304 29.617304 857.000000 857.000000 1202.000000 670.000000 72.000000 11.000000 104.000000 0.000000 345.000000
264168 30.912026 30.912026 872.000000 872.000000 1239.000000 704.000000 71.000000 16.000000 81.000000 0.000000 367.000000
265168 31.753555 31.753555 874.000000 874.000000 1266.000000 735.000000 65.000000 10.000000 64.000000 0.000000 392.000000
266168 33.203125 33.203125 870.000000 870.000000 1280.000000 727.000000 68.000000 15.000000 60.000000 0.000000 410.000000
267168 35.030864 35.030864 865.000000 865.000000 1296.000000 714.000000 70.000000 23.000000 58.000000 0.000000 431.000000
268168 39.080460 39.080460 836.000000 836.000000 1305.000000 664.000000 77.000000 41.000000 54.000000 0.000000 469.000000
269168 41.729894 41.729894 797.000000 797.000000 1318.000000 636.000000 86.000000 29.000000 46.000000 0.000000 521.000000
270168 44.728916 44.728916 766.000000 766.000000 1328.000000 599.000000 95.000000 32.000000 40.000000 0.000000 562.000000
271168 47.793568 47.793568 729.000000 729.000000 1337.000000 561.000000 93.000000 31.000000 44.000000 0.000000 608.000000
272168 50.925241 50.925241 701.000000 701.000000 1351.000000 524.000000 95.000000 38.000000 44.000000 0.000000 650.000000
273168 54.197349 54.197349 655.000000 655.000000 1358.000000 476.000000 104.000000 33.000000 42.000000 0.000000 703.000000
274168 58.425313 58.425313 604.000000 604.000000 1359.000000 406.000000 109.000000 39.000000 50.000000 0.000000 755.000000
275168 61.674009 61.674009 562.000000 562.000000 1362.000000 347.000000 118.000000 40.000000 57.000000 0.000000 800.000000
276168 63.716167 63.716167 525.000000 525.000000 1367.000000 311.000000 128.000000 29.000000 57.000000 0.000000 842.000000
277168 64.269830 64.269830 498.000000 498.000000 1349.000000 302.000000 122.000000 16.000000 58.000000 0.000000 851.000000
278168 64.875095 64.875095 486.000000 486.000000 1321.000000 285.000000 116.000000 22.000000 63.000000 0.000000 835.000000
279168 64.357977 64.357977 468.000000 468.000000 1285.000000 282.000000 112.000000 10.000000 64.000000 0.000000 817.000000
280168 64.589905 64.589905 467.000000 467.000000 1268.000000 276.000000 115.000000 18.000000 58.000000 0.000000 801.000000
281168 63.694779 63.694779 456.000000 456.000000 1245.000000 286.000000 102.000000 4.000000 64.000000 0.000000 789.000000
282168 64.297386 64.297386 457.000000 457.000000 1224.000000 278.000000 86.000000 20.000000 73.000000 0.000000 767.000000
283168 64.720601 64.720601 443.000000 443.000000 1199.000000 269.000000 73.000000 20.000000 81.000000 0.000000 756.000000
284168 64.497041 64.497041 430.000000 430.000000 1183.000000 270.000000 63.000000 10.000000 87.000000 0.000000 753.000000
285168 64.505119 64.505119 426.000000 426.000000 1172.000000 269.000000 60.000000 10.000000 87.000000 0.000000 746.000000
286168 64.425532 64.425532 429.000000 429.000000 1175.000000 281.000000 58.000000 11.000000 79.000000 0.000000 746.000000
287168 64.316058 64.316058 434.000000 434.000000 1177.000000 303.000000 52.000000 14.000000 65.000000 0.000000 743.000000
288168 64.524422 64.524422 430.000000 430.000000 1167.000000 305.000000 50.000000 16.000000 59.000000 0.000000 737.000000
289168 64.438732 64.438732 428.000000 428.000000 1167.000000 319.000000 52.000000 13.000000 44.000000 0.000000 739.000000
290168 64.236111 64.236111 419.000000 419.000000 1152.000000 317.000000 57.000000 7.000000 38.000000 0.000000 733.000000
291168 64.876761 64.876761 415.000000 415.000000 1136.000000 301.000000 58.000000 16.000000 40.000000 0.000000 721.000000
292168 64.658273 64.658273 406.000000 406.000000 1112.000000 300.000000 59.000000 13.000000 34.000000 0.000000 706.000000
293168 63.821892 63.821892 399.000000 399.000000 1078.000000 299.000000 60.000000 9.000000 31.000000 0.000000 679.000000
294168 63.741562 63.741562 387.000000 387.000000 1037.000000 283.000000 59.000000 11.000000 34.000000 0.000000 650.000000
295168 63.407258 63.407258 375.000000 375.000000 992.000000 267.000000 60.000000 12.000000 36.000000 0.000000 617.000000
296168 62.866109 62.866109 367.000000 367.000000 956.000000 259.000000 60.000000 12.000000 36.000000 0.000000 589.000000
297168 63.278689 63.278689 356.000000 356.000000 915.000000 240.000000 58.000000 20.000000 38.000000 0.000000 559.000000
298168 64.050057 64.050057 334.000000 334.000000 879.000000 216.000000 61.000000 18.000000 39.000000 0.000000 545.000000
299168 64.748201 64.748201 314.000000 314.000000 834.000000 197.000000 57.000000 20.000000 40.000000 0.000000 520.000000
300168 65.288221 65.288221 296.000000 296.000000 798.000000 182.000000 56.000000 19.000000 39.000000 0.000000 502.000000
301168 66.062176 66.062176 277.000000 277.000000 772.000000 163.000000 59.000000 15.000000 40.000000 0.000000 495.000000
302168 65.562914 65.562914 269.000000 269.000000 755.000000 165.000000 59.000000 9.000000 36.000000 0.000000 486.000000
303168 65.353261 65.353261 266.000000 266.000000 736.000000 161.000000 58.000000 11.000000 36.000000 0.000000 470.000000
304168 66.390041 66.390041 256.000000 256.000000 723.000000 151.000000 54.000000 13.000000 38.000000 0.000000 467.000000
305168 65.211268 65.211268 252.000000 252.000000 710.000000 164.000000 48.000000 5.000000 35.000000 0.000000 458.000000
306168 64.367816 64.367816 254.000000 254.000000 696.000000 164.000000 47.000000 6.000000 37.000000 0.000000 442.000000
307168 64.076246 64.076246 252.000000 252.000000 682.000000 163.000000 43.000000 7.000000 39.000000 0.000000 430.000000
308168 63.046757 63.046757 252.000000 252.000000 663.000000 164.000000 44.000000 7.000000 37.000000 0.000000 411.000000
309168 62.730061 62.730061 251.000000 251.000000 652.000000 166.000000 42.000000 8.000000 35.000000 0.000000 401.000000
310168 62.519440 62.519440 246.000000 246.000000 643.000000 167.000000 35.000000 5.000000 39.000000 0.000000 397.000000
311168 62.776025 62.776025 246.000000 246.000000 634.000000 173.000000 31.000000 10.000000 32.000000 0.000000 388.000000
312168 63.489499 63.489499 236.000000 236.000000 619.000000 166.000000 30.000000 10.000000 30.000000 0.000000 383.000000
313168 64.579901 64.579901 224.000000 224.000000 607.000000 157.000000 29.000000 9.000000 29.000000 0.000000 383.000000
314168 64.381271 64.381271 220.000000 220.000000 598.000000 159.000000 26.000000 7.000000 28.000000 0.000000 378.000000
315168 63.282572 63.282572 222.000000 222.000000 591.000000 168.000000 26.000000 5.000000 23.000000 0.000000 369.000000
316168 65.517241 65.517241 213.000000 213.000000 580.000000 154.000000 20.000000 13.000000 26.000000 0.000000 367.000000
317168 66.313933 66.313933 202.000000 202.000000 567.000000 147.000000 19.000000 11.000000 25.000000 0.000000 365.000000
318168 66.485507 66.485507 195.000000 195.000000 552.000000 141.000000 21.000000 10.000000 23.000000 0.000000 357.000000
319168 66.228893 66.228893 186.000000 186.000000 533.000000 137.000000 25.000000 6.000000 18.000000 0.000000 347.000000
320168 65.589354 65.589354 185.000000 185.000000 526.000000 139.000000 28.000000 4.000000 14.000000 0.000000 341.000000
321168 65.564202 65.564202 184.000000 184.000000 514.000000 133.000000 33.000000 7.000000 11.000000 0.000000 330.000000
322168 67.269076 67.269076 176.000000 176.000000 498.000000 117.000000 34.000000 13.000000 12.000000 0.000000 322.000000
323168 66.455696 66.455696 163.000000 163.000000 474.000000 113.000000 31.000000 4.000000 15.000000 0.000000 311.000000
324168 66.000000 66.000000 158.000000 158.000000 450.000000 107.000000 33.000000 5.000000 13.000000 0.000000 292.000000
253339 4.597701 4.597701 870.000000 870.000000 870.000000 412.000000 317.000000 40.000000 101.000000 0.000000 0.000000
254339 8.040770 8.040770 834.000000 834.000000 883.000000 399.000000 291.000000 22.000000 122.000000 0.000000 49.000000
255339 10.963455 10.963455 826.000000 826.000000 903.000000 401.000000 257.000000 22.000000 146.000000 0.000000 77.000000
256339 12.364425 12.364425 819.000000 819.000000 922.000000 413.000000 228.000000 11.000000 167.000000 0.000000 103.000000
257339 15.767196 15.767196 821.000000 821.000000 945.000000 415.000000 188.000000 25.000000 193.000000 0.000000 124.000000
258339 17.695473 17.695473 818.000000 818.000000 972.000000 438.000000 163.000000 18.000000 199.000000 0.000000 154.000000
259339 19.004975 19.004975 828.000000 828.000000 1005.000000 478.000000 126.000000 14.000000 210.000000 0.000000 177.000000
260339 20.495710 20.495710 857.000000 857.000000 1049.000000 533.000000 81.000000 23.000000 220.000000 0.000000 192.000000
261339 22.130395 22.130395 867.000000 867.000000 1089.000000 575.000000 75.000000 19.000000 198.000000 0.000000 222.000000
262339 22.711268 22.711268 887.000000 887.000000 1136.000000 642.000000 75.000000 9.000000 161.000000 0.000000 249.000000
263339 23.096664 23.096664 908.000000 908.000000 1169.000000 690.000000 72.000000 9.000000 137.000000 0.000000 261.000000
264339 23.344371 23.344371 936.000000 936.000000 1208.000000 751.000000 70.000000 10.000000 105.000000 0.000000 272.000000
265339 24.623911 24.623911 974.000000 974.000000 1263.000000 823.000000 69.000000 22.000000 60.000000 0.000000 289.000000
266339 25.738725 25.738725 972.000000 972.000000 1286.000000 841.000000 68.000000 17.000000 46.000000 0.000000 314.000000
267339 27.842227 27.842227 955.000000 955.000000 1293.000000 816.000000 69.000000 22.000000 48.000000 0.000000 338.000000
268339 29.831288 29.831288 942.000000 942.000000 1304.000000 797.000000 67.000000 27.000000 51.000000 0.000000 362.000000
269339 32.673267 32.673267 911.000000 911.000000 1313.000000 767.000000 67.000000 27.000000 50.000000 0.000000 402.000000
270339 37.244512 37.244512 872.000000 872.000000 1321.000000 700.000000 79.000000 43.000000 50.000000 0.000000 449.000000
271339 40.601504 40.601504 822.000000 822.000000 1330.000000 653.000000 87.000000 32.000000 50.000000 0.000000 508.000000
272339 44.668158 44.668158 785.000000 785.000000 1341.000000 594.000000 104.000000 43.000000 44.000000 0.000000 556.000000
273339 48.044280 48.044280 745.000000 745.000000 1355.000000 546.000000 120.000000 41.000000 38.000000 0.000000 610.000000
274339 52.240999 52.240999 699.000000 699.000000 1361.000000 472.000000 139.000000 49.000000 39.000000 0.000000 662.000000
275339 55.798687 55.798687 652.000000 652.000000 1371.000000 415.000000 150.000000 46.000000 41.000000 0.000000 719.000000
276339 60.860058 60.860058 596.000000 596.000000 1372.000000 332.000000 162.000000 59.000000 43.000000 0.000000 776.000000
277339 63.982430 63.982430 530.000000 530.000000 1366.000000 273.000000 169.000000 38.000000 50.000000 0.000000 836.000000
278339 63.973314 63.973314 498.000000 498.000000 1349.000000 264.000000 165.000000 12.000000 57.000000 0.000000 851.000000
279339 64.258841 64.258841 489.000000 489.000000 1329.000000 253.000000 151.000000 14.000000 71.000000 0.000000 840.000000
280339 64.562738 64.562738 476.000000 476.000000 1315.000000 249.000000 136.000000 10.000000 81.000000 0.000000 839.000000
281339 63.566487 63.566487 480.000000 480.000000 1301.000000 270.000000 119.000000 6.000000 85.000000 0.000000 821.000000
282339 64.440994 64.440994 474.000000 474.000000 1288.000000 258.000000 94.000000 16.000000 106.000000 0.000000 814.000000
283339 64.531250 64.531250 470.000000 470.000000 1280.000000 262.000000 84.000000 16.000000 108.000000 0.000000 810.000000
284339 64.347146 64.347146 470.000000 470.000000 1279.000000 268.000000 78.000000 14.000000 110.000000 0.000000 809.000000
285339 63.479624 63.479624 474.000000 474.000000 1276.000000 301.000000 62.000000 8.000000 103.000000 0.000000 802.000000
286339 63.808025 63.808025 480.000000 480.000000 1271.000000 305.000000 56.000000 20.000000 99.000000 0.000000 791.000000
287339 62.754304 62.754304 486.000000 486.000000 1278.000000 344.000000 56.000000 10.000000 76.000000 0.000000 792.000000
288339 62.480377 62.480377 491.000000 491.000000 1274.000000 363.000000 52.000000 13.000000 63.000000 0.000000 783.000000
289339 62.283465 62.283465 494.000000 494.000000 1270.000000 380.000000 48.000000 15.000000 51.000000 0.000000 776.000000
290339 62.282092 62.282092 487.000000 487.000000 1262.000000 387.000000 47.000000 11.000000 42.000000 0.000000 775.000000
291339 62.529644 62.529644 485.000000 485.000000 1265.000000 397.000000 37.000000 11.000000 40.000000 0.000000 780.000000
292339 62.642741 62.642741 472.000000 472.000000 1226.000000 377.000000 36.000000 14.000000 45.000000 0.000000 754.000000
293339 62.500000 62.500000 463.000000 463.000000 1200.000000 376.000000 35.000000 13.000000 39.000000 0.000000 737.000000
294339 62.360034 62.360034 454.000000 454.000000 1161.000000 357.000000 41.000000 17.000000 39.000000 0.000000 707.000000
295339 62.780269 62.780269 435.000000 435.000000 1115.000000 324.000000 52.000000 20.000000 39.000000 0.000000 680.000000
296339 63.753450 63.753450 419.000000 419.000000 1087.000000 307.000000 59.000000 25.000000 28.000000 0.000000 668.000000
297339 63.854267 63.854267 394.000000 394.000000 1043.000000 281.000000 74.000000 17.000000 22.000000 0.000000 649.000000
298339 65.039841 65.039841 377.000000 377.000000 1004.000000 251.000000 79.000000 26.000000 21.000000 0.000000 627.000000
299339 65.851064 65.851064 352.000000 352.000000 940.000000 213.000000 90.000000 31.000000 18.000000 0.000000 588.000000
300339 66.334441 66.334441 323.000000 323.000000 903.000000 192.000000 91.000000 19.000000 21.000000 0.000000 580.000000
301339 66.935484 66.935484 301.000000 301.000000 868.000000 171.000000 92.000000 14.000000 24.000000 0.000000 567.000000
302339 67.074663 67.074663 283.000000 283.000000 817.000000 149.000000 87.000000 14.000000 33.000000 0.000000 534.000000
303339 66.538462 66.538462 270.000000 270.000000 780.000000 139.000000 75.000000 9.000000 47.000000 0.000000 510.000000
304339 66.447368 66.447368 263.000000 263.000000 760.000000 135.000000 72.000000 8.000000 48.000000 0.000000 497.000000
305339 66.666667 66.666667 257.000000 257.000000 747.000000 133.000000 58.000000 8.000000 58.000000 0.000000 490.000000
306339 66.846361 66.846361 256.000000 256.000000 742.000000 133.000000 52.000000 10.000000 61.000000 0.000000 486.000000
307339 67.520216 67.520216 249.000000 249.000000 742.000000 128.000000 46.000000 8.000000 67.000000 0.000000 493.000000
308339 66.027397 66.027397 252.000000 252.000000 730.000000 144.000000 43.000000 4.000000 61.000000 0.000000 478.000000
309339 65.325936 65.325936 257.000000 257.000000 721.000000 151.000000 44.000000 7.000000 55.000000 0.000000 464.000000
310339 64.406780 64.406780 258.000000 258.000000 708.000000 161.000000 42.000000 6.000000 49.000000 0.000000 450.000000
311339 63.559322 63.559322 266.000000 266.000000 708.000000 179.000000 39.000000 8.000000 40.000000 0.000000 442.000000
312339 62.184874 62.184874 272.000000 272.000000 714.000000 201.000000 39.000000 2.000000 30.000000 0.000000 442.000000
313339 60.339943 60.339943 280.000000 280.000000 706.000000 219.000000 40.000000 0.000000 21.000000 0.000000 426.000000
314339 59.204713 59.204713 285.000000 285.000000 679.000000 220.000000 33.000000 8.000000 24.000000 0.000000 394.000000
315339 59.036145 59.036145 279.000000 279.000000 664.000000 216.000000 29.000000 7.000000 27.000000 0.000000 385.000000
316339 58.923077 58.923077 273.000000 273.000000 650.000000 210.000000 26.000000 6.000000 31.000000 0.000000 377.000000
317339 58.878505 58.878505 273.000000 273.000000 642.000000 209.000000 29.000000 9.000000 26.000000 0.000000 369.000000
318339 60.000000 60.000000 257.000000 257.000000 625.000000 191.000000 28.000000 7.000000 31.000000 0.000000 368.000000
319339 59.800664 59.800664 256.000000 256.000000 602.000000 184.000000 36.000000 14.000000 22.000000 0.000000 346.000000
320339 60.204082 60.204082 243.000000 243.000000 588.000000 180.000000 33.000000 9.000000 21.000000 0.000000 345.000000
321339 61.199295 61.199295 234.000000 234.000000 567.000000 168.000000 34.000000 14.000000 18.000000 0.000000 333.000000
322339 63.071298 63.071298 220.000000 220.000000 547.000000 147.000000 37.000000 18.000000 18.000000 0.000000 327.000000
323339 66.095238 66.095238 198.000000 198.000000 525.000000 122.000000 39.000000 20.000000 17.000000 0.000000 327.000000
324339 65.742574 65.742574 178.000000 178.000000 505.000000 111.000000 42.000000 5.000000 20.000000 0.000000 327.000000
325339 65.560166 65.560166 175.000000 175.000000 482.000000 104.000000 43.000000 9.000000 19.000000 0.000000 307.000000
251398 3.837209 3.837209 860.000000 860.000000 860.000000 417.000000 322.000000 33.000000 88.000000 0.000000 0.000000
252398 10.689655 10.689655 816.000000 816.000000 870.000000 358.000000 316.000000 39.000000 103.000000 0.000000 54.000000
253398 15.837104 15.837104 783.000000 783.000000 884.000000 323.000000 305.000000 39.000000 116.000000 0.000000 101.000000
254398 19.469027 19.469027 756.000000 756.000000 904.000000 308.000000 289.000000 28.000000 131.000000 0.000000 148.000000
255398 21.753247 21.753247 745.000000 745.000000 924.000000 310.000000 272.000000 22.000000 141.000000 0.000000 179.000000
256398 22.947368 22.947368 744.000000 744.000000 950.000000 335.000000 228.000000 12.000000 169.000000 0.000000 206.000000
257398 23.439099 23.439099 758.000000 758.000000 977.000000 373.000000 172.000000 10.000000 203.000000 0.000000 219.000000
258398 24.151697 24.151697 768.000000 768.000000 1002.000000 408.000000 113.000000 8.000000 239.000000 0.000000 234.000000
259398 23.988439 23.988439 797.000000 797.000000 1038.000000 467.000000 90.000000 8.000000 232.000000 0.000000 241.000000
260398 24.720149 24.720149 819.000000 819.000000 1072.000000 518.000000 71.000000 12.000000 218.000000 0.000000 253.000000
261398 24.199288 24.199288 858.000000 858.000000 1124.000000 615.000000 57.000000 6.000000 180.000000 0.000000 266.000000
262398 24.234694 24.234694 901.000000 901.000000 1176.000000 700.000000 44.000000 10.000000 147.000000 0.000000 275.000000
263398 24.717286 24.717286 948.000000 948.000000 1238.000000 794.000000 43.000000 16.000000 95.000000 0.000000 290.000000
264398 25.019732 25.019732 959.000000 959.000000 1267.000000 830.000000 44.000000 9.000000 76.000000 0.000000 308.000000
265398 26.589147 26.589147 964.000000 964.000000 1290.000000 840.000000 47.000000 17.000000 60.000000 0.000000 326.000000
266398 28.374233 28.374233 949.000000 949.000000 1304.000000 833.000000 48.000000 15.000000 53.000000 0.000000 355.000000
267398 30.984848 30.984848 939.000000 939.000000 1320.000000 812.000000 60.000000 28.000000 39.000000 0.000000 381.000000
268398 33.810241 33.810241 909.000000 909.000000 1328.000000 778.000000 69.000000 30.000000 32.000000 0.000000 419.000000
269398 35.320417 35.320417 887.000000 887.000000 1342.000000 760.000000 87.000000 19.000000 21.000000 0.000000 455.000000
270398 38.056380 38.056380 870.000000 870.000000 1348.000000 708.000000 101.000000 35.000000 26.000000 0.000000 478.000000
271398 41.341194 41.341194 831.000000 831.000000 1357.000000 661.000000 110.000000 35.000000 25.000000 0.000000 526.000000
272398 46.799117 46.799117 778.000000 778.000000 1359.000000 563.000000 127.000000 55.000000 33.000000 0.000000 581.000000
273398 53.318584 53.318584 703.000000 703.000000 1356.000000 443.000000 151.000000 70.000000 39.000000 0.000000 653.000000
274398 58.610495 58.610495 615.000000 615.000000 1353.000000 345.000000 173.000000 55.000000 42.000000 0.000000 738.000000
275398 61.361954 61.361954 560.000000 560.000000 1351.000000 296.000000 186.000000 38.000000 40.000000 0.000000 791.000000
276398 63.786627 63.786627 518.000000 518.000000 1331.000000 251.000000 181.000000 36.000000 50.000000 0.000000 813.000000
277398 64.422341 64.422341 486.000000 486.000000 1307.000000 231.000000 169.000000 21.000000 65.000000 0.000000 821.000000
278398 64.752164 64.752164 462.000000 462.000000 1271.000000 208.000000 157.000000 14.000000 83.000000 0.000000 809.000000
279398 65.088283 65.088283 450.000000 450.000000 1246.000000 196.000000 145.000000 15.000000 94.000000 0.000000 796.000000
280398 66.208569 66.208569 437.000000 437.000000 1237.000000 182.000000 129.000000 19.000000 107.000000 0.000000 800.000000
281398 65.940274 65.940274 437.000000 437.000000 1239.000000 204.000000 106.000000 15.000000 112.000000 0.000000 802.000000
282398 65.587045 65.587045 438.000000 438.000000 1235.000000 224.000000 81.000000 13.000000 120.000000 0.000000 797.000000
283398 64.285714 64.285714 447.000000 447.000000 1246.000000 261.000000 69.000000 2.000000 115.000000 0.000000 799.000000
284398 62.787015 62.787015 472.000000 472.000000 1263.000000 311.000000 52.000000 2.000000 107.000000 0.000000 791.000000
285398 62.093577 62.093577 486.000000 486.000000 1261.000000 331.000000 44.000000 8.000000 103.000000 0.000000 775.000000
286398 62.273086 62.273086 491.000000 491.000000 1267.000000 351.000000 40.000000 13.000000 87.000000 0.000000 776.000000
287398 61.808262 61.808262 501.000000 501.000000 1283.000000 383.000000 33.000000 11.000000 74.000000 0.000000 782.000000
288398 60.251375 60.251375 512.000000 512.000000 1273.000000 419.000000 32.000000 6.000000 55.000000 0.000000 761.000000
289398 59.633758 59.633758 514.000000 514.000000 1256.000000 425.000000 36.000000 7.000000 46.000000 0.000000 742.000000
290398 58.865815 58.865815 521.000000 521.000000 1252.000000 444.000000 36.000000 6.000000 35.000000 0.000000 731.000000
291398 59.039088 59.039088 517.000000 517.000000 1228.000000 435.000000 39.000000 14.000000 29.000000 0.000000 711.000000
292398 59.702725 59.702725 509.000000 509.000000 1211.000000 421.000000 45.000000 21.000000 22.000000 0.000000 702.000000
293398 61.336717 61.336717 487.000000 487.000000 1182.000000 385.000000 51.000000 30.000000 21.000000 0.000000 695.000000
294398 62.554301 62.554301 450.000000 450.000000 1151.000000 349.000000 60.000000 19.000000 22.000000 0.000000 701.000000
295398 63.595303 63.595303 428.000000 428.000000 1107.000000 310.000000 69.000000 25.000000 24.000000 0.000000 679.000000
296398 63.909774 63.909774 401.000000 401.000000 1064.000000 281.000000 83.000000 17.000000 20.000000 0.000000 663.000000
297398 63.755020 63.755020 378.000000 378.000000 996.000000 251.000000 81.000000 17.000000 29.000000 0.000000 618.000000
298398 64.543524 64.543524 361.000000 361.000000 942.000000 217.000000 91.000000 27.000000 26.000000 0.000000 581.000000
299398 66.440678 66.440678 328.000000 328.000000 885.000000 178.000000 92.000000 31.000000 27.000000 0.000000 557.000000
300398 67.022539 67.022539 294.000000 294.000000 843.000000 151.000000 94.000000 16.000000 33.000000 0.000000 549.000000
301398 67.657993 67.657993 273.000000 273.000000 807.000000 134.000000 83.000000 12.000000 44.000000 0.000000 534.000000
302398 67.857143 67.857143 266.000000 266.000000 784.000000 122.000000 82.000000 14.000000 48.000000 0.000000 518.000000
303398 67.624021 67.624021 258.000000 258.000000 766.000000 121.000000 80.000000 10.000000 47.000000 0.000000 508.000000
304398 68.506057 68.506057 248.000000 248.000000 743.000000 106.000000 65.000000 14.000000 63.000000 0.000000 495.000000
305398 67.403315 67.403315 239.000000 239.000000 724.000000 116.000000 55.000000 3.000000 65.000000 0.000000 485.000000
306398 65.569273 65.569273 253.000000 253.000000 729.000000 147.000000 43.000000 2.000000 61.000000 0.000000 476.000000
307398 64.583333 64.583333 260.000000 260.000000 720.000000 158.000000 39.000000 5.000000 58.000000 0.000000 460.000000
308398 64.335664 64.335664 263.000000 263.000000 715.000000 162.000000 35.000000 8.000000 58.000000 0.000000 452.000000
309398 63.394109 63.394109 269.000000 269.000000 713.000000 181.000000 33.000000 8.000000 47.000000 0.000000 444.000000
310398 62.272090 62.272090 270.000000 270.000000 713.000000 199.000000 26.000000 1.000000 44.000000 0.000000 443.000000
311398 61.235955 61.235955 279.000000 279.000000 712.000000 216.000000 22.000000 3.000000 38.000000 0.000000 433.000000
312398 60.826211 60.826211 279.000000 279.000000 702.000000 218.000000 21.000000 4.000000 36.000000 0.000000 423.000000
313398 60.714286 60.714286 284.000000 284.000000 700.000000 227.000000 20.000000 9.000000 28.000000 0.000000 416.000000
314398 61.383285 61.383285 275.000000 275.000000 694.000000 221.000000 23.000000 7.000000 24.000000 0.000000 419.000000
315398 61.538462 61.538462 274.000000 274.000000 689.000000 220.000000 25.000000 9.000000 20.000000 0.000000 415.000000
316398 60.986547 60.986547 269.000000 269.000000 669.000000 220.000000 24.000000 8.000000 17.000000 0.000000 400.000000
317398 61.467890 61.467890 261.000000 261.000000 654.000000 209.000000 31.000000 9.000000 12.000000 0.000000 393.000000
318398 62.200957 62.200957 247.000000 247.000000 627.000000 191.000000 34.000000 10.000000 12.000000 0.000000 380.000000
319398 63.727121 63.727121 232.000000 232.000000 601.000000 163.000000 39.000000 14.000000 16.000000 0.000000 369.000000
320398 64.482759 64.482759 221.000000 221.000000 580.000000 151.000000 42.000000 15.000000 13.000000 0.000000 359.000000
321398 66.014235 66.014235 205.000000 205.000000 562.000000 132.000000 47.000000 14.000000 12.000000 0.000000 357.000000
322398 65.714286 65.714286 187.000000 187.000000 525.000000 115.000000 51.000000 7.000000 14.000000 0.000000 338.000000
323398 66.799205 66.799205 181.000000 181.000000 503.000000 104.000000 47.000000 14.000000 16.000000 0.000000 322.000000
250891 4.021164 4.021164 945.000000 945.000000 945.000000 567.000000 258.000000 38.000000 82.000000 0.000000 0.000000
251891 7.812500 7.812500 912.000000 912.000000 960.000000 550.000000 245.000000 27.000000 90.000000 0.000000 48.000000
252891 13.622291 13.622291 880.000000 880.000000 969.000000 502.000000 218.000000 43.000000 117.000000 0.000000 89.000000
253891 15.906788 15.906788 846.000000 846.000000 987.000000 499.000000 208.000000 16.000000 123.000000 0.000000 141.000000
254891 19.306931 19.306931 845.000000 845.000000 1010.000000 492.000000 194.000000 30.000000 129.000000 0.000000 165.000000
255891 22.546161 22.546161 823.000000 823.000000 1029.000000 480.000000 169.000000 26.000000 148.000000 0.000000 206.000000
256891 24.334601 24.334601 815.000000 815.000000 1052.000000 490.000000 131.000000 19.000000 175.000000 0.000000 237.000000
257891 26.470588 26.470588 827.000000 827.000000 1088.000000 516.000000 107.000000 27.000000 177.000000 0.000000 261.000000
258891 28.751123 28.751123 822.000000 822.000000 1113.000000 524.000000 98.000000 29.000000 171.000000 0.000000 291.000000
259891 30.271216 30.271216 818.000000 818.000000 1143.000000 549.000000 97.000000 21.000000 151.000000 0.000000 325.000000
260891 31.207483 31.207483 823.000000 823.000000 1176.000000 584.000000 98.000000 14.000000 127.000000 0.000000 353.000000
261891 32.186732 32.186732 844.000000 844.000000 1221.000000 638.000000 89.000000 16.000000 101.000000 0.000000 377.000000
262891 32.857143 32.857143 861.000000 861.000000 1260.000000 686.000000 88.000000 15.000000 72.000000 0.000000 399.000000
263891 33.541342 33.541342 864.000000 864.000000 1282.000000 707.000000 83.000000 12.000000 62.000000 0.000000 418.000000
264891 35.576179 35.576179 859.000000 859.000000 1293.000000 692.000000 75.000000 26.000000 66.000000 0.000000 434.000000
265891 38.007663 38.007663 831.000000 831.000000 1305.000000 671.000000 73.000000 22.000000 65.000000 0.000000 474.000000
266891 40.075758 40.075758 817.000000 817.000000 1320.000000 660.000000 67.000000 26.000000 64.000000 0.000000 503.000000
267891 42.685671 42.685671 791.000000 791.000000 1333.000000 626.000000 76.000000 27.000000 62.000000 0.000000 542.000000
268891 45.529061 45.529061 766.000000 766.000000 1342.000000 587.000000 85.000000 35.000000 59.000000 0.000000 576.000000
269891 47.794118 47.794118 741.000000 741.000000 1360.000000 568.000000 89.000000 31.000000 53.000000 0.000000 619.000000
270891 50.474799 50.474799 707.000000 707.000000 1369.000000 536.000000 93.000000 29.000000 49.000000 0.000000 662.000000
271891 53.540462 53.540462 686.000000 686.000000 1384.000000 498.000000 100.000000 43.000000 45.000000 0.000000 698.000000
272891 57.451404 57.451404 640.000000 640.000000 1389.000000 430.000000 115.000000 49.000000 46.000000 0.000000 749.000000
273891 60.488506 60.488506 592.000000 592.000000 1392.000000 373.000000 133.000000 42.000000 44.000000 0.000000 800.000000
274891 61.894432 61.894432 554.000000 554.000000 1383.000000 350.000000 131.000000 27.000000 46.000000 0.000000 829.000000
275891 62.857143 62.857143 529.000000 529.000000 1365.000000 332.000000 118.000000 22.000000 57.000000 0.000000 836.000000
276891 63.547904 63.547904 511.000000 511.000000 1336.000000 315.000000 113.000000 24.000000 59.000000 0.000000 825.000000
277891 63.781321 63.781321 491.000000 491.000000 1317.000000 303.000000 110.000000 14.000000 64.000000 0.000000 826.000000
278891 63.791764 63.791764 483.000000 483.000000 1287.000000 291.000000 109.000000 17.000000 66.000000 0.000000 804.000000
279891 64.183835 64.183835 468.000000 468.000000 1262.000000 278.000000 95.000000 16.000000 79.000000 0.000000 794.000000
280891 64.199517 64.199517 466.000000 466.000000 1243.000000 280.000000 83.000000 21.000000 82.000000 0.000000 777.000000
281891 64.625302 64.625302 458.000000 458.000000 1241.000000 284.000000 69.000000 19.000000 86.000000 0.000000 783.000000
282891 64.954432 64.954432 440.000000 440.000000 1207.000000 269.000000 72.000000 17.000000 82.000000 0.000000 767.000000
283891 65.358932 65.358932 431.000000 431.000000 1198.000000 272.000000 61.000000 16.000000 82.000000 0.000000 767.000000
284891 64.844407 64.844407 426.000000 426.000000 1189.000000 287.000000 59.000000 8.000000 72.000000 0.000000 763.000000
285891 64.671164 64.671164 433.000000 433.000000 1186.000000 308.000000 53.000000 14.000000 58.000000 0.000000 753.000000
286891 64.540816 64.540816 431.000000 431.000000 1176.000000 318.000000 50.000000 14.000000 49.000000 0.000000 745.000000
287891 64.267352 64.267352 422.000000 422.000000 1167.000000 327.000000 44.000000 5.000000 46.000000 0.000000 745.000000
288891 64.808362 64.808362 419.000000 419.000000 1148.000000 319.000000 40.000000 15.000000 45.000000 0.000000 729.000000
289891 64.330080 64.330080 409.000000 409.000000 1127.000000 321.000000 41.000000 7.000000 40.000000 0.000000 718.000000
290891 64.748201 64.748201 403.000000 403.000000 1112.000000 315.000000 36.000000 11.000000 41.000000 0.000000 709.000000
291891 65.533088 65.533088 397.000000 397.000000 1088.000000 301.000000 39.000000 22.000000 35.000000 0.000000 691.000000
292891 66.226415 66.226415 376.000000 376.000000 1060.000000 286.000000 39.000000 18.000000 33.000000 0.000000 684.000000
293891 66.861030 66.861030 363.000000 363.000000 1029.000000 275.000000 36.000000 22.000000 30.000000 0.000000 666.000000
294891 66.869301 66.869301 342.000000 342.000000 987.000000 254.000000 44.000000 15.000000 29.000000 0.000000 645.000000
295891 67.432150 67.432150 334.000000 334.000000 958.000000 245.000000 45.000000 22.000000 22.000000 0.000000 624.000000
296891 68.484188 68.484188 309.000000 309.000000 917.000000 212.000000 58.000000 20.000000 19.000000 0.000000 608.000000
297891 69.505178 69.505178 284.000000 284.000000 869.000000 185.000000 60.000000 19.000000 20.000000 0.000000 585.000000
298891 69.277108 69.277108 266.000000 266.000000 830.000000 169.000000 64.000000 11.000000 22.000000 0.000000 564.000000
299891 69.154229 69.154229 257.000000 257.000000 804.000000 159.000000 63.000000 9.000000 26.000000 0.000000 547.000000
300891 69.587629 69.587629 250.000000 250.000000 776.000000 149.000000 58.000000 14.000000 29.000000 0.000000 526.000000
301891 70.080863 70.080863 236.000000 236.000000 742.000000 133.000000 58.000000 14.000000 31.000000 0.000000 506.000000
302891 71.230982 71.230982 224.000000 224.000000 723.000000 117.000000 58.000000 16.000000 33.000000 0.000000 499.000000
303891 70.944993 70.944993 213.000000 213.000000 709.000000 118.000000 54.000000 7.000000 34.000000 0.000000 496.000000
304891 70.391872 70.391872 210.000000 210.000000 689.000000 122.000000 44.000000 6.000000 38.000000 0.000000 479.000000
305891 70.491803 70.491803 207.000000 207.000000 671.000000 119.000000 40.000000 9.000000 39.000000 0.000000 464.000000
306891 70.274390 70.274390 201.000000 201.000000 656.000000 118.000000 35.000000 6.000000 42.000000 0.000000 455.000000
307891 70.458136 70.458136 196.000000 196.000000 633.000000 113.000000 30.000000 9.000000 44.000000 0.000000 437.000000
308891 69.551282 69.551282 196.000000 196.000000 624.000000 124.000000 27.000000 6.000000 39.000000 0.000000 428.000000
309891 69.067103 69.067103 197.000000 197.000000 611.000000 128.000000 25.000000 8.000000 36.000000 0.000000 414.000000
310891 68.159204 68.159204 194.000000 194.000000 603.000000 136.000000 21.000000 2.000000 35.000000 0.000000 409.000000
311891 66.779089 66.779089 200.000000 200.000000 593.000000 148.000000 18.000000 3.000000 31.000000 0.000000 393.000000
312891 65.164645 65.164645 205.000000 205.000000 577.000000 160.000000 18.000000 4.000000 23.000000 0.000000 372.000000
313891 63.844797 63.844797 207.000000 207.000000 567.000000 168.000000 19.000000 2.000000 18.000000 0.000000 360.000000
314891 63.768116 63.768116 209.000000 209.000000 552.000000 166.000000 19.000000 9.000000 15.000000 0.000000 343.000000
315891 65.485075 65.485075 198.000000 198.000000 536.000000 149.000000 21.000000 13.000000 15.000000 0.000000 338.000000
316891 64.615385 64.615385 187.000000 187.000000 520.000000 149.000000 22.000000 3.000000 13.000000 0.000000 333.000000
317891 64.112903 64.112903 182.000000 182.000000 496.000000 139.000000 25.000000 4.000000 14.000000 0.000000 314.000000
318891 64.853556 64.853556 176.000000 176.000000 478.000000 129.000000 25.000000 8.000000 14.000000 0.000000 302.000000
319891 64.835165 64.835165 169.000000 169.000000 455.000000 122.000000 27.000000 9.000000 11.000000 0.000000 286.000000
320891 66.210046 66.210046 158.000000 158.000000 438.000000 109.000000 27.000000 10.000000 12.000000 0.000000 280.000000
321891 66.190476 66.190476 149.000000 149.000000 420.000000 101.000000 31.000000 7.000000 10.000000 0.000000 271.000000
322891 66.666667 66.666667 142.000000 142.000000 399.000000 92.000000 29.000000 9.000000 12.000000 0.000000 257.000000
252964 3.463687 3.463687 895.000000 895.000000 895.000000 469.000000 299.000000 31.000000 96.000000 0.000000 0.000000
253964 6.725469 6.725469 862.000000 862.000000 907.000000 445.000000 290.000000 16.000000 111.000000 0.000000 45.000000
254964 10.687023 10.687023 845.000000 845.000000 917.000000 401.000000 281.000000 26.000000 137.000000 0.000000 72.000000
255964 14.898178 14.898178 819.000000 819.000000 933.000000 380.000000 258.000000 25.000000 156.000000 0.000000 114.000000
256964 17.671518 17.671518 817.000000 817.000000 962.000000 394.000000 232.000000 25.000000 166.000000 0.000000 145.000000
257964 20.502513 20.502513 817.000000 817.000000 995.000000 417.000000 192.000000 26.000000 182.000000 0.000000 178.000000
258964 22.463054 22.463054 801.000000 801.000000 1015.000000 424.000000 145.000000 14.000000 218.000000 0.000000 214.000000
259964 22.857143 22.857143 820.000000 820.000000 1050.000000 464.000000 125.000000 10.000000 221.000000 0.000000 230.000000
260964 24.058770 24.058770 843.000000 843.000000 1089.000000 517.000000 110.000000 16.000000 200.000000 0.000000 246.000000
261964 24.113475 24.113475 865.000000 865.000000 1128.000000 577.000000 93.000000 9.000000 186.000000 0.000000 263.000000
262964 24.427481 24.427481 904.000000 904.000000 1179.000000 660.000000 77.000000 13.000000 154.000000 0.000000 275.000000
263964 24.412003 24.412003 943.000000 943.000000 1233.000000 749.000000 70.000000 11.000000 113.000000 0.000000 290.000000
264964 25.531915 25.531915 960.000000 960.000000 1269.000000 795.000000 60.000000 15.000000 90.000000 0.000000 309.000000
265964 26.144298 26.144298 964.000000 964.000000 1289.000000 816.000000 58.000000 12.000000 78.000000 0.000000 325.000000
266964 27.777778 27.777778 971.000000 971.000000 1314.000000 829.000000 56.000000 22.000000 64.000000 0.000000 343.000000
267964 30.786517 30.786517 963.000000 963.000000 1335.000000 812.000000 54.000000 39.000000 58.000000 0.000000 372.000000
268964 33.308550 33.308550 927.000000 927.000000 1345.000000 781.000000 62.000000 30.000000 54.000000 0.000000 418.000000
269964 35.055351 35.055351 899.000000 899.000000 1355.000000 757.000000 71.000000 19.000000 52.000000 0.000000 456.000000
270964 37.966350 37.966350 887.000000 887.000000 1367.000000 717.000000 87.000000 39.000000 44.000000 0.000000 480.000000
271964 41.163636 41.163636 843.000000 843.000000 1375.000000 666.000000 106.000000 34.000000 37.000000 0.000000 532.000000
272964 45.251799 45.251799 809.000000 809.000000 1390.000000 610.000000 122.000000 48.000000 29.000000 0.000000 581.000000
273964 50.321658 50.321658 753.000000 753.000000 1399.000000 522.000000 144.000000 58.000000 29.000000 0.000000 646.000000
274964 54.700855 54.700855 681.000000 681.000000 1404.000000 447.000000 157.000000 45.000000 32.000000 0.000000 723.000000
275964 58.564321 58.564321 631.000000 631.000000 1407.000000 380.000000 164.000000 48.000000 39.000000 0.000000 776.000000
276964 61.682243 61.682243 569.000000 569.000000 1391.000000 314.000000 164.000000 36.000000 55.000000 0.000000 822.000000
277964 63.510561 63.510561 525.000000 525.000000 1373.000000 274.000000 164.000000 24.000000 63.000000 0.000000 848.000000
278964 64.783566 64.783566 504.000000 504.000000 1363.000000 255.000000 149.000000 24.000000 76.000000 0.000000 859.000000
279964 65.240240 65.240240 480.000000 480.000000 1332.000000 232.000000 143.000000 17.000000 88.000000 0.000000 852.000000
280964 64.683448 64.683448 478.000000 478.000000 1311.000000 240.000000 129.000000 15.000000 94.000000 0.000000 833.000000
281964 64.411991 64.411991 475.000000 475.000000 1301.000000 249.000000 105.000000 12.000000 109.000000 0.000000 826.000000
282964 64.843750 64.843750 467.000000 467.000000 1280.000000 241.000000 96.000000 17.000000 113.000000 0.000000 813.000000
283964 64.664587 64.664587 469.000000 469.000000 1282.000000 263.000000 85.000000 16.000000 105.000000 0.000000 813.000000
284964 64.357977 64.357977 471.000000 471.000000 1285.000000 281.000000 75.000000 13.000000 102.000000 0.000000 814.000000
285964 63.996890 63.996890 477.000000 477.000000 1286.000000 302.000000 62.000000 14.000000 99.000000 0.000000 809.000000
286964 62.865948 62.865948 488.000000 488.000000 1298.000000 342.000000 55.000000 6.000000 85.000000 0.000000 810.000000
287964 61.692308 61.692308 502.000000 502.000000 1300.000000 378.000000 49.000000 4.000000 71.000000 0.000000 798.000000
288964 61.342593 61.342593 510.000000 510.000000 1296.000000 395.000000 42.000000 9.000000 64.000000 0.000000 786.000000
289964 61.033951 61.033951 516.000000 516.000000 1296.000000 407.000000 46.000000 11.000000 52.000000 0.000000 780.000000
290964 60.730949 60.730949 516.000000 516.000000 1286.000000 419.000000 39.000000 11.000000 47.000000 0.000000 770.000000
291964 60.649248 60.649248 511.000000 511.000000 1263.000000 419.000000 39.000000 14.000000 39.000000 0.000000 752.000000
292964 61.326861 61.326861 493.000000 493.000000 1236.000000 392.000000 45.000000 15.000000 41.000000 0.000000 743.000000
293964 61.266447 61.266447 486.000000 486.000000 1216.000000 390.000000 46.000000 15.000000 35.000000 0.000000 730.000000
294964 62.373737 62.373737 469.000000 469.000000 1188.000000 352.000000 60.000000 22.000000 35.000000 0.000000 719.000000
295964 62.020906 62.020906 456.000000 456.000000 1148.000000 341.000000 71.000000 20.000000 24.000000 0.000000 692.000000
296964 63.390442 63.390442 435.000000 435.000000 1109.000000 301.000000 82.000000 29.000000 23.000000 0.000000 674.000000
297964 63.715111 63.715111 402.000000 402.000000 1039.000000 257.000000 94.000000 25.000000 26.000000 0.000000 637.000000
298964 63.902932 63.902932 373.000000 373.000000 989.000000 232.000000 100.000000 16.000000 25.000000 0.000000 616.000000
299964 64.285714 64.285714 356.000000 356.000000 952.000000 212.000000 103.000000 16.000000 25.000000 0.000000 596.000000
300964 64.777778 64.777778 340.000000 340.000000 900.000000 182.000000 102.000000 23.000000 33.000000 0.000000 560.000000
301964 66.279070 66.279070 316.000000 316.000000 860.000000 154.000000 100.000000 26.000000 36.000000 0.000000 544.000000
302964 65.898058 65.898058 294.000000 294.000000 824.000000 147.000000 88.000000 13.000000 46.000000 0.000000 530.000000
303964 65.917603 65.917603 283.000000 283.000000 801.000000 144.000000 73.000000 10.000000 56.000000 0.000000 518.000000
304964 65.932642 65.932642 273.000000 273.000000 772.000000 134.000000 62.000000 10.000000 67.000000 0.000000 499.000000
305964 66.578947 66.578947 266.000000 266.000000 760.000000 131.000000 53.000000 12.000000 70.000000 0.000000 494.000000
306964 67.021277 67.021277 256.000000 256.000000 752.000000 133.000000 42.000000 8.000000 73.000000 0.000000 496.000000
307964 65.695364 65.695364 265.000000 265.000000 755.000000 162.000000 35.000000 6.000000 62.000000 0.000000 490.000000
308964 65.106952 65.106952 268.000000 268.000000 748.000000 175.000000 25.000000 7.000000 61.000000 0.000000 480.000000
309964 63.270777 63.270777 280.000000 280.000000 746.000000 209.000000 16.000000 6.000000 49.000000 0.000000 466.000000
310964 62.601626 62.601626 280.000000 280.000000 738.000000 214.000000 18.000000 4.000000 44.000000 0.000000 458.000000
311964 62.008141 62.008141 284.000000 284.000000 737.000000 224.000000 23.000000 4.000000 33.000000 0.000000 453.000000
312964 61.360544 61.360544 290.000000 290.000000 735.000000 235.000000 24.000000 6.000000 25.000000 0.000000 445.000000
313964 61.171662 61.171662 291.000000 291.000000 734.000000 243.000000 21.000000 6.000000 21.000000 0.000000 443.000000
314964 61.026352 61.026352 290.000000 290.000000 721.000000 244.000000 19.000000 9.000000 18.000000 0.000000 431.000000
315964 60.653409 60.653409 281.000000 281.000000 704.000000 242.000000 22.000000 4.000000 13.000000 0.000000 423.000000
316964 60.382916 60.382916 276.000000 276.000000 679.000000 232.000000 26.000000 7.000000 11.000000 0.000000 403.000000
317964 62.574850 62.574850 268.000000 268.000000 668.000000 211.000000 28.000000 18.000000 11.000000 0.000000 400.000000
318964 63.719512 63.719512 247.000000 247.000000 656.000000 195.000000 33.000000 9.000000 10.000000 0.000000 409.000000
319964 65.664557 65.664557 236.000000 236.000000 632.000000 169.000000 35.000000 19.000000 13.000000 0.000000 396.000000
320964 68.369028 68.369028 204.000000 204.000000 607.000000 135.000000 41.000000 12.000000 16.000000 0.000000 403.000000
321964 69.163763 69.163763 189.000000 189.000000 574.000000 115.000000 45.000000 12.000000 17.000000 0.000000 385.000000
322964 69.604317 69.604317 175.000000 175.000000 556.000000 101.000000 52.000000 6.000000 16.000000 0.000000 381.000000
323964 71.106942 71.106942 167.000000 167.000000 533.000000 84.000000 55.000000 13.000000 15.000000 0.000000 366.000000
324964 71.150097 71.150097 157.000000 157.000000 513.000000 77.000000 57.000000 9.000000 14.000000 0.000000 356.000000
250542 3.295455 3.295455 880.000000 880.000000 880.000000 447.000000 292.000000 29.000000 112.000000 0.000000 0.000000
251542 7.111111 7.111111 859.000000 859.000000 900.000000 424.000000 279.000000 23.000000 133.000000 0.000000 41.000000
252542 11.974110 11.974110 855.000000 855.000000 927.000000 416.000000 254.000000 39.000000 146.000000 0.000000 72.000000
253542 14.361702 14.361702 825.000000 825.000000 940.000000 404.000000 234.000000 20.000000 167.000000 0.000000 115.000000
254542 16.597510 16.597510 821.000000 821.000000 964.000000 416.000000 203.000000 17.000000 185.000000 0.000000 143.000000
255542 18.008048 18.008048 832.000000 832.000000 994.000000 453.000000 172.000000 17.000000 190.000000 0.000000 162.000000
256542 18.913676 18.913676 850.000000 850.000000 1031.000000 509.000000 126.000000 14.000000 201.000000 0.000000 181.000000
257542 19.738073 19.738073 873.000000 873.000000 1069.000000 560.000000 97.000000 15.000000 201.000000 0.000000 196.000000
258542 21.209386 21.209386 889.000000 889.000000 1108.000000 608.000000 88.000000 16.000000 177.000000 0.000000 219.000000
259542 22.057541 22.057541 910.000000 910.000000 1147.000000 662.000000 70.000000 16.000000 162.000000 0.000000 237.000000
260542 22.512648 22.512648 931.000000 931.000000 1186.000000 718.000000 60.000000 12.000000 141.000000 0.000000 255.000000
261542 23.948220 23.948220 963.000000 963.000000 1236.000000 780.000000 59.000000 23.000000 101.000000 0.000000 273.000000
262542 25.434439 25.434439 965.000000 965.000000 1266.000000 805.000000 57.000000 21.000000 82.000000 0.000000 301.000000
263542 28.137178 28.137178 949.000000 949.000000 1283.000000 792.000000 59.000000 27.000000 71.000000 0.000000 334.000000
264542 29.281346 29.281346 942.000000 942.000000 1308.000000 805.000000 68.000000 17.000000 52.000000 0.000000 366.000000
265542 30.815710 30.815710 932.000000 932.000000 1324.000000 804.000000 70.000000 16.000000 42.000000 0.000000 392.000000
266542 33.682635 33.682635 919.000000 919.000000 1336.000000 771.000000 76.000000 33.000000 39.000000 0.000000 417.000000
267542 37.481371 37.481371 880.000000 880.000000 1342.000000 708.000000 91.000000 41.000000 40.000000 0.000000 462.000000
268542 41.746854 41.746854 833.000000 833.000000 1351.000000 639.000000 109.000000 46.000000 39.000000 0.000000 518.000000
269542 45.588235 45.588235 783.000000 783.000000 1360.000000 583.000000 119.000000 43.000000 38.000000 0.000000 577.000000
270542 49.193548 49.193548 733.000000 733.000000 1364.000000 524.000000 128.000000 40.000000 41.000000 0.000000 631.000000
271542 52.954048 52.954048 686.000000 686.000000 1371.000000 460.000000 139.000000 41.000000 46.000000 0.000000 685.000000
272542 57.795504 57.795504 636.000000 636.000000 1379.000000 381.000000 156.000000 54.000000 45.000000 0.000000 743.000000
273542 60.433213 60.433213 582.000000 582.000000 1385.000000 340.000000 161.000000 34.000000 47.000000 0.000000 803.000000
274542 62.436914 62.436914 546.000000 546.000000 1387.000000 313.000000 157.000000 25.000000 51.000000 0.000000 841.000000
275542 64.908425 64.908425 512.000000 512.000000 1365.000000 262.000000 148.000000 33.000000 69.000000 0.000000 853.000000
276542 65.181886 65.181886 487.000000 487.000000 1347.000000 250.000000 137.000000 18.000000 82.000000 0.000000 860.000000
277542 65.615616 65.615616 473.000000 473.000000 1332.000000 242.000000 125.000000 15.000000 91.000000 0.000000 859.000000
278542 65.703422 65.703422 464.000000 464.000000 1315.000000 244.000000 109.000000 13.000000 98.000000 0.000000 851.000000
279542 65.799541 65.799541 466.000000 466.000000 1307.000000 254.000000 86.000000 19.000000 107.000000 0.000000 841.000000
280542 64.923077 64.923077 469.000000 469.000000 1300.000000 282.000000 71.000000 13.000000 103.000000 0.000000 831.000000
281542 64.132104 64.132104 474.000000 474.000000 1302.000000 313.000000 57.000000 7.000000 97.000000 0.000000 828.000000
282542 63.580719 63.580719 486.000000 486.000000 1307.000000 334.000000 49.000000 10.000000 93.000000 0.000000 821.000000
283542 63.963275 63.963275 485.000000 485.000000 1307.000000 341.000000 41.000000 14.000000 89.000000 0.000000 822.000000
284542 63.762529 63.762529 481.000000 481.000000 1297.000000 356.000000 36.000000 11.000000 78.000000 0.000000 816.000000
285542 63.473520 63.473520 483.000000 483.000000 1284.000000 368.000000 33.000000 14.000000 68.000000 0.000000 801.000000
286542 63.335956 63.335956 481.000000 481.000000 1271.000000 378.000000 34.000000 15.000000 54.000000 0.000000 790.000000
287542 62.648692 62.648692 483.000000 483.000000 1261.000000 400.000000 35.000000 12.000000 36.000000 0.000000 778.000000
288542 62.289832 62.289832 477.000000 477.000000 1249.000000 410.000000 37.000000 6.000000 24.000000 0.000000 772.000000
289542 62.489829 62.489829 475.000000 475.000000 1229.000000 402.000000 43.000000 14.000000 16.000000 0.000000 754.000000
290542 63.424771 63.424771 460.000000 460.000000 1203.000000 379.000000 43.000000 20.000000 18.000000 0.000000 743.000000
291542 63.872083 63.872083 438.000000 438.000000 1157.000000 347.000000 48.000000 20.000000 23.000000 0.000000 719.000000
292542 65.236819 65.236819 414.000000 414.000000 1119.000000 306.000000 59.000000 25.000000 24.000000 0.000000 705.000000
293542 65.791940 65.791940 383.000000 383.000000 1067.000000 273.000000 66.000000 18.000000 26.000000 0.000000 684.000000
294542 67.189030 67.189030 360.000000 360.000000 1021.000000 236.000000 71.000000 25.000000 28.000000 0.000000 661.000000
295542 68.486097 68.486097 332.000000 332.000000 971.000000 204.000000 76.000000 26.000000 26.000000 0.000000 639.000000
296542 68.750000 68.750000 310.000000 310.000000 928.000000 189.000000 81.000000 20.000000 20.000000 0.000000 618.000000
297542 69.160998 69.160998 290.000000 290.000000 882.000000 166.000000 77.000000 18.000000 29.000000 0.000000 592.000000
298542 70.318021 70.318021 274.000000 274.000000 849.000000 138.000000 82.000000 22.000000 32.000000 0.000000 575.000000
299542 71.059113 71.059113 252.000000 252.000000 812.000000 113.000000 84.000000 17.000000 38.000000 0.000000 560.000000
300542 71.374046 71.374046 239.000000 239.000000 786.000000 101.000000 76.000000 14.000000 48.000000 0.000000 547.000000
301542 71.522310 71.522310 224.000000 224.000000 762.000000 98.000000 65.000000 7.000000 54.000000 0.000000 538.000000
302542 70.173103 70.173103 226.000000 226.000000 751.000000 112.000000 61.000000 2.000000 51.000000 0.000000 525.000000
303542 68.937330 68.937330 231.000000 231.000000 734.000000 122.000000 53.000000 3.000000 53.000000 0.000000 503.000000
304542 67.675378 67.675378 238.000000 238.000000 727.000000 138.000000 48.000000 3.000000 49.000000 0.000000 489.000000
305542 66.061453 66.061453 250.000000 250.000000 716.000000 160.000000 38.000000 7.000000 45.000000 0.000000 466.000000
306542 65.449438 65.449438 249.000000 249.000000 712.000000 166.000000 30.000000 3.000000 50.000000 0.000000 463.000000
307542 65.379113 65.379113 249.000000 249.000000 699.000000 164.000000 25.000000 7.000000 53.000000 0.000000 450.000000
308542 64.421669 64.421669 248.000000 248.000000 683.000000 174.000000 21.000000 5.000000 48.000000 0.000000 435.000000
309542 64.000000 64.000000 251.000000 251.000000 675.000000 181.000000 21.000000 8.000000 41.000000 0.000000 424.000000
310542 62.783661 62.783661 250.000000 250.000000 661.000000 190.000000 21.000000 4.000000 35.000000 0.000000 411.000000
311542 61.363636 61.363636 259.000000 259.000000 660.000000 216.000000 19.000000 4.000000 20.000000 0.000000 401.000000
312542 61.325116 61.325116 259.000000 259.000000 649.000000 215.000000 20.000000 8.000000 16.000000 0.000000 390.000000
313542 61.949686 61.949686 252.000000 252.000000 636.000000 206.000000 19.000000 10.000000 17.000000 0.000000 384.000000
314542 62.318841 62.318841 245.000000 245.000000 621.000000 199.000000 22.000000 11.000000 13.000000 0.000000 376.000000
315542 64.141414 64.141414 234.000000 234.000000 594.000000 176.000000 24.000000 21.000000 13.000000 0.000000 360.000000
316542 64.510490 64.510490 214.000000 214.000000 572.000000 160.000000 28.000000 11.000000 15.000000 0.000000 358.000000
317542 64.363636 64.363636 204.000000 204.000000 550.000000 151.000000 33.000000 8.000000 12.000000 0.000000 346.000000
318542 64.783427 64.783427 195.000000 195.000000 531.000000 145.000000 32.000000 8.000000 10.000000 0.000000 336.000000
319542 65.191147 65.191147 183.000000 183.000000 497.000000 130.000000 30.000000 10.000000 13.000000 0.000000 314.000000
320542 66.167024 66.167024 169.000000 169.000000 467.000000 112.000000 33.000000 11.000000 13.000000 0.000000 298.000000
321542 68.141593 68.141593 161.000000 161.000000 452.000000 96.000000 36.000000 17.000000 12.000000 0.000000 291.000000
322542 70.560748 70.560748 143.000000 143.000000 428.000000 71.000000 38.000000 17.000000 17.000000 0.000000 285.000000
255841 2.930832 2.930832 853.000000 853.000000 853.000000 390.000000 329.000000 25.000000 109.000000 0.000000 0.000000
256841 6.705202 6.705202 829.000000 829.000000 865.000000 368.000000 301.000000 22.000000 138.000000 0.000000 36.000000
257841 10.407240 10.407240 816.000000 816.000000 884.000000 359.000000 289.000000 24.000000 144.000000 0.000000 68.000000
258841 14.143646 14.143646 800.000000 800.000000 905.000000 350.000000 263.000000 23.000000 164.000000 0.000000 105.000000
259841 15.800866 15.800866 791.000000 791.000000 924.000000 359.000000 240.000000 13.000000 179.000000 0.000000 133.000000
260841 17.427386 17.427386 813.000000 813.000000 964.000000 404.000000 198.000000 17.000000 194.000000 0.000000 151.000000
261841 17.764471 17.764471 836.000000 836.000000 1002.000000 469.000000 152.000000 12.000000 203.000000 0.000000 166.000000
262841 18.349515 18.349515 851.000000 851.000000 1030.000000 510.000000 101.000000 10.000000 230.000000 0.000000 179.000000
263841 18.896165 18.896165 878.000000 878.000000 1069.000000 567.000000 84.000000 11.000000 216.000000 0.000000 191.000000
264841 20.126927 20.126927 893.000000 893.000000 1103.000000 609.000000 79.000000 12.000000 193.000000 0.000000 210.000000
265841 20.674740 20.674740 931.000000 931.000000 1156.000000 696.000000 67.000000 14.000000 154.000000 0.000000 225.000000
266841 20.943709 20.943709 965.000000 965.000000 1208.000000 783.000000 54.000000 10.000000 118.000000 0.000000 243.000000
267841 22.009569 22.009569 992.000000 992.000000 1254.000000 842.000000 50.000000 14.000000 86.000000 0.000000 262.000000
268841 23.185012 23.185012 999.000000 999.000000 1281.000000 868.000000 46.000000 15.000000 70.000000 0.000000 282.000000
269841 25.212028 25.212028 990.000000 990.000000 1297.000000 854.000000 55.000000 20.000000 61.000000 0.000000 307.000000
270841 27.501910 27.501910 977.000000 977.000000 1309.000000 832.000000 64.000000 28.000000 53.000000 0.000000 332.000000
271841 30.490566 30.490566 949.000000 949.000000 1325.000000 807.000000 72.000000 28.000000 42.000000 0.000000 376.000000
272841 34.928945 34.928945 921.000000 921.000000 1337.000000 754.000000 79.000000 51.000000 37.000000 0.000000 416.000000
273841 37.091988 37.091988 869.000000 869.000000 1348.000000 725.000000 95.000000 21.000000 28.000000 0.000000 479.000000
274841 41.254613 41.254613 840.000000 840.000000 1355.000000 665.000000 104.000000 44.000000 27.000000 0.000000 515.000000
275841 45.260838 45.260838 790.000000 790.000000 1361.000000 603.000000 110.000000 45.000000 32.000000 0.000000 571.000000
276841 49.963424 49.963424 734.000000 734.000000 1367.000000 523.000000 128.000000 50.000000 33.000000 0.000000 633.000000
277841 55.685131 55.685131 668.000000 668.000000 1372.000000 424.000000 144.000000 60.000000 40.000000 0.000000 704.000000
278841 60.932945 60.932945 596.000000 596.000000 1372.000000 339.000000 142.000000 60.000000 55.000000 0.000000 776.000000
279841 63.643014 63.643014 526.000000 526.000000 1367.000000 287.000000 145.000000 29.000000 65.000000 0.000000 841.000000
280841 64.684288 64.684288 506.000000 506.000000 1362.000000 265.000000 151.000000 25.000000 65.000000 0.000000 856.000000
281841 65.407407 65.407407 489.000000 489.000000 1350.000000 255.000000 142.000000 22.000000 70.000000 0.000000 861.000000
282841 65.210843 65.210843 481.000000 481.000000 1328.000000 254.000000 139.000000 19.000000 69.000000 0.000000 847.000000
283841 65.984848 65.984848 467.000000 467.000000 1320.000000 241.000000 134.000000 18.000000 74.000000 0.000000 853.000000
284841 65.903890 65.903890 460.000000 460.000000 1311.000000 245.000000 118.000000 13.000000 84.000000 0.000000 851.000000
285841 66.102998 66.102998 453.000000 453.000000 1301.000000 244.000000 98.000000 12.000000 99.000000 0.000000 848.000000
286841 65.740741 65.740741 455.000000 455.000000 1296.000000 259.000000 86.000000 11.000000 99.000000 0.000000 841.000000
287841 65.429234 65.429234 454.000000 454.000000 1293.000000 270.000000 72.000000 7.000000 105.000000 0.000000 839.000000
288841 64.673913 64.673913 463.000000 463.000000 1288.000000 296.000000 57.000000 8.000000 102.000000 0.000000 825.000000
289841 63.418407 63.418407 476.000000 476.000000 1293.000000 333.000000 52.000000 3.000000 88.000000 0.000000 817.000000
290841 62.835249 62.835249 496.000000 496.000000 1305.000000 367.000000 49.000000 11.000000 69.000000 0.000000 809.000000
291841 62.778204 62.778204 498.000000 498.000000 1303.000000 375.000000 40.000000 13.000000 70.000000 0.000000 805.000000
292841 62.877030 62.877030 498.000000 498.000000 1293.000000 377.000000 45.000000 18.000000 58.000000 0.000000 795.000000
293841 63.026521 63.026521 488.000000 488.000000 1282.000000 373.000000 52.000000 14.000000 49.000000 0.000000 794.000000
294841 63.045202 63.045202 477.000000 477.000000 1261.000000 374.000000 50.000000 11.000000 42.000000 0.000000 784.000000
295841 62.560778 62.560778 471.000000 471.000000 1234.000000 371.000000 54.000000 9.000000 37.000000 0.000000 763.000000
296841 62.365591 62.365591 470.000000 470.000000 1209.000000 373.000000 55.000000 15.000000 27.000000 0.000000 739.000000
297841 62.694301 62.694301 453.000000 453.000000 1158.000000 349.000000 59.000000 21.000000 24.000000 0.000000 705.000000
298841 62.655971 62.655971 436.000000 436.000000 1122.000000 337.000000 63.000000 17.000000 19.000000 0.000000 686.000000
299841 62.616822 62.616822 418.000000 418.000000 1070.000000 316.000000 59.000000 18.000000 25.000000 0.000000 652.000000
300841 63.438735 63.438735 398.000000 398.000000 1012.000000 274.000000 64.000000 28.000000 32.000000 0.000000 614.000000
301841 64.519427 64.519427 369.000000 369.000000 978.000000 232.000000 78.000000 22.000000 37.000000 0.000000 609.000000
302841 65.048544 65.048544 340.000000 340.000000 927.000000 206.000000 76.000000 16.000000 42.000000 0.000000 587.000000
303841 64.055300 64.055300 322.000000 322.000000 868.000000 189.000000 81.000000 10.000000 42.000000 0.000000 546.000000
304841 64.423077 64.423077 316.000000 316.000000 832.000000 171.000000 87.000000 20.000000 38.000000 0.000000 516.000000
305841 65.136476 65.136476 296.000000 296.000000 806.000000 157.000000 92.000000 15.000000 32.000000 0.000000 510.000000
306841 64.548920 64.548920 289.000000 289.000000 787.000000 158.000000 88.000000 10.000000 33.000000 0.000000 498.000000
307841 64.313725 64.313725 285.000000 285.000000 765.000000 154.000000 86.000000 12.000000 33.000000 0.000000 480.000000
308841 65.147453 65.147453 275.000000 275.000000 746.000000 138.000000 80.000000 15.000000 42.000000 0.000000 471.000000
309841 64.432285 64.432285 264.000000 264.000000 731.000000 138.000000 62.000000 4.000000 60.000000 0.000000 467.000000
310841 63.699583 63.699583 265.000000 265.000000 719.000000 143.000000 59.000000 4.000000 59.000000 0.000000 454.000000
311841 63.253857 63.253857 267.000000 267.000000 713.000000 149.000000 54.000000 5.000000 59.000000 0.000000 446.000000
312841 63.165266 63.165266 270.000000 270.000000 714.000000 159.000000 43.000000 7.000000 61.000000 0.000000 444.000000
313841 62.324930 62.324930 273.000000 273.000000 714.000000 174.000000 33.000000 4.000000 62.000000 0.000000 441.000000
314841 60.584958 60.584958 289.000000 289.000000 718.000000 208.000000 31.000000 6.000000 44.000000 0.000000 429.000000
315841 61.669024 61.669024 289.000000 289.000000 707.000000 199.000000 28.000000 18.000000 44.000000 0.000000 418.000000
316841 61.582734 61.582734 276.000000 276.000000 695.000000 199.000000 23.000000 9.000000 45.000000 0.000000 419.000000
317841 61.233480 61.233480 278.000000 278.000000 681.000000 207.000000 22.000000 14.000000 35.000000 0.000000 403.000000
318841 61.367013 61.367013 270.000000 270.000000 673.000000 207.000000 21.000000 10.000000 32.000000 0.000000 403.000000
319841 60.300752 60.300752 270.000000 270.000000 665.000000 219.000000 21.000000 6.000000 24.000000 0.000000 395.000000
320841 60.763359 60.763359 263.000000 263.000000 655.000000 216.000000 19.000000 6.000000 22.000000 0.000000 392.000000
321841 59.750390 59.750390 267.000000 267.000000 641.000000 219.000000 24.000000 9.000000 15.000000 0.000000 374.000000
322841 59.903382 59.903382 257.000000 257.000000 621.000000 207.000000 28.000000 8.000000 14.000000 0.000000 364.000000
323841 59.698997 59.698997 253.000000 253.000000 598.000000 198.000000 29.000000 12.000000 14.000000 0.000000 345.000000
324841 60.449050 60.449050 240.000000 240.000000 579.000000 182.000000 33.000000 11.000000 14.000000 0.000000 339.000000
325841 63.864043 63.864043 226.000000 226.000000 559.000000 150.000000 40.000000 24.000000 12.000000 0.000000 333.000000
326841 64.000000 64.000000 198.000000 198.000000 525.000000 134.000000 42.000000 9.000000 13.000000 0.000000 327.000000
327841 64.833006 64.833006 190.000000 190.000000 509.000000 119.000000 47.000000 11.000000 13.000000 0.000000 319.000000
249468 3.959276 3.959276 884.000000 884.000000 884.000000 453.000000 309.000000 35.000000 87.000000 0.000000 0.000000
250468 8.444444 8.444444 850.000000 850.000000 900.000000 431.000000 297.000000 26.000000 96.000000 0.000000 50.000000
251468 12.513721 12.513721 822.000000 822.000000 911.000000 401.000000 281.000000 25.000000 115.000000 0.000000 89.000000
252468 14.623656 14.623656 810.000000 810.000000 930.000000 402.000000 266.000000 16.000000 126.000000 0.000000 120.000000
253468 17.653277 17.653277 805.000000 805.000000 946.000000 395.000000 236.000000 26.000000 148.000000 0.000000 141.000000
254468 19.032922 19.032922 803.000000 803.000000 972.000000 418.000000 205.000000 16.000000 164.000000 0.000000 169.000000
255468 20.240481 20.240481 811.000000 811.000000 998.000000 448.000000 159.000000 15.000000 189.000000 0.000000 187.000000
256468 21.247563 21.247563 820.000000 820.000000 1026.000000 486.000000 106.000000 12.000000 216.000000 0.000000 206.000000
257468 23.374175 23.374175 835.000000 835.000000 1061.000000 516.000000 76.000000 22.000000 221.000000 0.000000 226.000000
258468 24.250681 24.250681 848.000000 848.000000 1101.000000 573.000000 69.000000 14.000000 192.000000 0.000000 253.000000
259468 25.198238 25.198238 864.000000 864.000000 1135.000000 618.000000 62.000000 15.000000 169.000000 0.000000 271.000000
260468 25.801012 25.801012 893.000000 893.000000 1186.000000 688.000000 60.000000 13.000000 132.000000 0.000000 293.000000
261468 26.845093 26.845093 919.000000 919.000000 1233.000000 745.000000 66.000000 17.000000 91.000000 0.000000 314.000000
262468 27.351097 27.351097 939.000000 939.000000 1276.000000 804.000000 65.000000 12.000000 58.000000 0.000000 337.000000
263468 28.924981 28.924981 937.000000 937.000000 1293.000000 804.000000 64.000000 18.000000 51.000000 0.000000 356.000000
264468 30.627871 30.627871 928.000000 928.000000 1306.000000 797.000000 70.000000 22.000000 39.000000 0.000000 378.000000
265468 33.409091 33.409091 910.000000 910.000000 1320.000000 772.000000 73.000000 31.000000 34.000000 0.000000 410.000000
266468 35.773585 35.773585 879.000000 879.000000 1325.000000 738.000000 80.000000 28.000000 33.000000 0.000000 446.000000
267468 38.484621 38.484621 852.000000 852.000000 1333.000000 698.000000 85.000000 32.000000 37.000000 0.000000 481.000000
268468 42.038690 42.038690 816.000000 816.000000 1344.000000 647.000000 96.000000 37.000000 36.000000 0.000000 528.000000
269468 45.913819 45.913819 774.000000 774.000000 1346.000000 577.000000 102.000000 46.000000 49.000000 0.000000 572.000000
270468 50.887574 50.887574 715.000000 715.000000 1352.000000 501.000000 114.000000 51.000000 49.000000 0.000000 637.000000
271468 55.695266 55.695266 653.000000 653.000000 1352.000000 417.000000 128.000000 54.000000 54.000000 0.000000 699.000000
272468 60.132159 60.132159 591.000000 591.000000 1362.000000 350.000000 147.000000 48.000000 46.000000 0.000000 771.000000
273468 64.380531 64.380531 535.000000 535.000000 1356.000000 278.000000 153.000000 52.000000 52.000000 0.000000 821.000000
274468 65.336290 65.336290 491.000000 491.000000 1353.000000 263.000000 153.000000 22.000000 53.000000 0.000000 862.000000
275468 65.914221 65.914221 472.000000 472.000000 1329.000000 249.000000 143.000000 19.000000 61.000000 0.000000 857.000000
276468 66.462011 66.462011 449.000000 449.000000 1303.000000 235.000000 128.000000 12.000000 74.000000 0.000000 854.000000
277468 66.484375 66.484375 441.000000 441.000000 1280.000000 233.000000 112.000000 12.000000 84.000000 0.000000 839.000000
278468 66.115051 66.115051 439.000000 439.000000 1269.000000 242.000000 102.000000 9.000000 86.000000 0.000000 830.000000
279468 66.111111 66.111111 437.000000 437.000000 1260.000000 246.000000 88.000000 10.000000 93.000000 0.000000 823.000000
280468 65.193370 65.193370 443.000000 443.000000 1267.000000 270.000000 70.000000 2.000000 101.000000 0.000000 824.000000
281468 64.854216 64.854216 458.000000 458.000000 1269.000000 292.000000 57.000000 12.000000 97.000000 0.000000 811.000000
282468 64.240506 64.240506 460.000000 460.000000 1264.000000 313.000000 43.000000 8.000000 96.000000 0.000000 804.000000
283468 63.990461 63.990461 466.000000 466.000000 1258.000000 325.000000 45.000000 13.000000 83.000000 0.000000 792.000000
284468 64.314354 64.314354 463.000000 463.000000 1247.000000 322.000000 47.000000 18.000000 76.000000 0.000000 784.000000
285468 63.694779 63.694779 467.000000 467.000000 1245.000000 344.000000 52.000000 15.000000 56.000000 0.000000 778.000000
286468 63.290113 63.290113 469.000000 469.000000 1234.000000 361.000000 52.000000 16.000000 40.000000 0.000000 765.000000
287468 62.765957 62.765957 467.000000 467.000000 1222.000000 374.000000 51.000000 12.000000 30.000000 0.000000 755.000000
288468 62.873754 62.873754 459.000000 459.000000 1204.000000 368.000000 49.000000 12.000000 30.000000 0.000000 745.000000
289468 63.327674 63.327674 449.000000 449.000000 1178.000000 352.000000 50.000000 17.000000 30.000000 0.000000 729.000000
290468 63.755459 63.755459 432.000000 432.000000 1145.000000 334.000000 52.000000 17.000000 29.000000 0.000000 713.000000
291468 65.031222 65.031222 409.000000 409.000000 1121.000000 304.000000 59.000000 17.000000 29.000000 0.000000 712.000000
292468 65.233645 65.233645 392.000000 392.000000 1070.000000 284.000000 56.000000 20.000000 32.000000 0.000000 678.000000
293468 66.246363 66.246363 371.000000 371.000000 1031.000000 256.000000 58.000000 23.000000 34.000000 0.000000 660.000000
294468 66.256410 66.256410 347.000000 347.000000 975.000000 238.000000 57.000000 18.000000 34.000000 0.000000 628.000000
295468 65.760870 65.760870 330.000000 330.000000 920.000000 219.000000 63.000000 15.000000 33.000000 0.000000 590.000000
296468 66.013825 66.013825 315.000000 315.000000 868.000000 194.000000 64.000000 20.000000 37.000000 0.000000 553.000000
297468 67.071689 67.071689 294.000000 294.000000 823.000000 159.000000 80.000000 23.000000 32.000000 0.000000 529.000000
298468 67.305236 67.305236 270.000000 270.000000 783.000000 137.000000 83.000000 14.000000 36.000000 0.000000 513.000000
299468 66.666667 66.666667 263.000000 263.000000 762.000000 140.000000 77.000000 9.000000 37.000000 0.000000 499.000000
300468 65.899865 65.899865 256.000000 256.000000 739.000000 137.000000 76.000000 4.000000 39.000000 0.000000 483.000000
301468 65.096953 65.096953 257.000000 257.000000 722.000000 138.000000 73.000000 5.000000 41.000000 0.000000 465.000000
302468 64.647887 64.647887 257.000000 257.000000 710.000000 140.000000 66.000000 6.000000 45.000000 0.000000 453.000000
303468 64.406780 64.406780 260.000000 260.000000 708.000000 149.000000 62.000000 8.000000 41.000000 0.000000 448.000000
304468 64.336662 64.336662 257.000000 257.000000 701.000000 151.000000 55.000000 7.000000 44.000000 0.000000 444.000000
305468 64.109986 64.109986 257.000000 257.000000 691.000000 154.000000 43.000000 9.000000 51.000000 0.000000 434.000000
306468 62.995595 62.995595 254.000000 254.000000 681.000000 159.000000 37.000000 2.000000 56.000000 0.000000 427.000000
307468 62.721893 62.721893 259.000000 259.000000 676.000000 169.000000 29.000000 7.000000 54.000000 0.000000 417.000000
308468 62.331839 62.331839 256.000000 256.000000 669.000000 170.000000 29.000000 4.000000 53.000000 0.000000 413.000000
309468 60.665658 60.665658 264.000000 264.000000 661.000000 182.000000 32.000000 4.000000 46.000000 0.000000 397.000000
310468 59.509202 59.509202 270.000000 270.000000 652.000000 196.000000 31.000000 6.000000 37.000000 0.000000 382.000000
311468 59.657321 59.657321 270.000000 270.000000 642.000000 192.000000 36.000000 11.000000 31.000000 0.000000 372.000000
312468 59.247649 59.247649 267.000000 267.000000 638.000000 204.000000 35.000000 7.000000 21.000000 0.000000 371.000000
313468 58.075041 58.075041 265.000000 265.000000 613.000000 204.000000 36.000000 8.000000 17.000000 0.000000 348.000000
314468 57.672850 57.672850 259.000000 259.000000 593.000000 198.000000 36.000000 8.000000 17.000000 0.000000 334.000000
315468 58.608696 58.608696 249.000000 249.000000 575.000000 184.000000 36.000000 11.000000 18.000000 0.000000 326.000000
316468 58.896797 58.896797 241.000000 241.000000 562.000000 173.000000 38.000000 10.000000 20.000000 0.000000 321.000000
317468 58.582090 58.582090 230.000000 230.000000 536.000000 159.000000 40.000000 8.000000 23.000000 0.000000 306.000000
318468 58.413926 58.413926 220.000000 220.000000 517.000000 153.000000 38.000000 5.000000 24.000000 0.000000 297.000000
319468 58.116232 58.116232 216.000000 216.000000 499.000000 145.000000 39.000000 7.000000 25.000000 0.000000 283.000000
320468 60.204082 60.204082 213.000000 213.000000 490.000000 133.000000 40.000000 18.000000 22.000000 0.000000 277.000000
321468 61.228814 61.228814 194.000000 194.000000 472.000000 124.000000 36.000000 11.000000 23.000000 0.000000 278.000000
250290 3.037120 3.037120 889.000000 889.000000 889.000000 471.000000 322.000000 27.000000 69.000000 0.000000 0.000000
251290 8.249721 8.249721 854.000000 854.000000 897.000000 419.000000 319.000000 31.000000 85.000000 0.000000 43.000000
252290 13.370166 13.370166 822.000000 822.000000 905.000000 374.000000 299.000000 38.000000 111.000000 0.000000 83.000000
253290 16.575791 16.575791 784.000000 784.000000 917.000000 352.000000 270.000000 19.000000 143.000000 0.000000 133.000000
254290 19.462366 19.462366 768.000000 768.000000 930.000000 340.000000 229.000000 19.000000 180.000000 0.000000 162.000000
255290 22.245322 22.245322 773.000000 773.000000 962.000000 364.000000 171.000000 25.000000 213.000000 0.000000 189.000000
256290 25.508130 25.508130 765.000000 765.000000 984.000000 358.000000 143.000000 32.000000 232.000000 0.000000 219.000000
257290 26.300294 26.300294 765.000000 765.000000 1019.000000 406.000000 105.000000 14.000000 240.000000 0.000000 254.000000
258290 27.109005 27.109005 785.000000 785.000000 1055.000000 454.000000 92.000000 16.000000 223.000000 0.000000 270.000000
259290 26.636771 26.636771 830.000000 830.000000 1115.000000 560.000000 74.000000 12.000000 184.000000 0.000000 285.000000
260290 26.216909 26.216909 871.000000 871.000000 1171.000000 659.000000 64.000000 7.000000 141.000000 0.000000 300.000000
261290 26.463314 26.463314 904.000000 904.000000 1213.000000 725.000000 56.000000 12.000000 111.000000 0.000000 309.000000
262290 26.555024 26.555024 930.000000 930.000000 1254.000000 788.000000 50.000000 9.000000 83.000000 0.000000 324.000000
263290 27.308294 27.308294 942.000000 942.000000 1278.000000 819.000000 45.000000 13.000000 65.000000 0.000000 336.000000
264290 28.373169 28.373169 944.000000 944.000000 1297.000000 835.000000 35.000000 15.000000 59.000000 0.000000 353.000000
265290 30.053394 30.053394 940.000000 940.000000 1311.000000 827.000000 37.000000 23.000000 53.000000 0.000000 371.000000
266290 31.821618 31.821618 917.000000 917.000000 1323.000000 812.000000 45.000000 15.000000 45.000000 0.000000 406.000000
267290 34.854151 34.854151 905.000000 905.000000 1337.000000 782.000000 54.000000 34.000000 35.000000 0.000000 432.000000
268290 37.928465 37.928465 861.000000 861.000000 1342.000000 727.000000 74.000000 28.000000 32.000000 0.000000 481.000000
269290 42.603550 42.603550 828.000000 828.000000 1352.000000 656.000000 90.000000 52.000000 30.000000 0.000000 524.000000
270290 46.583395 46.583395 771.000000 771.000000 1361.000000 590.000000 112.000000 44.000000 25.000000 0.000000 590.000000
271290 52.415813 52.415813 710.000000 710.000000 1366.000000 485.000000 139.000000 60.000000 26.000000 0.000000 656.000000
272290 58.436815 58.436815 634.000000 634.000000 1369.000000 386.000000 156.000000 65.000000 27.000000 0.000000 735.000000
273290 60.863204 60.863204 562.000000 562.000000 1367.000000 334.000000 167.000000 27.000000 34.000000 0.000000 805.000000
274290 63.976522 63.976522 521.000000 521.000000 1363.000000 277.000000 177.000000 30.000000 37.000000 0.000000 842.000000
275290 64.933135 64.933135 486.000000 486.000000 1346.000000 247.000000 178.000000 14.000000 47.000000 0.000000 860.000000
276290 65.653495 65.653495 468.000000 468.000000 1316.000000 217.000000 173.000000 16.000000 62.000000 0.000000 848.000000
277290 65.996909 65.996909 455.000000 455.000000 1294.000000 202.000000 164.000000 15.000000 74.000000 0.000000 839.000000
278290 66.508314 66.508314 443.000000 443.000000 1263.000000 187.000000 145.000000 20.000000 91.000000 0.000000 820.000000
279290 66.265060 66.265060 428.000000 428.000000 1245.000000 190.000000 118.000000 8.000000 112.000000 0.000000 817.000000
280290 66.234818 66.234818 430.000000 430.000000 1235.000000 194.000000 102.000000 13.000000 121.000000 0.000000 805.000000
281290 65.559157 65.559157 439.000000 439.000000 1234.000000 217.000000 91.000000 14.000000 117.000000 0.000000 795.000000
282290 64.326531 64.326531 443.000000 443.000000 1225.000000 241.000000 81.000000 6.000000 115.000000 0.000000 782.000000
283290 63.213703 63.213703 459.000000 459.000000 1226.000000 277.000000 60.000000 8.000000 114.000000 0.000000 767.000000
284290 62.510187 62.510187 474.000000 474.000000 1227.000000 308.000000 51.000000 14.000000 101.000000 0.000000 753.000000
285290 61.394972 61.394972 481.000000 481.000000 1233.000000 343.000000 46.000000 5.000000 87.000000 0.000000 752.000000
286290 60.566802 60.566802 495.000000 495.000000 1235.000000 372.000000 42.000000 8.000000 73.000000 0.000000 740.000000
287290 60.259530 60.259530 502.000000 502.000000 1233.000000 383.000000 46.000000 12.000000 61.000000 0.000000 731.000000
288290 59.098229 59.098229 518.000000 518.000000 1242.000000 426.000000 43.000000 10.000000 39.000000 0.000000 724.000000
289290 58.401305 58.401305 517.000000 517.000000 1226.000000 437.000000 37.000000 7.000000 36.000000 0.000000 709.000000
290290 58.250825 58.250825 516.000000 516.000000 1212.000000 434.000000 39.000000 10.000000 33.000000 0.000000 696.000000
291290 58.495351 58.495351 506.000000 506.000000 1183.000000 418.000000 42.000000 15.000000 31.000000 0.000000 677.000000
292290 59.350307 59.350307 485.000000 485.000000 1139.000000 383.000000 47.000000 22.000000 33.000000 0.000000 654.000000
293290 59.689214 59.689214 463.000000 463.000000 1094.000000 355.000000 55.000000 22.000000 31.000000 0.000000 631.000000
294290 61.000944 61.000944 442.000000 442.000000 1059.000000 322.000000 64.000000 29.000000 27.000000 0.000000 617.000000
295290 60.878244 60.878244 413.000000 413.000000 1002.000000 298.000000 71.000000 21.000000 23.000000 0.000000 589.000000
296290 62.539349 62.539349 385.000000 385.000000 953.000000 257.000000 77.000000 28.000000 23.000000 0.000000 568.000000
297290 64.548495 64.548495 356.000000 356.000000 897.000000 216.000000 79.000000 38.000000 23.000000 0.000000 541.000000
298290 64.754098 64.754098 315.000000 315.000000 854.000000 192.000000 82.000000 14.000000 27.000000 0.000000 539.000000
299290 64.914425 64.914425 302.000000 302.000000 818.000000 171.000000 89.000000 15.000000 27.000000 0.000000 516.000000
300290 67.131980 67.131980 280.000000 280.000000 788.000000 131.000000 94.000000 21.000000 34.000000 0.000000 508.000000
301290 66.403162 66.403162 261.000000 261.000000 759.000000 131.000000 85.000000 6.000000 39.000000 0.000000 498.000000
302290 66.398929 66.398929 258.000000 258.000000 747.000000 129.000000 73.000000 7.000000 49.000000 0.000000 489.000000
303290 65.757162 65.757162 256.000000 256.000000 733.000000 132.000000 66.000000 5.000000 53.000000 0.000000 477.000000
304290 64.845938 64.845938 256.000000 256.000000 714.000000 133.000000 60.000000 5.000000 58.000000 0.000000 458.000000
305290 64.730878 64.730878 256.000000 256.000000 706.000000 135.000000 58.000000 7.000000 56.000000 0.000000 450.000000
306290 64.822695 64.822695 255.000000 255.000000 705.000000 136.000000 53.000000 7.000000 59.000000 0.000000 450.000000
307290 64.425770 64.425770 262.000000 262.000000 714.000000 158.000000 41.000000 8.000000 55.000000 0.000000 452.000000
308290 63.674614 63.674614 265.000000 265.000000 713.000000 171.000000 35.000000 6.000000 53.000000 0.000000 448.000000
309290 64.113475 64.113475 264.000000 264.000000 705.000000 171.000000 35.000000 11.000000 47.000000 0.000000 441.000000
310290 63.262411 63.262411 260.000000 260.000000 705.000000 184.000000 33.000000 1.000000 42.000000 0.000000 445.000000
311290 62.093352 62.093352 272.000000 272.000000 707.000000 205.000000 26.000000 4.000000 37.000000 0.000000 435.000000
312290 61.494253 61.494253 275.000000 275.000000 696.000000 212.000000 26.000000 7.000000 30.000000 0.000000 421.000000
313290 61.271676 61.271676 274.000000 274.000000 692.000000 214.000000 27.000000 6.000000 27.000000 0.000000 418.000000
314290 61.029412 61.029412 271.000000 271.000000 680.000000 216.000000 21.000000 6.000000 28.000000 0.000000 409.000000
315290 60.597015 60.597015 270.000000 270.000000 670.000000 213.000000 27.000000 6.000000 24.000000 0.000000 400.000000
316290 59.724349 59.724349 270.000000 270.000000 653.000000 213.000000 28.000000 7.000000 22.000000 0.000000 383.000000
317290 60.596546 60.596546 265.000000 265.000000 637.000000 194.000000 36.000000 14.000000 21.000000 0.000000 372.000000
318290 61.475410 61.475410 246.000000 246.000000 610.000000 177.000000 39.000000 11.000000 19.000000 0.000000 364.000000
319290 62.731872 62.731872 239.000000 239.000000 593.000000 163.000000 44.000000 18.000000 14.000000 0.000000 354.000000
320290 62.081129 62.081129 224.000000 224.000000 567.000000 158.000000 44.000000 9.000000 13.000000 0.000000 343.000000
321290 62.708720 62.708720 215.000000 215.000000 539.000000 142.000000 46.000000 14.000000 13.000000 0.000000 324.000000
322290 62.574257 62.574257 198.000000 198.000000 505.000000 128.000000 47.000000 9.000000 14.000000 0.000000 307.000000
