249988 0.000000 0.000000 871.000000 871.000000 871.000000 871.000000 0.000000 0.000000 0.000000 0.000000 0.000000
250988 0.000000 0.000000 871.000000 871.000000 871.000000 871.000000 0.000000 0.000000 0.000000 0.000000 0.000000
251988 66.934558 66.934558 288.000000 288.000000 871.000000 0.000000 288.000000 0.000000 0.000000 0.000000 583.000000
252988 66.934558 66.934558 288.000000 288.000000 871.000000 0.000000 288.000000 0.000000 0.000000 0.000000 583.000000
253988 66.934558 66.934558 288.000000 288.000000 871.000000 0.000000 288.000000 0.000000 0.000000 0.000000 583.000000
254988 66.934558 66.934558 288.000000 288.000000 871.000000 0.000000 288.000000 0.000000 0.000000 0.000000 583.000000
255988 66.934558 66.934558 288.000000 288.000000 871.000000 0.000000 288.000000 0.000000 0.000000 0.000000 583.000000
256988 66.934558 66.934558 288.000000 288.000000 871.000000 0.000000 288.000000 0.000000 0.000000 0.000000 583.000000
257988 66.934558 66.934558 288.000000 288.000000 871.000000 0.000000 288.000000 0.000000 0.000000 0.000000 583.000000
258988 66.934558 66.934558 288.000000 288.000000 871.000000 0.000000 0.000000 0.000000 288.000000 0.000000 583.000000
259988 66.934558 66.934558 288.000000 288.000000 871.000000 0.000000 0.000000 0.000000 288.000000 0.000000 583.000000
260988 66.934558 66.934558 288.000000 288.000000 871.000000 0.000000 0.000000 0.000000 288.000000 0.000000 583.000000
261988 66.934558 66.934558 288.000000 288.000000 871.000000 0.000000 0.000000 0.000000 288.000000 0.000000 583.000000
262988 66.934558 66.934558 288.000000 288.000000 871.000000 0.000000 0.000000 0.000000 288.000000 0.000000 583.000000
263988 47.451670 47.451670 598.000000 598.000000 1138.000000 598.000000 0.000000 0.000000 0.000000 0.000000 540.000000
264988 47.451670 47.451670 598.000000 598.000000 1138.000000 598.000000 0.000000 0.000000 0.000000 0.000000 540.000000
265988 47.451670 47.451670 598.000000 598.000000 1138.000000 598.000000 0.000000 0.000000 0.000000 0.000000 540.000000
266988 47.451670 47.451670 598.000000 598.000000 1138.000000 598.000000 0.000000 0.000000 0.000000 0.000000 540.000000
267988 47.451670 47.451670 598.000000 598.000000 1138.000000 598.000000 0.000000 0.000000 0.000000 0.000000 540.000000
268988 47.451670 47.451670 598.000000 598.000000 1138.000000 598.000000 0.000000 0.000000 0.000000 0.000000 540.000000
269988 47.451670 47.451670 598.000000 598.000000 1138.000000 598.000000 0.000000 0.000000 0.000000 0.000000 540.000000
270988 47.451670 47.451670 598.000000 598.000000 1138.000000 598.000000 0.000000 0.000000 0.000000 0.000000 540.000000
271988 47.451670 47.451670 598.000000 598.000000 1138.000000 598.000000 0.000000 0.000000 0.000000 0.000000 540.000000
272988 47.451670 47.451670 598.000000 598.000000 1138.000000 598.000000 0.000000 0.000000 0.000000 0.000000 540.000000
273988 47.451670 47.451670 598.000000 598.000000 1138.000000 598.000000 0.000000 0.000000 0.000000 0.000000 540.000000
274988 47.451670 47.451670 598.000000 598.000000 1138.000000 598.000000 0.000000 0.000000 0.000000 0.000000 540.000000
275988 69.565217 69.565217 182.000000 182.000000 598.000000 0.000000 182.000000 0.000000 0.000000 0.000000 416.000000
276988 69.565217 69.565217 182.000000 182.000000 598.000000 0.000000 182.000000 0.000000 0.000000 0.000000 416.000000
277988 69.565217 69.565217 182.000000 182.000000 598.000000 0.000000 182.000000 0.000000 0.000000 0.000000 416.000000
278988 69.565217 69.565217 182.000000 182.000000 598.000000 0.000000 182.000000 0.000000 0.000000 0.000000 416.000000
279988 69.565217 69.565217 182.000000 182.000000 598.000000 0.000000 182.000000 0.000000 0.000000 0.000000 416.000000
280988 69.565217 69.565217 182.000000 182.000000 598.000000 0.000000 182.000000 0.000000 0.000000 0.000000 416.000000
281988 69.565217 69.565217 182.000000 182.000000 598.000000 0.000000 182.000000 0.000000 0.000000 0.000000 416.000000
282988 69.565217 69.565217 182.000000 182.000000 598.000000 0.000000 0.000000 0.000000 182.000000 0.000000 416.000000
283988 69.565217 69.565217 182.000000 182.000000 598.000000 0.000000 0.000000 0.000000 182.000000 0.000000 416.000000
284988 69.565217 69.565217 182.000000 182.000000 598.000000 0.000000 0.000000 0.000000 182.000000 0.000000 416.000000
285988 69.565217 69.565217 182.000000 182.000000 598.000000 0.000000 0.000000 0.000000 182.000000 0.000000 416.000000
286988 69.565217 69.565217 182.000000 182.000000 598.000000 0.000000 0.000000 0.000000 182.000000 0.000000 416.000000
287988 53.333333 53.333333 364.000000 364.000000 780.000000 364.000000 0.000000 0.000000 0.000000 0.000000 416.000000
288988 53.333333 53.333333 364.000000 364.000000 780.000000 364.000000 0.000000 0.000000 0.000000 0.000000 416.000000
289988 53.333333 53.333333 364.000000 364.000000 780.000000 364.000000 0.000000 0.000000 0.000000 0.000000 416.000000
290988 53.333333 53.333333 364.000000 364.000000 780.000000 364.000000 0.000000 0.000000 0.000000 0.000000 416.000000
291988 53.333333 53.333333 364.000000 364.000000 780.000000 364.000000 0.000000 0.000000 0.000000 0.000000 416.000000
292988 53.333333 53.333333 364.000000 364.000000 780.000000 364.000000 0.000000 0.000000 0.000000 0.000000 416.000000
293988 53.333333 53.333333 364.000000 364.000000 780.000000 364.000000 0.000000 0.000000 0.000000 0.000000 416.000000
294988 53.333333 53.333333 364.000000 364.000000 780.000000 364.000000 0.000000 0.000000 0.000000 0.000000 416.000000
295988 53.333333 53.333333 364.000000 364.000000 780.000000 364.000000 0.000000 0.000000 0.000000 0.000000 416.000000
296988 53.333333 53.333333 364.000000 364.000000 780.000000 364.000000 0.000000 0.000000 0.000000 0.000000 416.000000
297988 53.333333 53.333333 364.000000 364.000000 780.000000 364.000000 0.000000 0.000000 0.000000 0.000000 416.000000
298988 53.333333 53.333333 364.000000 364.000000 780.000000 364.000000 0.000000 0.000000 0.000000 0.000000 416.000000
299988 65.384615 65.384615 126.000000 126.000000 364.000000 0.000000 126.000000 0.000000 0.000000 0.000000 238.000000
300988 65.384615 65.384615 126.000000 126.000000 364.000000 0.000000 126.000000 0.000000 0.000000 0.000000 238.000000
301988 65.384615 65.384615 126.000000 126.000000 364.000000 0.000000 126.000000 0.000000 0.000000 0.000000 238.000000
302988 65.384615 65.384615 126.000000 126.000000 364.000000 0.000000 126.000000 0.000000 0.000000 0.000000 238.000000
303988 65.384615 65.384615 126.000000 126.000000 364.000000 0.000000 126.000000 0.000000 0.000000 0.000000 238.000000
304988 65.384615 65.384615 126.000000 126.000000 364.000000 0.000000 126.000000 0.000000 0.000000 0.000000 238.000000
305988 65.384615 65.384615 126.000000 126.000000 364.000000 0.000000 126.000000 0.000000 0.000000 0.000000 238.000000
306988 65.384615 65.384615 126.000000 126.000000 364.000000 0.000000 0.000000 0.000000 126.000000 0.000000 238.000000
307988 65.384615 65.384615 126.000000 126.000000 364.000000 0.000000 0.000000 0.000000 126.000000 0.000000 238.000000
308988 65.384615 65.384615 126.000000 126.000000 364.000000 0.000000 0.000000 0.000000 126.000000 0.000000 238.000000
309988 65.384615 65.384615 126.000000 126.000000 364.000000 0.000000 0.000000 0.000000 126.000000 0.000000 238.000000
310988 65.384615 65.384615 126.000000 126.000000 364.000000 0.000000 0.000000 0.000000 126.000000 0.000000 238.000000
311988 48.571429 48.571429 252.000000 252.000000 490.000000 252.000000 0.000000 0.000000 0.000000 0.000000 238.000000
312988 48.571429 48.571429 252.000000 252.000000 490.000000 252.000000 0.000000 0.000000 0.000000 0.000000 238.000000
313988 48.571429 48.571429 252.000000 252.000000 490.000000 252.000000 0.000000 0.000000 0.000000 0.000000 238.000000
314988 48.571429 48.571429 252.000000 252.000000 490.000000 252.000000 0.000000 0.000000 0.000000 0.000000 238.000000
315988 48.571429 48.571429 252.000000 252.000000 490.000000 252.000000 0.000000 0.000000 0.000000 0.000000 238.000000
316988 48.571429 48.571429 252.000000 252.000000 490.000000 252.000000 0.000000 0.000000 0.000000 0.000000 238.000000
317988 48.571429 48.571429 252.000000 252.000000 490.000000 252.000000 0.000000 0.000000 0.000000 0.000000 238.000000
318988 48.571429 48.571429 252.000000 252.000000 490.000000 252.000000 0.000000 0.000000 0.000000 0.000000 238.000000
319988 48.571429 48.571429 252.000000 252.000000 490.000000 252.000000 0.000000 0.000000 0.000000 0.000000 238.000000
320988 48.571429 48.571429 252.000000 252.000000 490.000000 252.000000 0.000000 0.000000 0.000000 0.000000 238.000000
321988 48.571429 48.571429 252.000000 252.000000 490.000000 252.000000 0.000000 0.000000 0.000000 0.000000 238.000000
249988 0.000000 0.000000 908.000000 908.000000 908.000000 908.000000 0.000000 0.000000 0.000000 0.000000 0.000000
250988 0.000000 0.000000 908.000000 908.000000 908.000000 908.000000 0.000000 0.000000 0.000000 0.000000 0.000000
251988 66.189427 66.189427 307.000000 307.000000 908.000000 0.000000 307.000000 0.000000 0.000000 0.000000 601.000000
252988 66.189427 66.189427 307.000000 307.000000 908.000000 0.000000 307.000000 0.000000 0.000000 0.000000 601.000000
253988 66.189427 66.189427 307.000000 307.000000 908.000000 0.000000 307.000000 0.000000 0.000000 0.000000 601.000000
254988 66.189427 66.189427 307.000000 307.000000 908.000000 0.000000 307.000000 0.000000 0.000000 0.000000 601.000000
255988 66.189427 66.189427 307.000000 307.000000 908.000000 0.000000 307.000000 0.000000 0.000000 0.000000 601.000000
256988 66.189427 66.189427 307.000000 307.000000 908.000000 0.000000 307.000000 0.000000 0.000000 0.000000 601.000000
257988 66.189427 66.189427 307.000000 307.000000 908.000000 0.000000 307.000000 0.000000 0.000000 0.000000 601.000000
258988 66.189427 66.189427 307.000000 307.000000 908.000000 0.000000 0.000000 0.000000 307.000000 0.000000 601.000000
259988 66.189427 66.189427 307.000000 307.000000 908.000000 0.000000 0.000000 0.000000 307.000000 0.000000 601.000000
260988 66.189427 66.189427 307.000000 307.000000 908.000000 0.000000 0.000000 0.000000 307.000000 0.000000 601.000000
261988 66.189427 66.189427 307.000000 307.000000 908.000000 0.000000 0.000000 0.000000 307.000000 0.000000 601.000000
262988 66.189427 66.189427 307.000000 307.000000 908.000000 0.000000 0.000000 0.000000 307.000000 0.000000 601.000000
263988 46.192469 46.192469 643.000000 643.000000 1195.000000 643.000000 0.000000 0.000000 0.000000 0.000000 552.000000
264988 46.192469 46.192469 643.000000 643.000000 1195.000000 643.000000 0.000000 0.000000 0.000000 0.000000 552.000000
265988 46.192469 46.192469 643.000000 643.000000 1195.000000 643.000000 0.000000 0.000000 0.000000 0.000000 552.000000
266988 46.192469 46.192469 643.000000 643.000000 1195.000000 643.000000 0.000000 0.000000 0.000000 0.000000 552.000000
267988 46.192469 46.192469 643.000000 643.000000 1195.000000 643.000000 0.000000 0.000000 0.000000 0.000000 552.000000
268988 46.192469 46.192469 643.000000 643.000000 1195.000000 643.000000 0.000000 0.000000 0.000000 0.000000 552.000000
269988 46.192469 46.192469 643.000000 643.000000 1195.000000 643.000000 0.000000 0.000000 0.000000 0.000000 552.000000
270988 46.192469 46.192469 643.000000 643.000000 1195.000000 643.000000 0.000000 0.000000 0.000000 0.000000 552.000000
271988 46.192469 46.192469 643.000000 643.000000 1195.000000 643.000000 0.000000 0.000000 0.000000 0.000000 552.000000
272988 46.192469 46.192469 643.000000 643.000000 1195.000000 643.000000 0.000000 0.000000 0.000000 0.000000 552.000000
273988 46.192469 46.192469 643.000000 643.000000 1195.000000 643.000000 0.000000 0.000000 0.000000 0.000000 552.000000
274988 46.192469 46.192469 643.000000 643.000000 1195.000000 643.000000 0.000000 0.000000 0.000000 0.000000 552.000000
275988 67.185070 67.185070 211.000000 211.000000 643.000000 0.000000 211.000000 0.000000 0.000000 0.000000 432.000000
276988 67.185070 67.185070 211.000000 211.000000 643.000000 0.000000 211.000000 0.000000 0.000000 0.000000 432.000000
277988 67.185070 67.185070 211.000000 211.000000 643.000000 0.000000 211.000000 0.000000 0.000000 0.000000 432.000000
278988 67.185070 67.185070 211.000000 211.000000 643.000000 0.000000 211.000000 0.000000 0.000000 0.000000 432.000000
279988 67.185070 67.185070 211.000000 211.000000 643.000000 0.000000 211.000000 0.000000 0.000000 0.000000 432.000000
280988 67.185070 67.185070 211.000000 211.000000 643.000000 0.000000 211.000000 0.000000 0.000000 0.000000 432.000000
281988 67.185070 67.185070 211.000000 211.000000 643.000000 0.000000 211.000000 0.000000 0.000000 0.000000 432.000000
282988 67.185070 67.185070 211.000000 211.000000 643.000000 0.000000 0.000000 0.000000 211.000000 0.000000 432.000000
283988 67.185070 67.185070 211.000000 211.000000 643.000000 0.000000 0.000000 0.000000 211.000000 0.000000 432.000000
284988 67.185070 67.185070 211.000000 211.000000 643.000000 0.000000 0.000000 0.000000 211.000000 0.000000 432.000000
285988 67.185070 67.185070 211.000000 211.000000 643.000000 0.000000 0.000000 0.000000 211.000000 0.000000 432.000000
286988 67.185070 67.185070 211.000000 211.000000 643.000000 0.000000 0.000000 0.000000 211.000000 0.000000 432.000000
287988 50.585480 50.585480 422.000000 422.000000 854.000000 422.000000 0.000000 0.000000 0.000000 0.000000 432.000000
288988 50.585480 50.585480 422.000000 422.000000 854.000000 422.000000 0.000000 0.000000 0.000000 0.000000 432.000000
289988 50.585480 50.585480 422.000000 422.000000 854.000000 422.000000 0.000000 0.000000 0.000000 0.000000 432.000000
290988 50.585480 50.585480 422.000000 422.000000 854.000000 422.000000 0.000000 0.000000 0.000000 0.000000 432.000000
291988 50.585480 50.585480 422.000000 422.000000 854.000000 422.000000 0.000000 0.000000 0.000000 0.000000 432.000000
292988 50.585480 50.585480 422.000000 422.000000 854.000000 422.000000 0.000000 0.000000 0.000000 0.000000 432.000000
293988 50.585480 50.585480 422.000000 422.000000 854.000000 422.000000 0.000000 0.000000 0.000000 0.000000 432.000000
294988 50.585480 50.585480 422.000000 422.000000 854.000000 422.000000 0.000000 0.000000 0.000000 0.000000 432.000000
295988 50.585480 50.585480 422.000000 422.000000 854.000000 422.000000 0.000000 0.000000 0.000000 0.000000 432.000000
296988 50.585480 50.585480 422.000000 422.000000 854.000000 422.000000 0.000000 0.000000 0.000000 0.000000 432.000000
297988 50.585480 50.585480 422.000000 422.000000 854.000000 422.000000 0.000000 0.000000 0.000000 0.000000 432.000000
298988 50.585480 50.585480 422.000000 422.000000 854.000000 422.000000 0.000000 0.000000 0.000000 0.000000 432.000000
299988 68.246445 68.246445 134.000000 134.000000 422.000000 0.000000 134.000000 0.000000 0.000000 0.000000 288.000000
300988 68.246445 68.246445 134.000000 134.000000 422.000000 0.000000 134.000000 0.000000 0.000000 0.000000 288.000000
301988 68.246445 68.246445 134.000000 134.000000 422.000000 0.000000 134.000000 0.000000 0.000000 0.000000 288.000000
302988 68.246445 68.246445 134.000000 134.000000 422.000000 0.000000 134.000000 0.000000 0.000000 0.000000 288.000000
303988 68.246445 68.246445 134.000000 134.000000 422.000000 0.000000 134.000000 0.000000 0.000000 0.000000 288.000000
304988 68.246445 68.246445 134.000000 134.000000 422.000000 0.000000 134.000000 0.000000 0.000000 0.000000 288.000000
305988 68.246445 68.246445 134.000000 134.000000 422.000000 0.000000 134.000000 0.000000 0.000000 0.000000 288.000000
306988 68.246445 68.246445 134.000000 134.000000 422.000000 0.000000 0.000000 0.000000 134.000000 0.000000 288.000000
307988 68.246445 68.246445 134.000000 134.000000 422.000000 0.000000 0.000000 0.000000 134.000000 0.000000 288.000000
308988 68.246445 68.246445 134.000000 134.000000 422.000000 0.000000 0.000000 0.000000 134.000000 0.000000 288.000000
309988 68.246445 68.246445 134.000000 134.000000 422.000000 0.000000 0.000000 0.000000 134.000000 0.000000 288.000000
310988 68.246445 68.246445 134.000000 134.000000 422.000000 0.000000 0.000000 0.000000 134.000000 0.000000 288.000000
311988 51.798561 51.798561 268.000000 268.000000 556.000000 268.000000 0.000000 0.000000 0.000000 0.000000 288.000000
312988 51.798561 51.798561 268.000000 268.000000 556.000000 268.000000 0.000000 0.000000 0.000000 0.000000 288.000000
313988 51.798561 51.798561 268.000000 268.000000 556.000000 268.000000 0.000000 0.000000 0.000000 0.000000 288.000000
314988 51.798561 51.798561 268.000000 268.000000 556.000000 268.000000 0.000000 0.000000 0.000000 0.000000 288.000000
315988 51.798561 51.798561 268.000000 268.000000 556.000000 268.000000 0.000000 0.000000 0.000000 0.000000 288.000000
316988 51.798561 51.798561 268.000000 268.000000 556.000000 268.000000 0.000000 0.000000 0.000000 0.000000 288.000000
317988 51.798561 51.798561 268.000000 268.000000 556.000000 268.000000 0.000000 0.000000 0.000000 0.000000 288.000000
318988 51.798561 51.798561 268.000000 268.000000 556.000000 268.000000 0.000000 0.000000 0.000000 0.000000 288.000000
319988 51.798561 51.798561 268.000000 268.000000 556.000000 268.000000 0.000000 0.000000 0.000000 0.000000 288.000000
320988 51.798561 51.798561 268.000000 268.000000 556.000000 268.000000 0.000000 0.000000 0.000000 0.000000 288.000000
321988 51.798561 51.798561 268.000000 268.000000 556.000000 268.000000 0.000000 0.000000 0.000000 0.000000 288.000000
249987 0.000000 0.000000 893.000000 893.000000 893.000000 893.000000 0.000000 0.000000 0.000000 0.000000 0.000000
250987 0.000000 0.000000 893.000000 893.000000 893.000000 893.000000 0.000000 0.000000 0.000000 0.000000 0.000000
251987 66.293393 66.293393 301.000000 301.000000 893.000000 0.000000 301.000000 0.000000 0.000000 0.000000 592.000000
252987 66.293393 66.293393 301.000000 301.000000 893.000000 0.000000 301.000000 0.000000 0.000000 0.000000 592.000000
253987 66.293393 66.293393 301.000000 301.000000 893.000000 0.000000 301.000000 0.000000 0.000000 0.000000 592.000000
254987 66.293393 66.293393 301.000000 301.000000 893.000000 0.000000 301.000000 0.000000 0.000000 0.000000 592.000000
255987 66.293393 66.293393 301.000000 301.000000 893.000000 0.000000 301.000000 0.000000 0.000000 0.000000 592.000000
256987 66.293393 66.293393 301.000000 301.000000 893.000000 0.000000 301.000000 0.000000 0.000000 0.000000 592.000000
257987 66.293393 66.293393 301.000000 301.000000 893.000000 0.000000 301.000000 0.000000 0.000000 0.000000 592.000000
258987 66.293393 66.293393 301.000000 301.000000 893.000000 0.000000 0.000000 0.000000 301.000000 0.000000 592.000000
259987 66.293393 66.293393 301.000000 301.000000 893.000000 0.000000 0.000000 0.000000 301.000000 0.000000 592.000000
260987 66.293393 66.293393 301.000000 301.000000 893.000000 0.000000 0.000000 0.000000 301.000000 0.000000 592.000000
261987 66.293393 66.293393 301.000000 301.000000 893.000000 0.000000 0.000000 0.000000 301.000000 0.000000 592.000000
262987 66.293393 66.293393 301.000000 301.000000 893.000000 0.000000 0.000000 0.000000 301.000000 0.000000 592.000000
263987 47.300771 47.300771 615.000000 615.000000 1167.000000 609.000000 0.000000 0.000000 6.000000 0.000000 552.000000
264987 47.058824 47.058824 621.000000 621.000000 1173.000000 621.000000 0.000000 0.000000 0.000000 0.000000 552.000000
265987 47.058824 47.058824 621.000000 621.000000 1173.000000 621.000000 0.000000 0.000000 0.000000 0.000000 552.000000
266987 47.058824 47.058824 621.000000 621.000000 1173.000000 621.000000 0.000000 0.000000 0.000000 0.000000 552.000000
267987 47.058824 47.058824 621.000000 621.000000 1173.000000 621.000000 0.000000 0.000000 0.000000 0.000000 552.000000
268987 47.058824 47.058824 621.000000 621.000000 1173.000000 621.000000 0.000000 0.000000 0.000000 0.000000 552.000000
269987 47.058824 47.058824 621.000000 621.000000 1173.000000 621.000000 0.000000 0.000000 0.000000 0.000000 552.000000
270987 47.058824 47.058824 621.000000 621.000000 1173.000000 621.000000 0.000000 0.000000 0.000000 0.000000 552.000000
271987 47.058824 47.058824 621.000000 621.000000 1173.000000 621.000000 0.000000 0.000000 0.000000 0.000000 552.000000
272987 47.058824 47.058824 621.000000 621.000000 1173.000000 621.000000 0.000000 0.000000 0.000000 0.000000 552.000000
273987 47.058824 47.058824 621.000000 621.000000 1173.000000 621.000000 0.000000 0.000000 0.000000 0.000000 552.000000
274987 47.058824 47.058824 621.000000 621.000000 1173.000000 621.000000 0.000000 0.000000 0.000000 0.000000 552.000000
275987 65.378422 65.378422 215.000000 215.000000 621.000000 0.000000 215.000000 0.000000 0.000000 0.000000 406.000000
276987 65.378422 65.378422 215.000000 215.000000 621.000000 0.000000 215.000000 0.000000 0.000000 0.000000 406.000000
277987 65.378422 65.378422 215.000000 215.000000 621.000000 0.000000 215.000000 0.000000 0.000000 0.000000 406.000000
278987 65.378422 65.378422 215.000000 215.000000 621.000000 0.000000 215.000000 0.000000 0.000000 0.000000 406.000000
279987 65.378422 65.378422 215.000000 215.000000 621.000000 0.000000 215.000000 0.000000 0.000000 0.000000 406.000000
280987 65.378422 65.378422 215.000000 215.000000 621.000000 0.000000 215.000000 0.000000 0.000000 0.000000 406.000000
281987 65.378422 65.378422 215.000000 215.000000 621.000000 0.000000 215.000000 0.000000 0.000000 0.000000 406.000000
282987 65.378422 65.378422 215.000000 215.000000 621.000000 0.000000 0.000000 0.000000 215.000000 0.000000 406.000000
283987 65.378422 65.378422 215.000000 215.000000 621.000000 0.000000 0.000000 0.000000 215.000000 0.000000 406.000000
284987 65.378422 65.378422 215.000000 215.000000 621.000000 0.000000 0.000000 0.000000 215.000000 0.000000 406.000000
285987 65.378422 65.378422 215.000000 215.000000 621.000000 0.000000 0.000000 0.000000 215.000000 0.000000 406.000000
286987 65.378422 65.378422 215.000000 215.000000 621.000000 0.000000 0.000000 0.000000 215.000000 0.000000 406.000000
287987 48.444976 48.444976 431.000000 431.000000 836.000000 431.000000 0.000000 0.000000 0.000000 0.000000 405.000000
288987 48.444976 48.444976 431.000000 431.000000 836.000000 431.000000 0.000000 0.000000 0.000000 0.000000 405.000000
289987 48.444976 48.444976 431.000000 431.000000 836.000000 431.000000 0.000000 0.000000 0.000000 0.000000 405.000000
290987 48.444976 48.444976 431.000000 431.000000 836.000000 431.000000 0.000000 0.000000 0.000000 0.000000 405.000000
291987 48.444976 48.444976 431.000000 431.000000 836.000000 431.000000 0.000000 0.000000 0.000000 0.000000 405.000000
292987 48.444976 48.444976 431.000000 431.000000 836.000000 431.000000 0.000000 0.000000 0.000000 0.000000 405.000000
293987 48.444976 48.444976 431.000000 431.000000 836.000000 431.000000 0.000000 0.000000 0.000000 0.000000 405.000000
294987 48.444976 48.444976 431.000000 431.000000 836.000000 431.000000 0.000000 0.000000 0.000000 0.000000 405.000000
295987 48.444976 48.444976 431.000000 431.000000 836.000000 431.000000 0.000000 0.000000 0.000000 0.000000 405.000000
296987 48.444976 48.444976 431.000000 431.000000 836.000000 431.000000 0.000000 0.000000 0.000000 0.000000 405.000000
297987 48.444976 48.444976 431.000000 431.000000 836.000000 431.000000 0.000000 0.000000 0.000000 0.000000 405.000000
298987 48.444976 48.444976 431.000000 431.000000 836.000000 431.000000 0.000000 0.000000 0.000000 0.000000 405.000000
299987 67.053364 67.053364 142.000000 142.000000 431.000000 0.000000 142.000000 0.000000 0.000000 0.000000 289.000000
300987 67.053364 67.053364 142.000000 142.000000 431.000000 0.000000 142.000000 0.000000 0.000000 0.000000 289.000000
301987 67.053364 67.053364 142.000000 142.000000 431.000000 0.000000 142.000000 0.000000 0.000000 0.000000 289.000000
302987 67.053364 67.053364 142.000000 142.000000 431.000000 0.000000 142.000000 0.000000 0.000000 0.000000 289.000000
303987 67.053364 67.053364 142.000000 142.000000 431.000000 0.000000 142.000000 0.000000 0.000000 0.000000 289.000000
304987 67.053364 67.053364 142.000000 142.000000 431.000000 0.000000 142.000000 0.000000 0.000000 0.000000 289.000000
305987 67.053364 67.053364 142.000000 142.000000 431.000000 0.000000 142.000000 0.000000 0.000000 0.000000 289.000000
306987 67.053364 67.053364 142.000000 142.000000 431.000000 0.000000 0.000000 0.000000 142.000000 0.000000 289.000000
307987 67.053364 67.053364 142.000000 142.000000 431.000000 0.000000 0.000000 0.000000 142.000000 0.000000 289.000000
308987 67.053364 67.053364 142.000000 142.000000 431.000000 0.000000 0.000000 0.000000 142.000000 0.000000 289.000000
309987 67.053364 67.053364 142.000000 142.000000 431.000000 0.000000 0.000000 0.000000 142.000000 0.000000 289.000000
310987 67.053364 67.053364 142.000000 142.000000 431.000000 0.000000 0.000000 0.000000 142.000000 0.000000 289.000000
311987 50.436300 50.436300 284.000000 284.000000 573.000000 284.000000 0.000000 0.000000 0.000000 0.000000 289.000000
312987 50.436300 50.436300 284.000000 284.000000 573.000000 284.000000 0.000000 0.000000 0.000000 0.000000 289.000000
313987 50.436300 50.436300 284.000000 284.000000 573.000000 284.000000 0.000000 0.000000 0.000000 0.000000 289.000000
314987 50.436300 50.436300 284.000000 284.000000 573.000000 284.000000 0.000000 0.000000 0.000000 0.000000 289.000000
315987 50.436300 50.436300 284.000000 284.000000 573.000000 284.000000 0.000000 0.000000 0.000000 0.000000 289.000000
316987 50.436300 50.436300 284.000000 284.000000 573.000000 284.000000 0.000000 0.000000 0.000000 0.000000 289.000000
317987 50.436300 50.436300 284.000000 284.000000 573.000000 284.000000 0.000000 0.000000 0.000000 0.000000 289.000000
318987 50.436300 50.436300 284.000000 284.000000 573.000000 284.000000 0.000000 0.000000 0.000000 0.000000 289.000000
319987 50.436300 50.436300 284.000000 284.000000 573.000000 284.000000 0.000000 0.000000 0.000000 0.000000 289.000000
320987 50.436300 50.436300 284.000000 284.000000 573.000000 284.000000 0.000000 0.000000 0.000000 0.000000 289.000000
321987 50.436300 50.436300 284.000000 284.000000 573.000000 284.000000 0.000000 0.000000 0.000000 0.000000 289.000000
249987 0.000000 0.000000 889.000000 889.000000 889.000000 889.000000 0.000000 0.000000 0.000000 0.000000 0.000000
250987 0.000000 0.000000 889.000000 889.000000 889.000000 889.000000 0.000000 0.000000 0.000000 0.000000 0.000000
251987 65.804274 65.804274 304.000000 304.000000 889.000000 0.000000 304.000000 0.000000 0.000000 0.000000 585.000000
252987 65.804274 65.804274 304.000000 304.000000 889.000000 0.000000 304.000000 0.000000 0.000000 0.000000 585.000000
253987 65.804274 65.804274 304.000000 304.000000 889.000000 0.000000 304.000000 0.000000 0.000000 0.000000 585.000000
254987 65.804274 65.804274 304.000000 304.000000 889.000000 0.000000 304.000000 0.000000 0.000000 0.000000 585.000000
255987 65.804274 65.804274 304.000000 304.000000 889.000000 0.000000 304.000000 0.000000 0.000000 0.000000 585.000000
256987 65.804274 65.804274 304.000000 304.000000 889.000000 0.000000 304.000000 0.000000 0.000000 0.000000 585.000000
257987 65.804274 65.804274 304.000000 304.000000 889.000000 0.000000 304.000000 0.000000 0.000000 0.000000 585.000000
258987 65.804274 65.804274 304.000000 304.000000 889.000000 0.000000 0.000000 0.000000 304.000000 0.000000 585.000000
259987 65.804274 65.804274 304.000000 304.000000 889.000000 0.000000 0.000000 0.000000 304.000000 0.000000 585.000000
260987 65.804274 65.804274 304.000000 304.000000 889.000000 0.000000 0.000000 0.000000 304.000000 0.000000 585.000000
261987 65.804274 65.804274 304.000000 304.000000 889.000000 0.000000 0.000000 0.000000 304.000000 0.000000 585.000000
262987 65.804274 65.804274 304.000000 304.000000 889.000000 0.000000 0.000000 0.000000 304.000000 0.000000 585.000000
263987 47.556719 47.556719 601.000000 601.000000 1146.000000 580.000000 0.000000 0.000000 21.000000 0.000000 545.000000
264987 46.700943 46.700943 622.000000 622.000000 1167.000000 622.000000 0.000000 0.000000 0.000000 0.000000 545.000000
265987 46.700943 46.700943 622.000000 622.000000 1167.000000 622.000000 0.000000 0.000000 0.000000 0.000000 545.000000
266987 46.700943 46.700943 622.000000 622.000000 1167.000000 622.000000 0.000000 0.000000 0.000000 0.000000 545.000000
267987 46.700943 46.700943 622.000000 622.000000 1167.000000 622.000000 0.000000 0.000000 0.000000 0.000000 545.000000
268987 46.700943 46.700943 622.000000 622.000000 1167.000000 622.000000 0.000000 0.000000 0.000000 0.000000 545.000000
269987 46.700943 46.700943 622.000000 622.000000 1167.000000 622.000000 0.000000 0.000000 0.000000 0.000000 545.000000
270987 46.700943 46.700943 622.000000 622.000000 1167.000000 622.000000 0.000000 0.000000 0.000000 0.000000 545.000000
271987 46.700943 46.700943 622.000000 622.000000 1167.000000 622.000000 0.000000 0.000000 0.000000 0.000000 545.000000
272987 46.700943 46.700943 622.000000 622.000000 1167.000000 622.000000 0.000000 0.000000 0.000000 0.000000 545.000000
273987 46.700943 46.700943 622.000000 622.000000 1167.000000 622.000000 0.000000 0.000000 0.000000 0.000000 545.000000
274987 46.700943 46.700943 622.000000 622.000000 1167.000000 622.000000 0.000000 0.000000 0.000000 0.000000 545.000000
275987 64.951768 64.951768 218.000000 218.000000 622.000000 0.000000 218.000000 0.000000 0.000000 0.000000 404.000000
276987 64.951768 64.951768 218.000000 218.000000 622.000000 0.000000 218.000000 0.000000 0.000000 0.000000 404.000000
277987 64.951768 64.951768 218.000000 218.000000 622.000000 0.000000 218.000000 0.000000 0.000000 0.000000 404.000000
278987 64.951768 64.951768 218.000000 218.000000 622.000000 0.000000 218.000000 0.000000 0.000000 0.000000 404.000000
279987 64.951768 64.951768 218.000000 218.000000 622.000000 0.000000 218.000000 0.000000 0.000000 0.000000 404.000000
280987 64.951768 64.951768 218.000000 218.000000 622.000000 0.000000 218.000000 0.000000 0.000000 0.000000 404.000000
281987 64.951768 64.951768 218.000000 218.000000 622.000000 0.000000 218.000000 0.000000 0.000000 0.000000 404.000000
282987 64.951768 64.951768 218.000000 218.000000 622.000000 0.000000 0.000000 0.000000 218.000000 0.000000 404.000000
283987 64.951768 64.951768 218.000000 218.000000 622.000000 0.000000 0.000000 0.000000 218.000000 0.000000 404.000000
284987 64.951768 64.951768 218.000000 218.000000 622.000000 0.000000 0.000000 0.000000 218.000000 0.000000 404.000000
285987 64.951768 64.951768 218.000000 218.000000 622.000000 0.000000 0.000000 0.000000 218.000000 0.000000 404.000000
286987 64.951768 64.951768 218.000000 218.000000 622.000000 0.000000 0.000000 0.000000 218.000000 0.000000 404.000000
287987 48.095238 48.095238 436.000000 436.000000 840.000000 436.000000 0.000000 0.000000 0.000000 0.000000 404.000000
288987 48.095238 48.095238 436.000000 436.000000 840.000000 436.000000 0.000000 0.000000 0.000000 0.000000 404.000000
289987 48.095238 48.095238 436.000000 436.000000 840.000000 436.000000 0.000000 0.000000 0.000000 0.000000 404.000000
290987 48.095238 48.095238 436.000000 436.000000 840.000000 436.000000 0.000000 0.000000 0.000000 0.000000 404.000000
291987 48.095238 48.095238 436.000000 436.000000 840.000000 436.000000 0.000000 0.000000 0.000000 0.000000 404.000000
292987 48.095238 48.095238 436.000000 436.000000 840.000000 436.000000 0.000000 0.000000 0.000000 0.000000 404.000000
293987 48.095238 48.095238 436.000000 436.000000 840.000000 436.000000 0.000000 0.000000 0.000000 0.000000 404.000000
294987 48.095238 48.095238 436.000000 436.000000 840.000000 436.000000 0.000000 0.000000 0.000000 0.000000 404.000000
295987 48.095238 48.095238 436.000000 436.000000 840.000000 436.000000 0.000000 0.000000 0.000000 0.000000 404.000000
296987 48.095238 48.095238 436.000000 436.000000 840.000000 436.000000 0.000000 0.000000 0.000000 0.000000 404.000000
297987 48.095238 48.095238 436.000000 436.000000 840.000000 436.000000 0.000000 0.000000 0.000000 0.000000 404.000000
298987 48.095238 48.095238 436.000000 436.000000 840.000000 436.000000 0.000000 0.000000 0.000000 0.000000 404.000000
299987 67.660550 67.660550 141.000000 141.000000 436.000000 0.000000 141.000000 0.000000 0.000000 0.000000 295.000000
300987 67.660550 67.660550 141.000000 141.000000 436.000000 0.000000 141.000000 0.000000 0.000000 0.000000 295.000000
301987 67.660550 67.660550 141.000000 141.000000 436.000000 0.000000 141.000000 0.000000 0.000000 0.000000 295.000000
302987 67.660550 67.660550 141.000000 141.000000 436.000000 0.000000 141.000000 0.000000 0.000000 0.000000 295.000000
303987 67.660550 67.660550 141.000000 141.000000 436.000000 0.000000 141.000000 0.000000 0.000000 0.000000 295.000000
304987 67.660550 67.660550 141.000000 141.000000 436.000000 0.000000 141.000000 0.000000 0.000000 0.000000 295.000000
305987 67.660550 67.660550 141.000000 141.000000 436.000000 0.000000 141.000000 0.000000 0.000000 0.000000 295.000000
306987 67.660550 67.660550 141.000000 141.000000 436.000000 0.000000 0.000000 0.000000 141.000000 0.000000 295.000000
307987 67.660550 67.660550 141.000000 141.000000 436.000000 0.000000 0.000000 0.000000 141.000000 0.000000 295.000000
308987 67.660550 67.660550 141.000000 141.000000 436.000000 0.000000 0.000000 0.000000 141.000000 0.000000 295.000000
309987 67.660550 67.660550 141.000000 141.000000 436.000000 0.000000 0.000000 0.000000 141.000000 0.000000 295.000000
310987 67.660550 67.660550 141.000000 141.000000 436.000000 0.000000 0.000000 0.000000 141.000000 0.000000 295.000000
311987 51.126516 51.126516 282.000000 282.000000 577.000000 282.000000 0.000000 0.000000 0.000000 0.000000 295.000000
312987 51.126516 51.126516 282.000000 282.000000 577.000000 282.000000 0.000000 0.000000 0.000000 0.000000 295.000000
313987 51.126516 51.126516 282.000000 282.000000 577.000000 282.000000 0.000000 0.000000 0.000000 0.000000 295.000000
314987 51.126516 51.126516 282.000000 282.000000 577.000000 282.000000 0.000000 0.000000 0.000000 0.000000 295.000000
315987 51.126516 51.126516 282.000000 282.000000 577.000000 282.000000 0.000000 0.000000 0.000000 0.000000 295.000000
316987 51.126516 51.126516 282.000000 282.000000 577.000000 282.000000 0.000000 0.000000 0.000000 0.000000 295.000000
317987 51.126516 51.126516 282.000000 282.000000 577.000000 282.000000 0.000000 0.000000 0.000000 0.000000 295.000000
318987 51.126516 51.126516 282.000000 282.000000 577.000000 282.000000 0.000000 0.000000 0.000000 0.000000 295.000000
319987 51.126516 51.126516 282.000000 282.000000 577.000000 282.000000 0.000000 0.000000 0.000000 0.000000 295.000000
320987 51.126516 51.126516 282.000000 282.000000 577.000000 282.000000 0.000000 0.000000 0.000000 0.000000 295.000000
321987 51.126516 51.126516 282.000000 282.000000 577.000000 282.000000 0.000000 0.000000 0.000000 0.000000 295.000000
249988 0.000000 0.000000 896.000000 896.000000 896.000000 896.000000 0.000000 0.000000 0.000000 0.000000 0.000000
250988 0.000000 0.000000 896.000000 896.000000 896.000000 896.000000 0.000000 0.000000 0.000000 0.000000 0.000000
251988 63.616071 63.616071 326.000000 326.000000 896.000000 0.000000 326.000000 0.000000 0.000000 0.000000 570.000000
252988 63.616071 63.616071 326.000000 326.000000 896.000000 0.000000 326.000000 0.000000 0.000000 0.000000 570.000000
253988 63.616071 63.616071 326.000000 326.000000 896.000000 0.000000 326.000000 0.000000 0.000000 0.000000 570.000000
254988 63.616071 63.616071 326.000000 326.000000 896.000000 0.000000 326.000000 0.000000 0.000000 0.000000 570.000000
255988 63.616071 63.616071 326.000000 326.000000 896.000000 0.000000 326.000000 0.000000 0.000000 0.000000 570.000000
256988 63.616071 63.616071 326.000000 326.000000 896.000000 0.000000 326.000000 0.000000 0.000000 0.000000 570.000000
257988 63.616071 63.616071 326.000000 326.000000 896.000000 0.000000 326.000000 0.000000 0.000000 0.000000 570.000000
258988 63.616071 63.616071 326.000000 326.000000 896.000000 0.000000 0.000000 0.000000 326.000000 0.000000 570.000000
259988 63.616071 63.616071 326.000000 326.000000 896.000000 0.000000 0.000000 0.000000 326.000000 0.000000 570.000000
260988 63.616071 63.616071 326.000000 326.000000 896.000000 0.000000 0.000000 0.000000 326.000000 0.000000 570.000000
261988 63.616071 63.616071 326.000000 326.000000 896.000000 0.000000 0.000000 0.000000 326.000000 0.000000 570.000000
262988 63.616071 63.616071 326.000000 326.000000 896.000000 0.000000 0.000000 0.000000 326.000000 0.000000 570.000000
263988 43.510815 43.510815 679.000000 679.000000 1202.000000 679.000000 0.000000 0.000000 0.000000 0.000000 523.000000
264988 43.510815 43.510815 679.000000 679.000000 1202.000000 679.000000 0.000000 0.000000 0.000000 0.000000 523.000000
265988 43.510815 43.510815 679.000000 679.000000 1202.000000 679.000000 0.000000 0.000000 0.000000 0.000000 523.000000
266988 43.510815 43.510815 679.000000 679.000000 1202.000000 679.000000 0.000000 0.000000 0.000000 0.000000 523.000000
267988 43.510815 43.510815 679.000000 679.000000 1202.000000 679.000000 0.000000 0.000000 0.000000 0.000000 523.000000
268988 43.510815 43.510815 679.000000 679.000000 1202.000000 679.000000 0.000000 0.000000 0.000000 0.000000 523.000000
269988 43.510815 43.510815 679.000000 679.000000 1202.000000 679.000000 0.000000 0.000000 0.000000 0.000000 523.000000
270988 43.510815 43.510815 679.000000 679.000000 1202.000000 679.000000 0.000000 0.000000 0.000000 0.000000 523.000000
271988 43.510815 43.510815 679.000000 679.000000 1202.000000 679.000000 0.000000 0.000000 0.000000 0.000000 523.000000
272988 43.510815 43.510815 679.000000 679.000000 1202.000000 679.000000 0.000000 0.000000 0.000000 0.000000 523.000000
273988 43.510815 43.510815 679.000000 679.000000 1202.000000 679.000000 0.000000 0.000000 0.000000 0.000000 523.000000
274988 43.510815 43.510815 679.000000 679.000000 1202.000000 679.000000 0.000000 0.000000 0.000000 0.000000 523.000000
275988 69.808542 69.808542 205.000000 205.000000 679.000000 0.000000 205.000000 0.000000 0.000000 0.000000 474.000000
276988 69.808542 69.808542 205.000000 205.000000 679.000000 0.000000 205.000000 0.000000 0.000000 0.000000 474.000000
277988 69.808542 69.808542 205.000000 205.000000 679.000000 0.000000 205.000000 0.000000 0.000000 0.000000 474.000000
278988 69.808542 69.808542 205.000000 205.000000 679.000000 0.000000 205.000000 0.000000 0.000000 0.000000 474.000000
279988 69.808542 69.808542 205.000000 205.000000 679.000000 0.000000 205.000000 0.000000 0.000000 0.000000 474.000000
280988 69.808542 69.808542 205.000000 205.000000 679.000000 0.000000 205.000000 0.000000 0.000000 0.000000 474.000000
281988 69.808542 69.808542 205.000000 205.000000 679.000000 0.000000 205.000000 0.000000 0.000000 0.000000 474.000000
282988 69.808542 69.808542 205.000000 205.000000 679.000000 0.000000 0.000000 0.000000 205.000000 0.000000 474.000000
283988 69.808542 69.808542 205.000000 205.000000 679.000000 0.000000 0.000000 0.000000 205.000000 0.000000 474.000000
284988 69.808542 69.808542 205.000000 205.000000 679.000000 0.000000 0.000000 0.000000 205.000000 0.000000 474.000000
285988 69.808542 69.808542 205.000000 205.000000 679.000000 0.000000 0.000000 0.000000 205.000000 0.000000 474.000000
286988 69.808542 69.808542 205.000000 205.000000 679.000000 0.000000 0.000000 0.000000 205.000000 0.000000 474.000000
287988 53.619910 53.619910 410.000000 410.000000 884.000000 410.000000 0.000000 0.000000 0.000000 0.000000 474.000000
288988 53.619910 53.619910 410.000000 410.000000 884.000000 410.000000 0.000000 0.000000 0.000000 0.000000 474.000000
289988 53.619910 53.619910 410.000000 410.000000 884.000000 410.000000 0.000000 0.000000 0.000000 0.000000 474.000000
290988 53.619910 53.619910 410.000000 410.000000 884.000000 410.000000 0.000000 0.000000 0.000000 0.000000 474.000000
291988 53.619910 53.619910 410.000000 410.000000 884.000000 410.000000 0.000000 0.000000 0.000000 0.000000 474.000000
292988 53.619910 53.619910 410.000000 410.000000 884.000000 410.000000 0.000000 0.000000 0.000000 0.000000 474.000000
293988 53.619910 53.619910 410.000000 410.000000 884.000000 410.000000 0.000000 0.000000 0.000000 0.000000 474.000000
294988 53.619910 53.619910 410.000000 410.000000 884.000000 410.000000 0.000000 0.000000 0.000000 0.000000 474.000000
295988 53.619910 53.619910 410.000000 410.000000 884.000000 410.000000 0.000000 0.000000 0.000000 0.000000 474.000000
296988 53.619910 53.619910 410.000000 410.000000 884.000000 410.000000 0.000000 0.000000 0.000000 0.000000 474.000000
297988 53.619910 53.619910 410.000000 410.000000 884.000000 410.000000 0.000000 0.000000 0.000000 0.000000 474.000000
298988 53.619910 53.619910 410.000000 410.000000 884.000000 410.000000 0.000000 0.000000 0.000000 0.000000 474.000000
299988 64.878049 64.878049 144.000000 144.000000 410.000000 0.000000 144.000000 0.000000 0.000000 0.000000 266.000000
300988 64.878049 64.878049 144.000000 144.000000 410.000000 0.000000 144.000000 0.000000 0.000000 0.000000 266.000000
301988 64.878049 64.878049 144.000000 144.000000 410.000000 0.000000 144.000000 0.000000 0.000000 0.000000 266.000000
302988 64.878049 64.878049 144.000000 144.000000 410.000000 0.000000 144.000000 0.000000 0.000000 0.000000 266.000000
303988 64.878049 64.878049 144.000000 144.000000 410.000000 0.000000 144.000000 0.000000 0.000000 0.000000 266.000000
304988 64.878049 64.878049 144.000000 144.000000 410.000000 0.000000 144.000000 0.000000 0.000000 0.000000 266.000000
305988 64.878049 64.878049 144.000000 144.000000 410.000000 0.000000 144.000000 0.000000 0.000000 0.000000 266.000000
306988 64.878049 64.878049 144.000000 144.000000 410.000000 0.000000 0.000000 0.000000 144.000000 0.000000 266.000000
307988 64.878049 64.878049 144.000000 144.000000 410.000000 0.000000 0.000000 0.000000 144.000000 0.000000 266.000000
308988 64.878049 64.878049 144.000000 144.000000 410.000000 0.000000 0.000000 0.000000 144.000000 0.000000 266.000000
309988 64.878049 64.878049 144.000000 144.000000 410.000000 0.000000 0.000000 0.000000 144.000000 0.000000 266.000000
310988 64.878049 64.878049 144.000000 144.000000 410.000000 0.000000 0.000000 0.000000 144.000000 0.000000 266.000000
311988 48.014440 48.014440 288.000000 288.000000 554.000000 288.000000 0.000000 0.000000 0.000000 0.000000 266.000000
312988 48.014440 48.014440 288.000000 288.000000 554.000000 288.000000 0.000000 0.000000 0.000000 0.000000 266.000000
313988 48.014440 48.014440 288.000000 288.000000 554.000000 288.000000 0.000000 0.000000 0.000000 0.000000 266.000000
314988 48.014440 48.014440 288.000000 288.000000 554.000000 288.000000 0.000000 0.000000 0.000000 0.000000 266.000000
315988 48.014440 48.014440 288.000000 288.000000 554.000000 288.000000 0.000000 0.000000 0.000000 0.000000 266.000000
316988 48.014440 48.014440 288.000000 288.000000 554.000000 288.000000 0.000000 0.000000 0.000000 0.000000 266.000000
317988 48.014440 48.014440 288.000000 288.000000 554.000000 288.000000 0.000000 0.000000 0.000000 0.000000 266.000000
318988 48.014440 48.014440 288.000000 288.000000 554.000000 288.000000 0.000000 0.000000 0.000000 0.000000 266.000000
319988 48.014440 48.014440 288.000000 288.000000 554.000000 288.000000 0.000000 0.000000 0.000000 0.000000 266.000000
320988 48.014440 48.014440 288.000000 288.000000 554.000000 288.000000 0.000000 0.000000 0.000000 0.000000 266.000000
321988 48.014440 48.014440 288.000000 288.000000 554.000000 288.000000 0.000000 0.000000 0.000000 0.000000 266.000000
249987 0.000000 0.000000 901.000000 901.000000 901.000000 901.000000 0.000000 0.000000 0.000000 0.000000 0.000000
250987 0.000000 0.000000 901.000000 901.000000 901.000000 901.000000 0.000000 0.000000 0.000000 0.000000 0.000000
251987 65.371809 65.371809 312.000000 312.000000 901.000000 0.000000 312.000000 0.000000 0.000000 0.000000 589.000000
252987 65.371809 65.371809 312.000000 312.000000 901.000000 0.000000 312.000000 0.000000 0.000000 0.000000 589.000000
253987 65.371809 65.371809 312.000000 312.000000 901.000000 0.000000 312.000000 0.000000 0.000000 0.000000 589.000000
254987 65.371809 65.371809 312.000000 312.000000 901.000000 0.000000 312.000000 0.000000 0.000000 0.000000 589.000000
255987 65.371809 65.371809 312.000000 312.000000 901.000000 0.000000 312.000000 0.000000 0.000000 0.000000 589.000000
256987 65.371809 65.371809 312.000000 312.000000 901.000000 0.000000 312.000000 0.000000 0.000000 0.000000 589.000000
257987 65.371809 65.371809 312.000000 312.000000 901.000000 0.000000 312.000000 0.000000 0.000000 0.000000 589.000000
258987 65.371809 65.371809 312.000000 312.000000 901.000000 0.000000 0.000000 0.000000 312.000000 0.000000 589.000000
259987 65.371809 65.371809 312.000000 312.000000 901.000000 0.000000 0.000000 0.000000 312.000000 0.000000 589.000000
260987 65.371809 65.371809 312.000000 312.000000 901.000000 0.000000 0.000000 0.000000 312.000000 0.000000 589.000000
261987 65.371809 65.371809 312.000000 312.000000 901.000000 0.000000 0.000000 0.000000 312.000000 0.000000 589.000000
262987 65.371809 65.371809 312.000000 312.000000 901.000000 0.000000 0.000000 0.000000 312.000000 0.000000 589.000000
263987 46.541418 46.541418 626.000000 626.000000 1171.000000 602.000000 0.000000 0.000000 24.000000 0.000000 545.000000
264987 45.523013 45.523013 651.000000 651.000000 1195.000000 651.000000 0.000000 0.000000 0.000000 0.000000 544.000000
265987 45.523013 45.523013 651.000000 651.000000 1195.000000 651.000000 0.000000 0.000000 0.000000 0.000000 544.000000
266987 45.523013 45.523013 651.000000 651.000000 1195.000000 651.000000 0.000000 0.000000 0.000000 0.000000 544.000000
267987 45.523013 45.523013 651.000000 651.000000 1195.000000 651.000000 0.000000 0.000000 0.000000 0.000000 544.000000
268987 45.523013 45.523013 651.000000 651.000000 1195.000000 651.000000 0.000000 0.000000 0.000000 0.000000 544.000000
269987 45.523013 45.523013 651.000000 651.000000 1195.000000 651.000000 0.000000 0.000000 0.000000 0.000000 544.000000
270987 45.523013 45.523013 651.000000 651.000000 1195.000000 651.000000 0.000000 0.000000 0.000000 0.000000 544.000000
271987 45.523013 45.523013 651.000000 651.000000 1195.000000 651.000000 0.000000 0.000000 0.000000 0.000000 544.000000
272987 45.523013 45.523013 651.000000 651.000000 1195.000000 651.000000 0.000000 0.000000 0.000000 0.000000 544.000000
273987 45.523013 45.523013 651.000000 651.000000 1195.000000 651.000000 0.000000 0.000000 0.000000 0.000000 544.000000
274987 45.523013 45.523013 651.000000 651.000000 1195.000000 651.000000 0.000000 0.000000 0.000000 0.000000 544.000000
275987 66.205837 66.205837 220.000000 220.000000 651.000000 0.000000 220.000000 0.000000 0.000000 0.000000 431.000000
276987 66.205837 66.205837 220.000000 220.000000 651.000000 0.000000 220.000000 0.000000 0.000000 0.000000 431.000000
277987 66.205837 66.205837 220.000000 220.000000 651.000000 0.000000 220.000000 0.000000 0.000000 0.000000 431.000000
278987 66.205837 66.205837 220.000000 220.000000 651.000000 0.000000 220.000000 0.000000 0.000000 0.000000 431.000000
279987 66.205837 66.205837 220.000000 220.000000 651.000000 0.000000 220.000000 0.000000 0.000000 0.000000 431.000000
280987 66.205837 66.205837 220.000000 220.000000 651.000000 0.000000 220.000000 0.000000 0.000000 0.000000 431.000000
281987 66.205837 66.205837 220.000000 220.000000 651.000000 0.000000 220.000000 0.000000 0.000000 0.000000 431.000000
282987 66.205837 66.205837 220.000000 220.000000 651.000000 0.000000 0.000000 0.000000 220.000000 0.000000 431.000000
283987 66.205837 66.205837 220.000000 220.000000 651.000000 0.000000 0.000000 0.000000 220.000000 0.000000 431.000000
284987 66.205837 66.205837 220.000000 220.000000 651.000000 0.000000 0.000000 0.000000 220.000000 0.000000 431.000000
285987 66.205837 66.205837 220.000000 220.000000 651.000000 0.000000 0.000000 0.000000 220.000000 0.000000 431.000000
286987 66.205837 66.205837 220.000000 220.000000 651.000000 0.000000 0.000000 0.000000 220.000000 0.000000 431.000000
287987 49.540230 49.540230 439.000000 439.000000 870.000000 439.000000 0.000000 0.000000 0.000000 0.000000 431.000000
288987 49.540230 49.540230 439.000000 439.000000 870.000000 439.000000 0.000000 0.000000 0.000000 0.000000 431.000000
289987 49.540230 49.540230 439.000000 439.000000 870.000000 439.000000 0.000000 0.000000 0.000000 0.000000 431.000000
290987 49.540230 49.540230 439.000000 439.000000 870.000000 439.000000 0.000000 0.000000 0.000000 0.000000 431.000000
291987 49.540230 49.540230 439.000000 439.000000 870.000000 439.000000 0.000000 0.000000 0.000000 0.000000 431.000000
292987 49.540230 49.540230 439.000000 439.000000 870.000000 439.000000 0.000000 0.000000 0.000000 0.000000 431.000000
293987 49.540230 49.540230 439.000000 439.000000 870.000000 439.000000 0.000000 0.000000 0.000000 0.000000 431.000000
294987 49.540230 49.540230 439.000000 439.000000 870.000000 439.000000 0.000000 0.000000 0.000000 0.000000 431.000000
295987 49.540230 49.540230 439.000000 439.000000 870.000000 439.000000 0.000000 0.000000 0.000000 0.000000 431.000000
296987 49.540230 49.540230 439.000000 439.000000 870.000000 439.000000 0.000000 0.000000 0.000000 0.000000 431.000000
297987 49.540230 49.540230 439.000000 439.000000 870.000000 439.000000 0.000000 0.000000 0.000000 0.000000 431.000000
298987 49.540230 49.540230 439.000000 439.000000 870.000000 439.000000 0.000000 0.000000 0.000000 0.000000 431.000000
299987 65.831435 65.831435 150.000000 150.000000 439.000000 0.000000 150.000000 0.000000 0.000000 0.000000 289.000000
300987 65.831435 65.831435 150.000000 150.000000 439.000000 0.000000 150.000000 0.000000 0.000000 0.000000 289.000000
301987 65.831435 65.831435 150.000000 150.000000 439.000000 0.000000 150.000000 0.000000 0.000000 0.000000 289.000000
302987 65.831435 65.831435 150.000000 150.000000 439.000000 0.000000 150.000000 0.000000 0.000000 0.000000 289.000000
303987 65.831435 65.831435 150.000000 150.000000 439.000000 0.000000 150.000000 0.000000 0.000000 0.000000 289.000000
304987 65.831435 65.831435 150.000000 150.000000 439.000000 0.000000 150.000000 0.000000 0.000000 0.000000 289.000000
305987 65.831435 65.831435 150.000000 150.000000 439.000000 0.000000 150.000000 0.000000 0.000000 0.000000 289.000000
306987 65.831435 65.831435 150.000000 150.000000 439.000000 0.000000 0.000000 0.000000 150.000000 0.000000 289.000000
307987 65.831435 65.831435 150.000000 150.000000 439.000000 0.000000 0.000000 0.000000 150.000000 0.000000 289.000000
308987 65.831435 65.831435 150.000000 150.000000 439.000000 0.000000 0.000000 0.000000 150.000000 0.000000 289.000000
309987 65.831435 65.831435 150.000000 150.000000 439.000000 0.000000 0.000000 0.000000 150.000000 0.000000 289.000000
310987 65.831435 65.831435 150.000000 150.000000 439.000000 0.000000 0.000000 0.000000 150.000000 0.000000 289.000000
311987 48.896435 48.896435 301.000000 301.000000 589.000000 301.000000 0.000000 0.000000 0.000000 0.000000 288.000000
312987 48.896435 48.896435 301.000000 301.000000 589.000000 301.000000 0.000000 0.000000 0.000000 0.000000 288.000000
313987 48.896435 48.896435 301.000000 301.000000 589.000000 301.000000 0.000000 0.000000 0.000000 0.000000 288.000000
314987 48.896435 48.896435 301.000000 301.000000 589.000000 301.000000 0.000000 0.000000 0.000000 0.000000 288.000000
315987 48.896435 48.896435 301.000000 301.000000 589.000000 301.000000 0.000000 0.000000 0.000000 0.000000 288.000000
316987 48.896435 48.896435 301.000000 301.000000 589.000000 301.000000 0.000000 0.000000 0.000000 0.000000 288.000000
317987 48.896435 48.896435 301.000000 301.000000 589.000000 301.000000 0.000000 0.000000 0.000000 0.000000 288.000000
318987 48.896435 48.896435 301.000000 301.000000 589.000000 301.000000 0.000000 0.000000 0.000000 0.000000 288.000000
319987 48.896435 48.896435 301.000000 301.000000 589.000000 301.000000 0.000000 0.000000 0.000000 0.000000 288.000000
320987 48.896435 48.896435 301.000000 301.000000 589.000000 301.000000 0.000000 0.000000 0.000000 0.000000 288.000000
321987 48.896435 48.896435 301.000000 301.000000 589.000000 301.000000 0.000000 0.000000 0.000000 0.000000 288.000000
249988 0.000000 0.000000 882.000000 882.000000 882.000000 882.000000 0.000000 0.000000 0.000000 0.000000 0.000000
250988 0.000000 0.000000 882.000000 882.000000 882.000000 882.000000 0.000000 0.000000 0.000000 0.000000 0.000000
251988 61.904762 61.904762 336.000000 336.000000 882.000000 0.000000 336.000000 0.000000 0.000000 0.000000 546.000000
252988 61.904762 61.904762 336.000000 336.000000 882.000000 0.000000 336.000000 0.000000 0.000000 0.000000 546.000000
253988 61.904762 61.904762 336.000000 336.000000 882.000000 0.000000 336.000000 0.000000 0.000000 0.000000 546.000000
254988 61.904762 61.904762 336.000000 336.000000 882.000000 0.000000 336.000000 0.000000 0.000000 0.000000 546.000000
255988 61.904762 61.904762 336.000000 336.000000 882.000000 0.000000 336.000000 0.000000 0.000000 0.000000 546.000000
256988 61.904762 61.904762 336.000000 336.000000 882.000000 0.000000 336.000000 0.000000 0.000000 0.000000 546.000000
257988 61.904762 61.904762 336.000000 336.000000 882.000000 0.000000 336.000000 0.000000 0.000000 0.000000 546.000000
258988 61.904762 61.904762 336.000000 336.000000 882.000000 0.000000 0.000000 0.000000 336.000000 0.000000 546.000000
259988 61.904762 61.904762 336.000000 336.000000 882.000000 0.000000 0.000000 0.000000 336.000000 0.000000 546.000000
260988 61.904762 61.904762 336.000000 336.000000 882.000000 0.000000 0.000000 0.000000 336.000000 0.000000 546.000000
261988 61.904762 61.904762 336.000000 336.000000 882.000000 0.000000 0.000000 0.000000 336.000000 0.000000 546.000000
262988 61.904762 61.904762 336.000000 336.000000 882.000000 0.000000 0.000000 0.000000 336.000000 0.000000 546.000000
263988 42.065491 42.065491 690.000000 690.000000 1191.000000 690.000000 0.000000 0.000000 0.000000 0.000000 501.000000
264988 42.065491 42.065491 690.000000 690.000000 1191.000000 690.000000 0.000000 0.000000 0.000000 0.000000 501.000000
265988 42.065491 42.065491 690.000000 690.000000 1191.000000 690.000000 0.000000 0.000000 0.000000 0.000000 501.000000
266988 42.065491 42.065491 690.000000 690.000000 1191.000000 690.000000 0.000000 0.000000 0.000000 0.000000 501.000000
267988 42.065491 42.065491 690.000000 690.000000 1191.000000 690.000000 0.000000 0.000000 0.000000 0.000000 501.000000
268988 42.065491 42.065491 690.000000 690.000000 1191.000000 690.000000 0.000000 0.000000 0.000000 0.000000 501.000000
269988 42.065491 42.065491 690.000000 690.000000 1191.000000 690.000000 0.000000 0.000000 0.000000 0.000000 501.000000
270988 42.065491 42.065491 690.000000 690.000000 1191.000000 690.000000 0.000000 0.000000 0.000000 0.000000 501.000000
271988 42.065491 42.065491 690.000000 690.000000 1191.000000 690.000000 0.000000 0.000000 0.000000 0.000000 501.000000
272988 42.065491 42.065491 690.000000 690.000000 1191.000000 690.000000 0.000000 0.000000 0.000000 0.000000 501.000000
273988 42.065491 42.065491 690.000000 690.000000 1191.000000 690.000000 0.000000 0.000000 0.000000 0.000000 501.000000
274988 42.065491 42.065491 690.000000 690.000000 1191.000000 690.000000 0.000000 0.000000 0.000000 0.000000 501.000000
275988 69.710145 69.710145 209.000000 209.000000 690.000000 0.000000 209.000000 0.000000 0.000000 0.000000 481.000000
276988 69.710145 69.710145 209.000000 209.000000 690.000000 0.000000 209.000000 0.000000 0.000000 0.000000 481.000000
277988 69.710145 69.710145 209.000000 209.000000 690.000000 0.000000 209.000000 0.000000 0.000000 0.000000 481.000000
278988 69.710145 69.710145 209.000000 209.000000 690.000000 0.000000 209.000000 0.000000 0.000000 0.000000 481.000000
279988 69.710145 69.710145 209.000000 209.000000 690.000000 0.000000 209.000000 0.000000 0.000000 0.000000 481.000000
280988 69.710145 69.710145 209.000000 209.000000 690.000000 0.000000 209.000000 0.000000 0.000000 0.000000 481.000000
281988 69.710145 69.710145 209.000000 209.000000 690.000000 0.000000 209.000000 0.000000 0.000000 0.000000 481.000000
282988 69.710145 69.710145 209.000000 209.000000 690.000000 0.000000 0.000000 0.000000 209.000000 0.000000 481.000000
283988 69.710145 69.710145 209.000000 209.000000 690.000000 0.000000 0.000000 0.000000 209.000000 0.000000 481.000000
284988 69.710145 69.710145 209.000000 209.000000 690.000000 0.000000 0.000000 0.000000 209.000000 0.000000 481.000000
285988 69.710145 69.710145 209.000000 209.000000 690.000000 0.000000 0.000000 0.000000 209.000000 0.000000 481.000000
286988 69.710145 69.710145 209.000000 209.000000 690.000000 0.000000 0.000000 0.000000 209.000000 0.000000 481.000000
287988 53.503893 53.503893 418.000000 418.000000 899.000000 418.000000 0.000000 0.000000 0.000000 0.000000 481.000000
288988 53.503893 53.503893 418.000000 418.000000 899.000000 418.000000 0.000000 0.000000 0.000000 0.000000 481.000000
289988 53.503893 53.503893 418.000000 418.000000 899.000000 418.000000 0.000000 0.000000 0.000000 0.000000 481.000000
290988 53.503893 53.503893 418.000000 418.000000 899.000000 418.000000 0.000000 0.000000 0.000000 0.000000 481.000000
291988 53.503893 53.503893 418.000000 418.000000 899.000000 418.000000 0.000000 0.000000 0.000000 0.000000 481.000000
292988 53.503893 53.503893 418.000000 418.000000 899.000000 418.000000 0.000000 0.000000 0.000000 0.000000 481.000000
293988 53.503893 53.503893 418.000000 418.000000 899.000000 418.000000 0.000000 0.000000 0.000000 0.000000 481.000000
294988 53.503893 53.503893 418.000000 418.000000 899.000000 418.000000 0.000000 0.000000 0.000000 0.000000 481.000000
295988 53.503893 53.503893 418.000000 418.000000 899.000000 418.000000 0.000000 0.000000 0.000000 0.000000 481.000000
296988 53.503893 53.503893 418.000000 418.000000 899.000000 418.000000 0.000000 0.000000 0.000000 0.000000 481.000000
297988 53.503893 53.503893 418.000000 418.000000 899.000000 418.000000 0.000000 0.000000 0.000000 0.000000 481.000000
298988 53.503893 53.503893 418.000000 418.000000 899.000000 418.000000 0.000000 0.000000 0.000000 0.000000 481.000000
299988 64.354067 64.354067 149.000000 149.000000 418.000000 0.000000 149.000000 0.000000 0.000000 0.000000 269.000000
300988 64.354067 64.354067 149.000000 149.000000 418.000000 0.000000 149.000000 0.000000 0.000000 0.000000 269.000000
301988 64.354067 64.354067 149.000000 149.000000 418.000000 0.000000 149.000000 0.000000 0.000000 0.000000 269.000000
302988 64.354067 64.354067 149.000000 149.000000 418.000000 0.000000 149.000000 0.000000 0.000000 0.000000 269.000000
303988 64.354067 64.354067 149.000000 149.000000 418.000000 0.000000 149.000000 0.000000 0.000000 0.000000 269.000000
304988 64.354067 64.354067 149.000000 149.000000 418.000000 0.000000 149.000000 0.000000 0.000000 0.000000 269.000000
305988 64.354067 64.354067 149.000000 149.000000 418.000000 0.000000 149.000000 0.000000 0.000000 0.000000 269.000000
306988 64.354067 64.354067 149.000000 149.000000 418.000000 0.000000 0.000000 0.000000 149.000000 0.000000 269.000000
307988 64.354067 64.354067 149.000000 149.000000 418.000000 0.000000 0.000000 0.000000 149.000000 0.000000 269.000000
308988 64.354067 64.354067 149.000000 149.000000 418.000000 0.000000 0.000000 0.000000 149.000000 0.000000 269.000000
309988 64.354067 64.354067 149.000000 149.000000 418.000000 0.000000 0.000000 0.000000 149.000000 0.000000 269.000000
310988 64.354067 64.354067 149.000000 149.000000 418.000000 0.000000 0.000000 0.000000 149.000000 0.000000 269.000000
311988 47.442681 47.442681 298.000000 298.000000 567.000000 298.000000 0.000000 0.000000 0.000000 0.000000 269.000000
312988 47.442681 47.442681 298.000000 298.000000 567.000000 298.000000 0.000000 0.000000 0.000000 0.000000 269.000000
313988 47.442681 47.442681 298.000000 298.000000 567.000000 298.000000 0.000000 0.000000 0.000000 0.000000 269.000000
314988 47.442681 47.442681 298.000000 298.000000 567.000000 298.000000 0.000000 0.000000 0.000000 0.000000 269.000000
315988 47.442681 47.442681 298.000000 298.000000 567.000000 298.000000 0.000000 0.000000 0.000000 0.000000 269.000000
316988 47.442681 47.442681 298.000000 298.000000 567.000000 298.000000 0.000000 0.000000 0.000000 0.000000 269.000000
317988 47.442681 47.442681 298.000000 298.000000 567.000000 298.000000 0.000000 0.000000 0.000000 0.000000 269.000000
318988 47.442681 47.442681 298.000000 298.000000 567.000000 298.000000 0.000000 0.000000 0.000000 0.000000 269.000000
319988 47.442681 47.442681 298.000000 298.000000 567.000000 298.000000 0.000000 0.000000 0.000000 0.000000 269.000000
320988 47.442681 47.442681 298.000000 298.000000 567.000000 298.000000 0.000000 0.000000 0.000000 0.000000 269.000000
321988 47.442681 47.442681 298.000000 298.000000 567.000000 298.000000 0.000000 0.000000 0.000000 0.000000 269.000000
249987 0.000000 0.000000 901.000000 901.000000 901.000000 901.000000 0.000000 0.000000 0.000000 0.000000 0.000000
250987 0.000000 0.000000 901.000000 901.000000 901.000000 901.000000 0.000000 0.000000 0.000000 0.000000 0.000000
251987 65.038846 65.038846 315.000000 315.000000 901.000000 0.000000 315.000000 0.000000 0.000000 0.000000 586.000000
252987 65.038846 65.038846 315.000000 315.000000 901.000000 0.000000 315.000000 0.000000 0.000000 0.000000 586.000000
253987 65.038846 65.038846 315.000000 315.000000 901.000000 0.000000 315.000000 0.000000 0.000000 0.000000 586.000000
254987 65.038846 65.038846 315.000000 315.000000 901.000000 0.000000 315.000000 0.000000 0.000000 0.000000 586.000000
255987 65.038846 65.038846 315.000000 315.000000 901.000000 0.000000 315.000000 0.000000 0.000000 0.000000 586.000000
256987 65.038846 65.038846 315.000000 315.000000 901.000000 0.000000 315.000000 0.000000 0.000000 0.000000 586.000000
257987 65.038846 65.038846 315.000000 315.000000 901.000000 0.000000 315.000000 0.000000 0.000000 0.000000 586.000000
258987 65.038846 65.038846 315.000000 315.000000 901.000000 0.000000 0.000000 0.000000 315.000000 0.000000 586.000000
259987 65.038846 65.038846 315.000000 315.000000 901.000000 0.000000 0.000000 0.000000 315.000000 0.000000 586.000000
260987 65.038846 65.038846 315.000000 315.000000 901.000000 0.000000 0.000000 0.000000 315.000000 0.000000 586.000000
261987 65.038846 65.038846 315.000000 315.000000 901.000000 0.000000 0.000000 0.000000 315.000000 0.000000 586.000000
262987 65.038846 65.038846 315.000000 315.000000 901.000000 0.000000 0.000000 0.000000 315.000000 0.000000 586.000000
263987 47.947598 47.947598 596.000000 596.000000 1145.000000 549.000000 0.000000 0.000000 47.000000 0.000000 549.000000
264987 46.095718 46.095718 642.000000 642.000000 1191.000000 642.000000 0.000000 0.000000 0.000000 0.000000 549.000000
265987 46.095718 46.095718 642.000000 642.000000 1191.000000 642.000000 0.000000 0.000000 0.000000 0.000000 549.000000
266987 46.095718 46.095718 642.000000 642.000000 1191.000000 642.000000 0.000000 0.000000 0.000000 0.000000 549.000000
267987 46.095718 46.095718 642.000000 642.000000 1191.000000 642.000000 0.000000 0.000000 0.000000 0.000000 549.000000
268987 46.095718 46.095718 642.000000 642.000000 1191.000000 642.000000 0.000000 0.000000 0.000000 0.000000 549.000000
269987 46.095718 46.095718 642.000000 642.000000 1191.000000 642.000000 0.000000 0.000000 0.000000 0.000000 549.000000
270987 46.095718 46.095718 642.000000 642.000000 1191.000000 642.000000 0.000000 0.000000 0.000000 0.000000 549.000000
271987 46.095718 46.095718 642.000000 642.000000 1191.000000 642.000000 0.000000 0.000000 0.000000 0.000000 549.000000
272987 46.095718 46.095718 642.000000 642.000000 1191.000000 642.000000 0.000000 0.000000 0.000000 0.000000 549.000000
273987 46.095718 46.095718 642.000000 642.000000 1191.000000 642.000000 0.000000 0.000000 0.000000 0.000000 549.000000
274987 46.095718 46.095718 642.000000 642.000000 1191.000000 642.000000 0.000000 0.000000 0.000000 0.000000 549.000000
275987 64.797508 64.797508 226.000000 226.000000 642.000000 0.000000 226.000000 0.000000 0.000000 0.000000 416.000000
276987 64.797508 64.797508 226.000000 226.000000 642.000000 0.000000 226.000000 0.000000 0.000000 0.000000 416.000000
277987 64.797508 64.797508 226.000000 226.000000 642.000000 0.000000 226.000000 0.000000 0.000000 0.000000 416.000000
278987 64.797508 64.797508 226.000000 226.000000 642.000000 0.000000 226.000000 0.000000 0.000000 0.000000 416.000000
279987 64.797508 64.797508 226.000000 226.000000 642.000000 0.000000 226.000000 0.000000 0.000000 0.000000 416.000000
280987 64.797508 64.797508 226.000000 226.000000 642.000000 0.000000 226.000000 0.000000 0.000000 0.000000 416.000000
281987 64.797508 64.797508 226.000000 226.000000 642.000000 0.000000 226.000000 0.000000 0.000000 0.000000 416.000000
282987 64.797508 64.797508 226.000000 226.000000 642.000000 0.000000 0.000000 0.000000 226.000000 0.000000 416.000000
283987 64.797508 64.797508 226.000000 226.000000 642.000000 0.000000 0.000000 0.000000 226.000000 0.000000 416.000000
284987 64.797508 64.797508 226.000000 226.000000 642.000000 0.000000 0.000000 0.000000 226.000000 0.000000 416.000000
285987 64.797508 64.797508 226.000000 226.000000 642.000000 0.000000 0.000000 0.000000 226.000000 0.000000 416.000000
286987 64.797508 64.797508 226.000000 226.000000 642.000000 0.000000 0.000000 0.000000 226.000000 0.000000 416.000000
287987 47.926267 47.926267 452.000000 452.000000 868.000000 452.000000 0.000000 0.000000 0.000000 0.000000 416.000000
288987 47.926267 47.926267 452.000000 452.000000 868.000000 452.000000 0.000000 0.000000 0.000000 0.000000 416.000000
289987 47.926267 47.926267 452.000000 452.000000 868.000000 452.000000 0.000000 0.000000 0.000000 0.000000 416.000000
290987 47.926267 47.926267 452.000000 452.000000 868.000000 452.000000 0.000000 0.000000 0.000000 0.000000 416.000000
291987 47.926267 47.926267 452.000000 452.000000 868.000000 452.000000 0.000000 0.000000 0.000000 0.000000 416.000000
292987 47.926267 47.926267 452.000000 452.000000 868.000000 452.000000 0.000000 0.000000 0.000000 0.000000 416.000000
293987 47.926267 47.926267 452.000000 452.000000 868.000000 452.000000 0.000000 0.000000 0.000000 0.000000 416.000000
294987 47.926267 47.926267 452.000000 452.000000 868.000000 452.000000 0.000000 0.000000 0.000000 0.000000 416.000000
295987 47.926267 47.926267 452.000000 452.000000 868.000000 452.000000 0.000000 0.000000 0.000000 0.000000 416.000000
296987 47.926267 47.926267 452.000000 452.000000 868.000000 452.000000 0.000000 0.000000 0.000000 0.000000 416.000000
297987 47.926267 47.926267 452.000000 452.000000 868.000000 452.000000 0.000000 0.000000 0.000000 0.000000 416.000000
298987 47.926267 47.926267 452.000000 452.000000 868.000000 452.000000 0.000000 0.000000 0.000000 0.000000 416.000000
299987 66.592920 66.592920 151.000000 151.000000 452.000000 0.000000 151.000000 0.000000 0.000000 0.000000 301.000000
300987 66.592920 66.592920 151.000000 151.000000 452.000000 0.000000 151.000000 0.000000 0.000000 0.000000 301.000000
301987 66.592920 66.592920 151.000000 151.000000 452.000000 0.000000 151.000000 0.000000 0.000000 0.000000 301.000000
302987 66.592920 66.592920 151.000000 151.000000 452.000000 0.000000 151.000000 0.000000 0.000000 0.000000 301.000000
303987 66.592920 66.592920 151.000000 151.000000 452.000000 0.000000 151.000000 0.000000 0.000000 0.000000 301.000000
304987 66.592920 66.592920 151.000000 151.000000 452.000000 0.000000 151.000000 0.000000 0.000000 0.000000 301.000000
305987 66.592920 66.592920 151.000000 151.000000 452.000000 0.000000 151.000000 0.000000 0.000000 0.000000 301.000000
306987 66.592920 66.592920 151.000000 151.000000 452.000000 0.000000 0.000000 0.000000 151.000000 0.000000 301.000000
307987 66.592920 66.592920 151.000000 151.000000 452.000000 0.000000 0.000000 0.000000 151.000000 0.000000 301.000000
308987 66.592920 66.592920 151.000000 151.000000 452.000000 0.000000 0.000000 0.000000 151.000000 0.000000 301.000000
309987 66.592920 66.592920 151.000000 151.000000 452.000000 0.000000 0.000000 0.000000 151.000000 0.000000 301.000000
310987 66.592920 66.592920 151.000000 151.000000 452.000000 0.000000 0.000000 0.000000 151.000000 0.000000 301.000000
311987 49.917081 49.917081 302.000000 302.000000 603.000000 302.000000 0.000000 0.000000 0.000000 0.000000 301.000000
312987 49.917081 49.917081 302.000000 302.000000 603.000000 302.000000 0.000000 0.000000 0.000000 0.000000 301.000000
313987 49.917081 49.917081 302.000000 302.000000 603.000000 302.000000 0.000000 0.000000 0.000000 0.000000 301.000000
314987 49.917081 49.917081 302.000000 302.000000 603.000000 302.000000 0.000000 0.000000 0.000000 0.000000 301.000000
315987 49.917081 49.917081 302.000000 302.000000 603.000000 302.000000 0.000000 0.000000 0.000000 0.000000 301.000000
316987 49.917081 49.917081 302.000000 302.000000 603.000000 302.000000 0.000000 0.000000 0.000000 0.000000 301.000000
317987 49.917081 49.917081 302.000000 302.000000 603.000000 302.000000 0.000000 0.000000 0.000000 0.000000 301.000000
318987 49.917081 49.917081 302.000000 302.000000 603.000000 302.000000 0.000000 0.000000 0.000000 0.000000 301.000000
319987 49.917081 49.917081 302.000000 302.000000 603.000000 302.000000 0.000000 0.000000 0.000000 0.000000 301.000000
320987 49.917081 49.917081 302.000000 302.000000 603.000000 302.000000 0.000000 0.000000 0.000000 0.000000 301.000000
321987 49.917081 49.917081 302.000000 302.000000 603.000000 302.000000 0.000000 0.000000 0.000000 0.000000 301.000000
249988 0.000000 0.000000 886.000000 886.000000 886.000000 886.000000 0.000000 0.000000 0.000000 0.000000 0.000000
250988 0.000000 0.000000 886.000000 886.000000 886.000000 886.000000 0.000000 0.000000 0.000000 0.000000 0.000000
251988 64.334086 64.334086 316.000000 316.000000 886.000000 0.000000 316.000000 0.000000 0.000000 0.000000 570.000000
252988 64.334086 64.334086 316.000000 316.000000 886.000000 0.000000 316.000000 0.000000 0.000000 0.000000 570.000000
253988 64.334086 64.334086 316.000000 316.000000 886.000000 0.000000 316.000000 0.000000 0.000000 0.000000 570.000000
254988 64.334086 64.334086 316.000000 316.000000 886.000000 0.000000 316.000000 0.000000 0.000000 0.000000 570.000000
255988 64.334086 64.334086 316.000000 316.000000 886.000000 0.000000 316.000000 0.000000 0.000000 0.000000 570.000000
256988 64.334086 64.334086 316.000000 316.000000 886.000000 0.000000 316.000000 0.000000 0.000000 0.000000 570.000000
257988 64.334086 64.334086 316.000000 316.000000 886.000000 0.000000 316.000000 0.000000 0.000000 0.000000 570.000000
258988 64.334086 64.334086 316.000000 316.000000 886.000000 0.000000 0.000000 0.000000 316.000000 0.000000 570.000000
259988 64.334086 64.334086 316.000000 316.000000 886.000000 0.000000 0.000000 0.000000 316.000000 0.000000 570.000000
260988 64.334086 64.334086 316.000000 316.000000 886.000000 0.000000 0.000000 0.000000 316.000000 0.000000 570.000000
261988 64.334086 64.334086 316.000000 316.000000 886.000000 0.000000 0.000000 0.000000 316.000000 0.000000 570.000000
262988 64.334086 64.334086 316.000000 316.000000 886.000000 0.000000 0.000000 0.000000 316.000000 0.000000 570.000000
263988 44.585448 44.585448 655.000000 655.000000 1182.000000 655.000000 0.000000 0.000000 0.000000 0.000000 527.000000
264988 44.585448 44.585448 655.000000 655.000000 1182.000000 655.000000 0.000000 0.000000 0.000000 0.000000 527.000000
265988 44.585448 44.585448 655.000000 655.000000 1182.000000 655.000000 0.000000 0.000000 0.000000 0.000000 527.000000
266988 44.585448 44.585448 655.000000 655.000000 1182.000000 655.000000 0.000000 0.000000 0.000000 0.000000 527.000000
267988 44.585448 44.585448 655.000000 655.000000 1182.000000 655.000000 0.000000 0.000000 0.000000 0.000000 527.000000
268988 44.585448 44.585448 655.000000 655.000000 1182.000000 655.000000 0.000000 0.000000 0.000000 0.000000 527.000000
269988 44.585448 44.585448 655.000000 655.000000 1182.000000 655.000000 0.000000 0.000000 0.000000 0.000000 527.000000
270988 44.585448 44.585448 655.000000 655.000000 1182.000000 655.000000 0.000000 0.000000 0.000000 0.000000 527.000000
271988 44.585448 44.585448 655.000000 655.000000 1182.000000 655.000000 0.000000 0.000000 0.000000 0.000000 527.000000
272988 44.585448 44.585448 655.000000 655.000000 1182.000000 655.000000 0.000000 0.000000 0.000000 0.000000 527.000000
273988 44.585448 44.585448 655.000000 655.000000 1182.000000 655.000000 0.000000 0.000000 0.000000 0.000000 527.000000
274988 44.585448 44.585448 655.000000 655.000000 1182.000000 655.000000 0.000000 0.000000 0.000000 0.000000 527.000000
275988 68.549618 68.549618 206.000000 206.000000 655.000000 0.000000 206.000000 0.000000 0.000000 0.000000 449.000000
276988 68.549618 68.549618 206.000000 206.000000 655.000000 0.000000 206.000000 0.000000 0.000000 0.000000 449.000000
277988 68.549618 68.549618 206.000000 206.000000 655.000000 0.000000 206.000000 0.000000 0.000000 0.000000 449.000000
278988 68.549618 68.549618 206.000000 206.000000 655.000000 0.000000 206.000000 0.000000 0.000000 0.000000 449.000000
279988 68.549618 68.549618 206.000000 206.000000 655.000000 0.000000 206.000000 0.000000 0.000000 0.000000 449.000000
280988 68.549618 68.549618 206.000000 206.000000 655.000000 0.000000 206.000000 0.000000 0.000000 0.000000 449.000000
281988 68.549618 68.549618 206.000000 206.000000 655.000000 0.000000 206.000000 0.000000 0.000000 0.000000 449.000000
282988 68.549618 68.549618 206.000000 206.000000 655.000000 0.000000 0.000000 0.000000 206.000000 0.000000 449.000000
283988 68.549618 68.549618 206.000000 206.000000 655.000000 0.000000 0.000000 0.000000 206.000000 0.000000 449.000000
284988 68.549618 68.549618 206.000000 206.000000 655.000000 0.000000 0.000000 0.000000 206.000000 0.000000 449.000000
285988 68.549618 68.549618 206.000000 206.000000 655.000000 0.000000 0.000000 0.000000 206.000000 0.000000 449.000000
286988 68.549618 68.549618 206.000000 206.000000 655.000000 0.000000 0.000000 0.000000 206.000000 0.000000 449.000000
287988 52.148664 52.148664 412.000000 412.000000 861.000000 412.000000 0.000000 0.000000 0.000000 0.000000 449.000000
288988 52.148664 52.148664 412.000000 412.000000 861.000000 412.000000 0.000000 0.000000 0.000000 0.000000 449.000000
289988 52.148664 52.148664 412.000000 412.000000 861.000000 412.000000 0.000000 0.000000 0.000000 0.000000 449.000000
290988 52.148664 52.148664 412.000000 412.000000 861.000000 412.000000 0.000000 0.000000 0.000000 0.000000 449.000000
291988 52.148664 52.148664 412.000000 412.000000 861.000000 412.000000 0.000000 0.000000 0.000000 0.000000 449.000000
292988 52.148664 52.148664 412.000000 412.000000 861.000000 412.000000 0.000000 0.000000 0.000000 0.000000 449.000000
293988 52.148664 52.148664 412.000000 412.000000 861.000000 412.000000 0.000000 0.000000 0.000000 0.000000 449.000000
294988 52.148664 52.148664 412.000000 412.000000 861.000000 412.000000 0.000000 0.000000 0.000000 0.000000 449.000000
295988 52.148664 52.148664 412.000000 412.000000 861.000000 412.000000 0.000000 0.000000 0.000000 0.000000 449.000000
296988 52.148664 52.148664 412.000000 412.000000 861.000000 412.000000 0.000000 0.000000 0.000000 0.000000 449.000000
297988 52.148664 52.148664 412.000000 412.000000 861.000000 412.000000 0.000000 0.000000 0.000000 0.000000 449.000000
298988 52.148664 52.148664 412.000000 412.000000 861.000000 412.000000 0.000000 0.000000 0.000000 0.000000 449.000000
299988 65.048544 65.048544 144.000000 144.000000 412.000000 0.000000 144.000000 0.000000 0.000000 0.000000 268.000000
300988 65.048544 65.048544 144.000000 144.000000 412.000000 0.000000 144.000000 0.000000 0.000000 0.000000 268.000000
301988 65.048544 65.048544 144.000000 144.000000 412.000000 0.000000 144.000000 0.000000 0.000000 0.000000 268.000000
302988 65.048544 65.048544 144.000000 144.000000 412.000000 0.000000 144.000000 0.000000 0.000000 0.000000 268.000000
303988 65.048544 65.048544 144.000000 144.000000 412.000000 0.000000 144.000000 0.000000 0.000000 0.000000 268.000000
304988 65.048544 65.048544 144.000000 144.000000 412.000000 0.000000 144.000000 0.000000 0.000000 0.000000 268.000000
305988 65.048544 65.048544 144.000000 144.000000 412.000000 0.000000 144.000000 0.000000 0.000000 0.000000 268.000000
306988 65.048544 65.048544 144.000000 144.000000 412.000000 0.000000 0.000000 0.000000 144.000000 0.000000 268.000000
307988 65.048544 65.048544 144.000000 144.000000 412.000000 0.000000 0.000000 0.000000 144.000000 0.000000 268.000000
308988 65.048544 65.048544 144.000000 144.000000 412.000000 0.000000 0.000000 0.000000 144.000000 0.000000 268.000000
309988 65.048544 65.048544 144.000000 144.000000 412.000000 0.000000 0.000000 0.000000 144.000000 0.000000 268.000000
310988 65.048544 65.048544 144.000000 144.000000 412.000000 0.000000 0.000000 0.000000 144.000000 0.000000 268.000000
311988 48.201439 48.201439 288.000000 288.000000 556.000000 288.000000 0.000000 0.000000 0.000000 0.000000 268.000000
312988 48.201439 48.201439 288.000000 288.000000 556.000000 288.000000 0.000000 0.000000 0.000000 0.000000 268.000000
313988 48.201439 48.201439 288.000000 288.000000 556.000000 288.000000 0.000000 0.000000 0.000000 0.000000 268.000000
314988 48.201439 48.201439 288.000000 288.000000 556.000000 288.000000 0.000000 0.000000 0.000000 0.000000 268.000000
315988 48.201439 48.201439 288.000000 288.000000 556.000000 288.000000 0.000000 0.000000 0.000000 0.000000 268.000000
316988 48.201439 48.201439 288.000000 288.000000 556.000000 288.000000 0.000000 0.000000 0.000000 0.000000 268.000000
317988 48.201439 48.201439 288.000000 288.000000 556.000000 288.000000 0.000000 0.000000 0.000000 0.000000 268.000000
318988 48.201439 48.201439 288.000000 288.000000 556.000000 288.000000 0.000000 0.000000 0.000000 0.000000 268.000000
319988 48.201439 48.201439 288.000000 288.000000 556.000000 288.000000 0.000000 0.000000 0.000000 0.000000 268.000000
320988 48.201439 48.201439 288.000000 288.000000 556.000000 288.000000 0.000000 0.000000 0.000000 0.000000 268.000000
321988 48.201439 48.201439 288.000000 288.000000 556.000000 288.000000 0.000000 0.000000 0.000000 0.000000 268.000000
249988 0.000000 0.000000 906.000000 906.000000 906.000000 906.000000 0.000000 0.000000 0.000000 0.000000 0.000000
250988 0.000000 0.000000 906.000000 906.000000 906.000000 906.000000 0.000000 0.000000 0.000000 0.000000 0.000000
251988 66.777042 66.777042 301.000000 301.000000 906.000000 0.000000 301.000000 0.000000 0.000000 0.000000 605.000000
252988 66.777042 66.777042 301.000000 301.000000 906.000000 0.000000 301.000000 0.000000 0.000000 0.000000 605.000000
253988 66.777042 66.777042 301.000000 301.000000 906.000000 0.000000 301.000000 0.000000 0.000000 0.000000 605.000000
254988 66.777042 66.777042 301.000000 301.000000 906.000000 0.000000 301.000000 0.000000 0.000000 0.000000 605.000000
255988 66.777042 66.777042 301.000000 301.000000 906.000000 0.000000 301.000000 0.000000 0.000000 0.000000 605.000000
256988 66.777042 66.777042 301.000000 301.000000 906.000000 0.000000 301.000000 0.000000 0.000000 0.000000 605.000000
257988 66.777042 66.777042 301.000000 301.000000 906.000000 0.000000 301.000000 0.000000 0.000000 0.000000 605.000000
258988 66.777042 66.777042 301.000000 301.000000 906.000000 0.000000 0.000000 0.000000 301.000000 0.000000 605.000000
259988 66.777042 66.777042 301.000000 301.000000 906.000000 0.000000 0.000000 0.000000 301.000000 0.000000 605.000000
260988 66.777042 66.777042 301.000000 301.000000 906.000000 0.000000 0.000000 0.000000 301.000000 0.000000 605.000000
261988 66.777042 66.777042 301.000000 301.000000 906.000000 0.000000 0.000000 0.000000 301.000000 0.000000 605.000000
262988 66.777042 66.777042 301.000000 301.000000 906.000000 0.000000 0.000000 0.000000 301.000000 0.000000 605.000000
263988 46.840775 46.840775 631.000000 631.000000 1187.000000 631.000000 0.000000 0.000000 0.000000 0.000000 556.000000
264988 46.840775 46.840775 631.000000 631.000000 1187.000000 631.000000 0.000000 0.000000 0.000000 0.000000 556.000000
265988 46.840775 46.840775 631.000000 631.000000 1187.000000 631.000000 0.000000 0.000000 0.000000 0.000000 556.000000
266988 46.840775 46.840775 631.000000 631.000000 1187.000000 631.000000 0.000000 0.000000 0.000000 0.000000 556.000000
267988 46.840775 46.840775 631.000000 631.000000 1187.000000 631.000000 0.000000 0.000000 0.000000 0.000000 556.000000
268988 46.840775 46.840775 631.000000 631.000000 1187.000000 631.000000 0.000000 0.000000 0.000000 0.000000 556.000000
269988 46.840775 46.840775 631.000000 631.000000 1187.000000 631.000000 0.000000 0.000000 0.000000 0.000000 556.000000
270988 46.840775 46.840775 631.000000 631.000000 1187.000000 631.000000 0.000000 0.000000 0.000000 0.000000 556.000000
271988 46.840775 46.840775 631.000000 631.000000 1187.000000 631.000000 0.000000 0.000000 0.000000 0.000000 556.000000
272988 46.840775 46.840775 631.000000 631.000000 1187.000000 631.000000 0.000000 0.000000 0.000000 0.000000 556.000000
273988 46.840775 46.840775 631.000000 631.000000 1187.000000 631.000000 0.000000 0.000000 0.000000 0.000000 556.000000
274988 46.840775 46.840775 631.000000 631.000000 1187.000000 631.000000 0.000000 0.000000 0.000000 0.000000 556.000000
275988 67.353407 67.353407 206.000000 206.000000 631.000000 0.000000 206.000000 0.000000 0.000000 0.000000 425.000000
276988 67.353407 67.353407 206.000000 206.000000 631.000000 0.000000 206.000000 0.000000 0.000000 0.000000 425.000000
277988 67.353407 67.353407 206.000000 206.000000 631.000000 0.000000 206.000000 0.000000 0.000000 0.000000 425.000000
278988 67.353407 67.353407 206.000000 206.000000 631.000000 0.000000 206.000000 0.000000 0.000000 0.000000 425.000000
279988 67.353407 67.353407 206.000000 206.000000 631.000000 0.000000 206.000000 0.000000 0.000000 0.000000 425.000000
280988 67.353407 67.353407 206.000000 206.000000 631.000000 0.000000 206.000000 0.000000 0.000000 0.000000 425.000000
281988 67.353407 67.353407 206.000000 206.000000 631.000000 0.000000 206.000000 0.000000 0.000000 0.000000 425.000000
282988 67.353407 67.353407 206.000000 206.000000 631.000000 0.000000 0.000000 0.000000 206.000000 0.000000 425.000000
283988 67.353407 67.353407 206.000000 206.000000 631.000000 0.000000 0.000000 0.000000 206.000000 0.000000 425.000000
284988 67.353407 67.353407 206.000000 206.000000 631.000000 0.000000 0.000000 0.000000 206.000000 0.000000 425.000000
285988 67.353407 67.353407 206.000000 206.000000 631.000000 0.000000 0.000000 0.000000 206.000000 0.000000 425.000000
286988 67.353407 67.353407 206.000000 206.000000 631.000000 0.000000 0.000000 0.000000 206.000000 0.000000 425.000000
287988 50.776583 50.776583 412.000000 412.000000 837.000000 412.000000 0.000000 0.000000 0.000000 0.000000 425.000000
288988 50.776583 50.776583 412.000000 412.000000 837.000000 412.000000 0.000000 0.000000 0.000000 0.000000 425.000000
289988 50.776583 50.776583 412.000000 412.000000 837.000000 412.000000 0.000000 0.000000 0.000000 0.000000 425.000000
290988 50.776583 50.776583 412.000000 412.000000 837.000000 412.000000 0.000000 0.000000 0.000000 0.000000 425.000000
291988 50.776583 50.776583 412.000000 412.000000 837.000000 412.000000 0.000000 0.000000 0.000000 0.000000 425.000000
292988 50.776583 50.776583 412.000000 412.000000 837.000000 412.000000 0.000000 0.000000 0.000000 0.000000 425.000000
293988 50.776583 50.776583 412.000000 412.000000 837.000000 412.000000 0.000000 0.000000 0.000000 0.000000 425.000000
294988 50.776583 50.776583 412.000000 412.000000 837.000000 412.000000 0.000000 0.000000 0.000000 0.000000 425.000000
295988 50.776583 50.776583 412.000000 412.000000 837.000000 412.000000 0.000000 0.000000 0.000000 0.000000 425.000000
296988 50.776583 50.776583 412.000000 412.000000 837.000000 412.000000 0.000000 0.000000 0.000000 0.000000 425.000000
297988 50.776583 50.776583 412.000000 412.000000 837.000000 412.000000 0.000000 0.000000 0.000000 0.000000 425.000000
298988 50.776583 50.776583 412.000000 412.000000 837.000000 412.000000 0.000000 0.000000 0.000000 0.000000 425.000000
299988 69.417476 69.417476 126.000000 126.000000 412.000000 0.000000 126.000000 0.000000 0.000000 0.000000 286.000000
300988 69.417476 69.417476 126.000000 126.000000 412.000000 0.000000 126.000000 0.000000 0.000000 0.000000 286.000000
301988 69.417476 69.417476 126.000000 126.000000 412.000000 0.000000 126.000000 0.000000 0.000000 0.000000 286.000000
302988 69.417476 69.417476 126.000000 126.000000 412.000000 0.000000 126.000000 0.000000 0.000000 0.000000 286.000000
303988 69.417476 69.417476 126.000000 126.000000 412.000000 0.000000 126.000000 0.000000 0.000000 0.000000 286.000000
304988 69.417476 69.417476 126.000000 126.000000 412.000000 0.000000 126.000000 0.000000 0.000000 0.000000 286.000000
305988 69.417476 69.417476 126.000000 126.000000 412.000000 0.000000 126.000000 0.000000 0.000000 0.000000 286.000000
306988 69.417476 69.417476 126.000000 126.000000 412.000000 0.000000 0.000000 0.000000 126.000000 0.000000 286.000000
307988 69.417476 69.417476 126.000000 126.000000 412.000000 0.000000 0.000000 0.000000 126.000000 0.000000 286.000000
308988 69.417476 69.417476 126.000000 126.000000 412.000000 0.000000 0.000000 0.000000 126.000000 0.000000 286.000000
309988 69.417476 69.417476 126.000000 126.000000 412.000000 0.000000 0.000000 0.000000 126.000000 0.000000 286.000000
310988 69.417476 69.417476 126.000000 126.000000 412.000000 0.000000 0.000000 0.000000 126.000000 0.000000 286.000000
311988 53.159851 53.159851 252.000000 252.000000 538.000000 252.000000 0.000000 0.000000 0.000000 0.000000 286.000000
312988 53.159851 53.159851 252.000000 252.000000 538.000000 252.000000 0.000000 0.000000 0.000000 0.000000 286.000000
313988 53.159851 53.159851 252.000000 252.000000 538.000000 252.000000 0.000000 0.000000 0.000000 0.000000 286.000000
314988 53.159851 53.159851 252.000000 252.000000 538.000000 252.000000 0.000000 0.000000 0.000000 0.000000 286.000000
315988 53.159851 53.159851 252.000000 252.000000 538.000000 252.000000 0.000000 0.000000 0.000000 0.000000 286.000000
316988 53.159851 53.159851 252.000000 252.000000 538.000000 252.000000 0.000000 0.000000 0.000000 0.000000 286.000000
317988 53.159851 53.159851 252.000000 252.000000 538.000000 252.000000 0.000000 0.000000 0.000000 0.000000 286.000000
318988 53.159851 53.159851 252.000000 252.000000 538.000000 252.000000 0.000000 0.000000 0.000000 0.000000 286.000000
319988 53.159851 53.159851 252.000000 252.000000 538.000000 252.000000 0.000000 0.000000 0.000000 0.000000 286.000000
320988 53.159851 53.159851 252.000000 252.000000 538.000000 252.000000 0.000000 0.000000 0.000000 0.000000 286.000000
321988 53.159851 53.159851 252.000000 252.000000 538.000000 252.000000 0.000000 0.000000 0.000000 0.000000 286.000000
