249523 2.918919 2.918919 925.000000 925.000000 925.000000 523.000000 254.000000 27.000000 121.000000 0.000000 0.000000
250523 2.109705 2.109705 947.000000 947.000000 948.000000 532.000000 260.000000 19.000000 136.000000 0.000000 1.000000
251523 2.590674 2.590674 962.000000 962.000000 965.000000 532.000000 253.000000 22.000000 155.000000 0.000000 3.000000
252523 2.495010 2.495010 997.000000 997.000000 1002.000000 567.000000 260.000000 20.000000 150.000000 0.000000 5.000000
253523 3.508772 3.508772 1019.000000 1019.000000 1026.000000 572.000000 266.000000 29.000000 152.000000 0.000000 7.000000
254523 2.851711 2.851711 1042.000000 1042.000000 1052.000000 583.000000 276.000000 20.000000 163.000000 0.000000 10.000000
255523 2.949309 2.949309 1074.000000 1074.000000 1085.000000 617.000000 271.000000 21.000000 165.000000 0.000000 11.000000
256523 2.951699 2.951699 1103.000000 1103.000000 1118.000000 649.000000 268.000000 18.000000 168.000000 0.000000 15.000000
257523 3.822763 3.822763 1133.000000 1133.000000 1151.000000 666.000000 264.000000 26.000000 177.000000 0.000000 18.000000
258523 3.738318 3.738318 1158.000000 1158.000000 1177.000000 678.000000 271.000000 25.000000 184.000000 0.000000 19.000000
259523 3.722084 3.722084 1189.000000 1189.000000 1209.000000 702.000000 277.000000 25.000000 185.000000 0.000000 20.000000
260523 3.993610 3.993610 1227.000000 1227.000000 1252.000000 745.000000 281.000000 25.000000 176.000000 0.000000 25.000000
261523 4.127726 4.127726 1258.000000 1258.000000 1284.000000 750.000000 291.000000 27.000000 190.000000 0.000000 26.000000
262523 4.051013 4.051013 1307.000000 1307.000000 1333.000000 795.000000 305.000000 28.000000 179.000000 0.000000 26.000000
263523 4.123711 4.123711 1328.000000 1328.000000 1358.000000 804.000000 310.000000 26.000000 188.000000 0.000000 30.000000
264523 4.646176 4.646176 1366.000000 1366.000000 1399.000000 835.000000 325.000000 32.000000 174.000000 0.000000 33.000000
265523 4.497540 4.497540 1390.000000 1390.000000 1423.000000 817.000000 349.000000 31.000000 193.000000 0.000000 33.000000
266523 4.433834 4.433834 1432.000000 1432.000000 1466.000000 846.000000 362.000000 31.000000 193.000000 0.000000 34.000000
267523 4.572565 4.572565 1473.000000 1473.000000 1509.000000 873.000000 376.000000 33.000000 191.000000 0.000000 36.000000
268523 4.663212 4.663212 1505.000000 1505.000000 1544.000000 885.000000 393.000000 33.000000 194.000000 0.000000 39.000000
269523 4.438808 4.438808 1532.000000 1532.000000 1577.000000 885.000000 402.000000 25.000000 220.000000 0.000000 45.000000
270523 4.685573 4.685573 1574.000000 1574.000000 1622.000000 917.000000 410.000000 28.000000 219.000000 0.000000 48.000000
271523 5.057194 5.057194 1612.000000 1612.000000 1661.000000 926.000000 429.000000 35.000000 222.000000 0.000000 49.000000
272523 5.438596 5.438596 1654.000000 1654.000000 1710.000000 945.000000 445.000000 37.000000 227.000000 0.000000 56.000000
273523 6.071019 6.071019 1686.000000 1686.000000 1746.000000 943.000000 444.000000 46.000000 253.000000 0.000000 60.000000
274523 5.744562 5.744562 1726.000000 1726.000000 1793.000000 964.000000 464.000000 36.000000 262.000000 0.000000 67.000000
275523 5.421687 5.421687 1760.000000 1760.000000 1826.000000 978.000000 464.000000 33.000000 285.000000 0.000000 66.000000
276523 6.017039 6.017039 1809.000000 1809.000000 1878.000000 1018.000000 451.000000 44.000000 296.000000 0.000000 69.000000
277523 5.202914 5.202914 1850.000000 1850.000000 1922.000000 1048.000000 473.000000 28.000000 301.000000 0.000000 72.000000
278523 5.295008 5.295008 1912.000000 1912.000000 1983.000000 1100.000000 486.000000 34.000000 292.000000 0.000000 71.000000
279523 5.528376 5.528376 1973.000000 1973.000000 2044.000000 1152.000000 486.000000 42.000000 293.000000 0.000000 71.000000
280523 5.820611 5.820611 2018.000000 2018.000000 2096.000000 1176.000000 492.000000 44.000000 306.000000 0.000000 78.000000
281523 5.904059 5.904059 2089.000000 2089.000000 2168.000000 1234.000000 506.000000 49.000000 300.000000 0.000000 79.000000
282523 5.701357 5.701357 2126.000000 2126.000000 2210.000000 1237.000000 525.000000 42.000000 322.000000 0.000000 84.000000
283523 5.913504 5.913504 2176.000000 2176.000000 2266.000000 1272.000000 534.000000 44.000000 326.000000 0.000000 90.000000
284523 5.679862 5.679862 2236.000000 2236.000000 2324.000000 1316.000000 544.000000 44.000000 332.000000 0.000000 88.000000
285523 5.307146 5.307146 2301.000000 2301.000000 2393.000000 1385.000000 554.000000 35.000000 327.000000 0.000000 92.000000
286523 5.786471 5.786471 2361.000000 2361.000000 2454.000000 1431.000000 564.000000 49.000000 317.000000 0.000000 93.000000
287523 6.003976 6.003976 2419.000000 2419.000000 2515.000000 1465.000000 561.000000 55.000000 338.000000 0.000000 96.000000
288523 5.652342 5.652342 2483.000000 2483.000000 2583.000000 1510.000000 581.000000 46.000000 346.000000 0.000000 100.000000
289523 6.528302 6.528302 2545.000000 2545.000000 2650.000000 1515.000000 599.000000 68.000000 363.000000 0.000000 105.000000
290523 6.095308 6.095308 2598.000000 2598.000000 2707.000000 1514.000000 654.000000 56.000000 374.000000 0.000000 109.000000
291523 6.272531 6.272531 2660.000000 2660.000000 2774.000000 1537.000000 666.000000 60.000000 397.000000 0.000000 114.000000
292523 7.029877 7.029877 2726.000000 2726.000000 2845.000000 1549.000000 709.000000 81.000000 387.000000 0.000000 119.000000
293523 6.378601 6.378601 2793.000000 2793.000000 2916.000000 1591.000000 764.000000 63.000000 375.000000 0.000000 123.000000
294523 6.771181 6.771181 2865.000000 2865.000000 2998.000000 1625.000000 786.000000 70.000000 384.000000 0.000000 133.000000
295523 6.603774 6.603774 2939.000000 2939.000000 3074.000000 1670.000000 811.000000 68.000000 390.000000 0.000000 135.000000
296523 6.580196 6.580196 3025.000000 3025.000000 3161.000000 1734.000000 834.000000 72.000000 385.000000 0.000000 136.000000
297523 6.180124 6.180124 3078.000000 3078.000000 3220.000000 1752.000000 846.000000 57.000000 423.000000 0.000000 142.000000
298523 6.595420 6.595420 3129.000000 3129.000000 3275.000000 1749.000000 811.000000 70.000000 499.000000 0.000000 146.000000
299523 6.615018 6.615018 3212.000000 3212.000000 3356.000000 1797.000000 817.000000 78.000000 520.000000 0.000000 144.000000
300523 6.475029 6.475029 3300.000000 3300.000000 3444.000000 1845.000000 833.000000 79.000000 543.000000 0.000000 144.000000
301523 5.905735 5.905735 3373.000000 3373.000000 3522.000000 1887.000000 864.000000 59.000000 563.000000 0.000000 149.000000
302523 6.488864 6.488864 3482.000000 3482.000000 3637.000000 1970.000000 862.000000 81.000000 569.000000 0.000000 155.000000
303523 6.058180 6.058180 3591.000000 3591.000000 3747.000000 2065.000000 893.000000 71.000000 562.000000 0.000000 156.000000
304523 5.934180 5.934180 3697.000000 3697.000000 3859.000000 2163.000000 910.000000 67.000000 557.000000 0.000000 162.000000
305523 6.481715 6.481715 3794.000000 3794.000000 3965.000000 2213.000000 937.000000 86.000000 558.000000 0.000000 171.000000
306523 6.509457 6.509457 3896.000000 3896.000000 4071.000000 2283.000000 978.000000 90.000000 545.000000 0.000000 175.000000
307523 6.011976 6.011976 3995.000000 3995.000000 4175.000000 2358.000000 998.000000 71.000000 568.000000 0.000000 180.000000
308523 6.324387 6.324387 4099.000000 4099.000000 4285.000000 2420.000000 1003.000000 85.000000 591.000000 0.000000 186.000000
309523 6.089525 6.089525 4214.000000 4214.000000 4401.000000 2504.000000 1030.000000 81.000000 599.000000 0.000000 187.000000
310523 5.972469 5.972469 4322.000000 4322.000000 4504.000000 2564.000000 1053.000000 87.000000 618.000000 0.000000 182.000000
311523 6.339557 6.339557 4412.000000 4412.000000 4606.000000 2605.000000 1067.000000 98.000000 642.000000 0.000000 194.000000
312523 6.489926 6.489926 4517.000000 4517.000000 4715.000000 2649.000000 1112.000000 108.000000 648.000000 0.000000 198.000000
313523 6.569193 6.569193 4650.000000 4650.000000 4856.000000 2739.000000 1160.000000 113.000000 638.000000 0.000000 206.000000
314523 7.033454 7.033454 4742.000000 4742.000000 4962.000000 2742.000000 1197.000000 129.000000 674.000000 0.000000 220.000000
315523 6.567047 6.567047 4868.000000 4868.000000 5086.000000 2772.000000 1293.000000 116.000000 687.000000 0.000000 218.000000
316523 6.683263 6.683263 4994.000000 4994.000000 5222.000000 2841.000000 1334.000000 121.000000 698.000000 0.000000 228.000000
317523 6.478188 6.478188 5113.000000 5113.000000 5341.000000 2877.000000 1388.000000 118.000000 730.000000 0.000000 228.000000
318523 6.385321 6.385321 5222.000000 5222.000000 5450.000000 2886.000000 1448.000000 120.000000 768.000000 0.000000 228.000000
319523 5.987809 5.987809 5353.000000 5353.000000 5578.000000 2950.000000 1477.000000 109.000000 817.000000 0.000000 225.000000
320523 5.954252 5.954252 5503.000000 5503.000000 5727.000000 3049.000000 1524.000000 117.000000 813.000000 0.000000 224.000000
321523 5.783296 5.783296 5647.000000 5647.000000 5879.000000 3151.000000 1553.000000 108.000000 835.000000 0.000000 232.000000
249665 2.286902 2.286902 962.000000 962.000000 962.000000 582.000000 236.000000 22.000000 122.000000 0.000000 0.000000
250665 2.443992 2.443992 980.000000 980.000000 982.000000 587.000000 231.000000 22.000000 140.000000 0.000000 2.000000
251665 3.677932 3.677932 1000.000000 1000.000000 1006.000000 582.000000 245.000000 31.000000 142.000000 0.000000 6.000000
252665 4.364694 4.364694 1019.000000 1019.000000 1031.000000 576.000000 262.000000 33.000000 148.000000 0.000000 12.000000
253665 3.487276 3.487276 1048.000000 1048.000000 1061.000000 589.000000 277.000000 24.000000 158.000000 0.000000 13.000000
254665 4.661792 4.661792 1075.000000 1075.000000 1094.000000 600.000000 298.000000 32.000000 145.000000 0.000000 19.000000
255665 5.022422 5.022422 1093.000000 1093.000000 1115.000000 588.000000 309.000000 34.000000 162.000000 0.000000 22.000000
256665 4.031551 4.031551 1115.000000 1115.000000 1141.000000 600.000000 322.000000 20.000000 173.000000 0.000000 26.000000
257665 3.741497 3.741497 1149.000000 1149.000000 1176.000000 626.000000 326.000000 17.000000 180.000000 0.000000 27.000000
258665 4.372937 4.372937 1180.000000 1180.000000 1212.000000 659.000000 326.000000 21.000000 174.000000 0.000000 32.000000
259665 4.501608 4.501608 1212.000000 1212.000000 1244.000000 680.000000 323.000000 24.000000 185.000000 0.000000 32.000000
260665 4.306969 4.306969 1240.000000 1240.000000 1277.000000 705.000000 319.000000 18.000000 198.000000 0.000000 37.000000
261665 4.859529 4.859529 1279.000000 1279.000000 1317.000000 741.000000 301.000000 26.000000 211.000000 0.000000 38.000000
262665 4.628949 4.628949 1318.000000 1318.000000 1361.000000 788.000000 298.000000 20.000000 212.000000 0.000000 43.000000
263665 4.885057 4.885057 1344.000000 1344.000000 1392.000000 804.000000 301.000000 20.000000 219.000000 0.000000 48.000000
264665 5.775922 5.775922 1387.000000 1387.000000 1437.000000 835.000000 294.000000 33.000000 225.000000 0.000000 50.000000
265665 5.838425 5.838425 1416.000000 1416.000000 1473.000000 863.000000 286.000000 29.000000 238.000000 0.000000 57.000000
266665 6.032787 6.032787 1464.000000 1464.000000 1525.000000 914.000000 295.000000 31.000000 224.000000 0.000000 61.000000
267665 5.269841 5.269841 1513.000000 1513.000000 1575.000000 972.000000 320.000000 21.000000 200.000000 0.000000 62.000000
268665 6.459627 6.459627 1544.000000 1544.000000 1610.000000 962.000000 334.000000 38.000000 210.000000 0.000000 66.000000
269665 6.133494 6.133494 1593.000000 1593.000000 1663.000000 999.000000 363.000000 32.000000 199.000000 0.000000 70.000000
270665 5.659277 5.659277 1638.000000 1638.000000 1714.000000 1046.000000 387.000000 21.000000 184.000000 0.000000 76.000000
271665 6.582713 6.582713 1670.000000 1670.000000 1747.000000 1038.000000 405.000000 38.000000 189.000000 0.000000 77.000000
272665 7.191011 7.191011 1700.000000 1700.000000 1780.000000 1026.000000 430.000000 48.000000 196.000000 0.000000 80.000000
273665 7.395143 7.395143 1725.000000 1725.000000 1812.000000 1013.000000 455.000000 47.000000 210.000000 0.000000 87.000000
274665 7.601078 7.601078 1760.000000 1760.000000 1855.000000 1017.000000 480.000000 46.000000 217.000000 0.000000 95.000000
275665 7.708553 7.708553 1796.000000 1796.000000 1894.000000 1016.000000 505.000000 48.000000 227.000000 0.000000 98.000000
276665 7.342296 7.342296 1830.000000 1830.000000 1934.000000 1021.000000 522.000000 38.000000 249.000000 0.000000 104.000000
277665 7.139215 7.139215 1853.000000 1853.000000 1961.000000 1012.000000 523.000000 32.000000 286.000000 0.000000 108.000000
278665 7.822621 7.822621 1902.000000 1902.000000 2007.000000 1026.000000 534.000000 52.000000 290.000000 0.000000 105.000000
279665 7.815534 7.815534 1947.000000 1947.000000 2060.000000 1047.000000 555.000000 48.000000 297.000000 0.000000 113.000000
280665 7.619048 7.619048 1988.000000 1988.000000 2100.000000 1044.000000 572.000000 48.000000 324.000000 0.000000 112.000000
281665 6.931608 6.931608 2051.000000 2051.000000 2164.000000 1101.000000 576.000000 37.000000 337.000000 0.000000 113.000000
282665 7.498877 7.498877 2110.000000 2110.000000 2227.000000 1139.000000 568.000000 50.000000 353.000000 0.000000 117.000000
283665 7.033639 7.033639 2171.000000 2171.000000 2289.000000 1192.000000 566.000000 43.000000 370.000000 0.000000 118.000000
284665 6.695096 6.695096 2227.000000 2227.000000 2345.000000 1236.000000 581.000000 39.000000 371.000000 0.000000 118.000000
285665 6.475716 6.475716 2290.000000 2290.000000 2409.000000 1304.000000 564.000000 37.000000 385.000000 0.000000 119.000000
286665 6.629168 6.629168 2367.000000 2367.000000 2489.000000 1385.000000 562.000000 43.000000 377.000000 0.000000 122.000000
287665 5.930550 5.930550 2444.000000 2444.000000 2563.000000 1479.000000 558.000000 33.000000 374.000000 0.000000 119.000000
288665 6.396669 6.396669 2524.000000 2524.000000 2642.000000 1560.000000 548.000000 51.000000 365.000000 0.000000 118.000000
289665 6.449222 6.449222 2579.000000 2579.000000 2698.000000 1583.000000 549.000000 55.000000 392.000000 0.000000 119.000000
290665 6.308580 6.308580 2651.000000 2651.000000 2774.000000 1636.000000 569.000000 52.000000 394.000000 0.000000 123.000000
291665 6.514085 6.514085 2713.000000 2713.000000 2840.000000 1668.000000 581.000000 58.000000 406.000000 0.000000 127.000000
292665 6.726150 6.726150 2783.000000 2783.000000 2914.000000 1711.000000 618.000000 65.000000 389.000000 0.000000 131.000000
293665 6.316845 6.316845 2857.000000 2857.000000 2992.000000 1768.000000 659.000000 54.000000 376.000000 0.000000 135.000000
294665 6.496898 6.496898 2931.000000 2931.000000 3063.000000 1795.000000 695.000000 67.000000 374.000000 0.000000 132.000000
295665 6.545917 6.545917 3012.000000 3012.000000 3147.000000 1835.000000 754.000000 71.000000 352.000000 0.000000 135.000000
296665 6.847183 6.847183 3078.000000 3078.000000 3213.000000 1829.000000 782.000000 85.000000 382.000000 0.000000 135.000000
297665 6.802929 6.802929 3146.000000 3146.000000 3278.000000 1818.000000 844.000000 91.000000 393.000000 0.000000 132.000000
298665 6.552962 6.552962 3204.000000 3204.000000 3342.000000 1807.000000 892.000000 81.000000 424.000000 0.000000 138.000000
299665 6.277501 6.277501 3265.000000 3265.000000 3409.000000 1810.000000 951.000000 70.000000 434.000000 0.000000 144.000000
300665 6.402527 6.402527 3339.000000 3339.000000 3483.000000 1826.000000 968.000000 79.000000 466.000000 0.000000 144.000000
301665 6.204380 6.204380 3417.000000 3417.000000 3562.000000 1852.000000 997.000000 76.000000 492.000000 0.000000 145.000000
302665 6.297919 6.297919 3503.000000 3503.000000 3652.000000 1898.000000 1028.000000 81.000000 496.000000 0.000000 149.000000
303665 6.169528 6.169528 3580.000000 3580.000000 3728.000000 1923.000000 1012.000000 82.000000 563.000000 0.000000 148.000000
304665 5.820661 5.820661 3660.000000 3660.000000 3814.000000 1953.000000 1021.000000 68.000000 618.000000 0.000000 154.000000
305665 6.269113 6.269113 3769.000000 3769.000000 3924.000000 2025.000000 1014.000000 91.000000 639.000000 0.000000 155.000000
306665 5.904242 5.904242 3873.000000 3873.000000 4031.000000 2101.000000 1024.000000 80.000000 668.000000 0.000000 158.000000
307665 5.611998 5.611998 3974.000000 3974.000000 4134.000000 2171.000000 1040.000000 72.000000 691.000000 0.000000 160.000000
308665 5.648926 5.648926 4123.000000 4123.000000 4284.000000 2317.000000 1045.000000 81.000000 680.000000 0.000000 161.000000
309665 5.622308 5.622308 4246.000000 4246.000000 4411.000000 2420.000000 1069.000000 83.000000 674.000000 0.000000 165.000000
310665 5.733743 5.733743 4382.000000 4382.000000 4552.000000 2552.000000 1057.000000 91.000000 682.000000 0.000000 170.000000
311665 5.549604 5.549604 4496.000000 4496.000000 4667.000000 2635.000000 1061.000000 88.000000 712.000000 0.000000 171.000000
312665 5.472326 5.472326 4632.000000 4632.000000 4806.000000 2751.000000 1115.000000 89.000000 677.000000 0.000000 174.000000
313665 5.286611 5.286611 4762.000000 4762.000000 4937.000000 2858.000000 1134.000000 86.000000 684.000000 0.000000 175.000000
314665 5.332807 5.332807 4883.000000 4883.000000 5063.000000 2956.000000 1134.000000 90.000000 703.000000 0.000000 180.000000
315665 5.453149 5.453149 5026.000000 5026.000000 5208.000000 3061.000000 1168.000000 102.000000 695.000000 0.000000 182.000000
316665 5.506649 5.506649 5150.000000 5150.000000 5339.000000 3138.000000 1200.000000 105.000000 707.000000 0.000000 189.000000
317665 5.855360 5.855360 5253.000000 5253.000000 5448.000000 3141.000000 1229.000000 124.000000 759.000000 0.000000 195.000000
318665 5.747538 5.747538 5388.000000 5388.000000 5585.000000 3207.000000 1293.000000 124.000000 764.000000 0.000000 197.000000
319665 5.680825 5.680825 5519.000000 5519.000000 5721.000000 3237.000000 1368.000000 123.000000 791.000000 0.000000 202.000000
320665 5.871309 5.871309 5649.000000 5649.000000 5859.000000 3285.000000 1451.000000 134.000000 779.000000 0.000000 210.000000
321665 6.100000 6.100000 5775.000000 5775.000000 6000.000000 3303.000000 1532.000000 141.000000 799.000000 0.000000 225.000000
248008 3.626374 3.626374 910.000000 910.000000 910.000000 501.000000 246.000000 33.000000 130.000000 0.000000 0.000000
249008 3.091684 3.091684 936.000000 936.000000 938.000000 499.000000 279.000000 27.000000 131.000000 0.000000 2.000000
250008 3.954214 3.954214 953.000000 953.000000 961.000000 482.000000 301.000000 30.000000 140.000000 0.000000 8.000000
251008 3.538928 3.538928 977.000000 977.000000 989.000000 493.000000 323.000000 23.000000 138.000000 0.000000 12.000000
252008 2.955665 2.955665 1001.000000 1001.000000 1015.000000 513.000000 330.000000 16.000000 142.000000 0.000000 14.000000
253008 3.358925 3.358925 1026.000000 1026.000000 1042.000000 536.000000 319.000000 19.000000 152.000000 0.000000 16.000000
254008 3.361345 3.361345 1052.000000 1052.000000 1071.000000 570.000000 302.000000 17.000000 163.000000 0.000000 19.000000
255008 3.548681 3.548681 1079.000000 1079.000000 1099.000000 592.000000 294.000000 19.000000 174.000000 0.000000 20.000000
256008 3.359859 3.359859 1110.000000 1110.000000 1131.000000 620.000000 279.000000 17.000000 194.000000 0.000000 21.000000
257008 3.092784 3.092784 1142.000000 1142.000000 1164.000000 656.000000 258.000000 14.000000 214.000000 0.000000 22.000000
258008 3.926483 3.926483 1172.000000 1172.000000 1197.000000 683.000000 243.000000 22.000000 224.000000 0.000000 25.000000
259008 3.398058 3.398058 1210.000000 1210.000000 1236.000000 722.000000 246.000000 16.000000 226.000000 0.000000 26.000000
260008 4.153605 4.153605 1244.000000 1244.000000 1276.000000 753.000000 249.000000 21.000000 221.000000 0.000000 32.000000
261008 3.924528 3.924528 1288.000000 1288.000000 1325.000000 812.000000 260.000000 15.000000 201.000000 0.000000 37.000000
262008 5.856515 5.856515 1329.000000 1329.000000 1366.000000 826.000000 266.000000 43.000000 194.000000 0.000000 37.000000
263008 4.886686 4.886686 1370.000000 1370.000000 1412.000000 873.000000 290.000000 27.000000 180.000000 0.000000 42.000000
264008 4.931507 4.931507 1416.000000 1416.000000 1460.000000 915.000000 304.000000 28.000000 169.000000 0.000000 44.000000
265008 5.407210 5.407210 1447.000000 1447.000000 1498.000000 937.000000 322.000000 30.000000 158.000000 0.000000 51.000000
266008 5.708661 5.708661 1470.000000 1470.000000 1524.000000 926.000000 342.000000 33.000000 169.000000 0.000000 54.000000
267008 6.149904 6.149904 1498.000000 1498.000000 1561.000000 940.000000 352.000000 33.000000 173.000000 0.000000 63.000000
268008 6.265664 6.265664 1528.000000 1528.000000 1596.000000 947.000000 366.000000 32.000000 183.000000 0.000000 68.000000
269008 6.805641 6.805641 1563.000000 1563.000000 1631.000000 955.000000 379.000000 43.000000 186.000000 0.000000 68.000000
270008 5.772700 5.772700 1592.000000 1592.000000 1663.000000 958.000000 410.000000 25.000000 199.000000 0.000000 71.000000
271008 7.265210 7.265210 1620.000000 1620.000000 1693.000000 938.000000 411.000000 50.000000 221.000000 0.000000 73.000000
272008 7.394570 7.394570 1655.000000 1655.000000 1731.000000 924.000000 445.000000 52.000000 234.000000 0.000000 76.000000
273008 6.478873 6.478873 1698.000000 1698.000000 1775.000000 945.000000 481.000000 38.000000 234.000000 0.000000 77.000000
274008 7.352128 7.352128 1722.000000 1722.000000 1809.000000 931.000000 498.000000 46.000000 247.000000 0.000000 87.000000
275008 8.049703 8.049703 1754.000000 1754.000000 1851.000000 917.000000 525.000000 52.000000 260.000000 0.000000 97.000000
276008 7.454068 7.454068 1806.000000 1806.000000 1905.000000 953.000000 541.000000 43.000000 269.000000 0.000000 99.000000
277008 7.120902 7.120902 1850.000000 1850.000000 1952.000000 991.000000 538.000000 37.000000 284.000000 0.000000 102.000000
278008 6.872510 6.872510 1904.000000 1904.000000 2008.000000 1035.000000 559.000000 34.000000 276.000000 0.000000 104.000000
279008 6.891496 6.891496 1936.000000 1936.000000 2046.000000 1059.000000 533.000000 31.000000 313.000000 0.000000 110.000000
280008 6.945766 6.945766 1993.000000 1993.000000 2102.000000 1113.000000 497.000000 37.000000 346.000000 0.000000 109.000000
281008 6.657420 6.657420 2052.000000 2052.000000 2163.000000 1182.000000 478.000000 33.000000 359.000000 0.000000 111.000000
282008 6.834532 6.834532 2108.000000 2108.000000 2224.000000 1232.000000 482.000000 36.000000 358.000000 0.000000 116.000000
283008 6.731192 6.731192 2160.000000 2160.000000 2273.000000 1256.000000 484.000000 40.000000 380.000000 0.000000 113.000000
284008 6.193934 6.193934 2229.000000 2229.000000 2341.000000 1325.000000 485.000000 33.000000 386.000000 0.000000 112.000000
285008 6.255144 6.255144 2314.000000 2314.000000 2430.000000 1429.000000 481.000000 36.000000 368.000000 0.000000 116.000000
286008 6.746507 6.746507 2386.000000 2386.000000 2505.000000 1498.000000 493.000000 50.000000 345.000000 0.000000 119.000000
287008 6.710886 6.710886 2443.000000 2443.000000 2563.000000 1517.000000 533.000000 52.000000 341.000000 0.000000 120.000000
288008 6.990881 6.990881 2514.000000 2514.000000 2632.000000 1557.000000 580.000000 66.000000 311.000000 0.000000 118.000000
289008 6.536189 6.536189 2589.000000 2589.000000 2708.000000 1625.000000 604.000000 58.000000 302.000000 0.000000 119.000000
290008 6.459762 6.459762 2644.000000 2644.000000 2771.000000 1662.000000 620.000000 52.000000 310.000000 0.000000 127.000000
291008 6.938053 6.938053 2696.000000 2696.000000 2825.000000 1673.000000 620.000000 67.000000 336.000000 0.000000 129.000000
292008 6.578489 6.578489 2738.000000 2738.000000 2873.000000 1661.000000 679.000000 54.000000 344.000000 0.000000 135.000000
293008 6.596036 6.596036 2793.000000 2793.000000 2926.000000 1667.000000 705.000000 60.000000 361.000000 0.000000 133.000000
294008 7.030465 7.030465 2850.000000 2850.000000 2987.000000 1658.000000 742.000000 73.000000 377.000000 0.000000 137.000000
295008 7.247796 7.247796 2923.000000 2923.000000 3063.000000 1670.000000 774.000000 82.000000 397.000000 0.000000 140.000000
296008 7.140580 7.140580 2994.000000 2994.000000 3137.000000 1675.000000 831.000000 81.000000 407.000000 0.000000 143.000000
297008 7.116105 7.116105 3055.000000 3055.000000 3204.000000 1666.000000 875.000000 79.000000 435.000000 0.000000 149.000000
298008 6.800854 6.800854 3124.000000 3124.000000 3279.000000 1671.000000 926.000000 68.000000 459.000000 0.000000 155.000000
299008 6.987160 6.987160 3191.000000 3191.000000 3349.000000 1690.000000 937.000000 76.000000 488.000000 0.000000 158.000000
300008 6.569767 6.569767 3287.000000 3287.000000 3440.000000 1764.000000 969.000000 73.000000 481.000000 0.000000 153.000000
301008 6.257110 6.257110 3360.000000 3360.000000 3516.000000 1785.000000 992.000000 64.000000 519.000000 0.000000 156.000000
302008 6.144478 6.144478 3452.000000 3452.000000 3613.000000 1863.000000 988.000000 61.000000 540.000000 0.000000 161.000000
303008 6.347499 6.347499 3560.000000 3560.000000 3718.000000 1945.000000 971.000000 78.000000 566.000000 0.000000 158.000000
304008 5.489887 5.489887 3649.000000 3649.000000 3807.000000 2022.000000 974.000000 51.000000 602.000000 0.000000 158.000000
305008 5.676298 5.676298 3745.000000 3745.000000 3911.000000 2126.000000 912.000000 56.000000 651.000000 0.000000 166.000000
306008 6.422704 6.422704 3850.000000 3850.000000 4017.000000 2188.000000 905.000000 91.000000 666.000000 0.000000 167.000000
307008 6.026137 6.026137 3961.000000 3961.000000 4132.000000 2274.000000 929.000000 78.000000 680.000000 0.000000 171.000000
308008 5.683419 5.683419 4086.000000 4086.000000 4258.000000 2396.000000 966.000000 70.000000 654.000000 0.000000 172.000000
309008 5.686230 5.686230 4201.000000 4201.000000 4379.000000 2506.000000 954.000000 71.000000 670.000000 0.000000 178.000000
310008 5.751432 5.751432 4361.000000 4361.000000 4538.000000 2682.000000 954.000000 84.000000 641.000000 0.000000 177.000000
311008 6.503542 6.503542 4477.000000 4477.000000 4659.000000 2729.000000 994.000000 121.000000 633.000000 0.000000 182.000000
312008 5.804694 5.804694 4588.000000 4588.000000 4772.000000 2791.000000 1074.000000 93.000000 630.000000 0.000000 184.000000
313008 5.587393 5.587393 4700.000000 4700.000000 4886.000000 2859.000000 1135.000000 87.000000 619.000000 0.000000 186.000000
314008 6.061815 6.061815 4827.000000 4827.000000 5015.000000 2914.000000 1162.000000 116.000000 635.000000 0.000000 188.000000
315008 6.318040 6.318040 4944.000000 4944.000000 5144.000000 2972.000000 1206.000000 125.000000 641.000000 0.000000 200.000000
316008 6.393911 6.393911 5041.000000 5041.000000 5255.000000 2997.000000 1271.000000 122.000000 651.000000 0.000000 214.000000
317008 6.209333 6.209333 5160.000000 5160.000000 5379.000000 3043.000000 1327.000000 115.000000 675.000000 0.000000 219.000000
318008 6.459854 6.459854 5258.000000 5258.000000 5480.000000 3021.000000 1386.000000 132.000000 719.000000 0.000000 222.000000
319008 6.212283 6.212283 5412.000000 5412.000000 5634.000000 3118.000000 1434.000000 128.000000 732.000000 0.000000 222.000000
320008 6.498697 6.498697 5524.000000 5524.000000 5755.000000 3115.000000 1486.000000 143.000000 780.000000 0.000000 231.000000
249859 2.584270 2.584270 890.000000 890.000000 890.000000 434.000000 287.000000 23.000000 146.000000 0.000000 0.000000
250859 2.625821 2.625821 913.000000 913.000000 914.000000 458.000000 274.000000 23.000000 158.000000 0.000000 1.000000
251859 3.188098 3.188098 935.000000 935.000000 941.000000 478.000000 268.000000 24.000000 165.000000 0.000000 6.000000
252859 2.068252 2.068252 959.000000 959.000000 967.000000 500.000000 266.000000 12.000000 181.000000 0.000000 8.000000
253859 2.780536 2.780536 997.000000 997.000000 1007.000000 551.000000 248.000000 18.000000 180.000000 0.000000 10.000000
254859 2.799228 2.799228 1025.000000 1025.000000 1036.000000 579.000000 234.000000 18.000000 194.000000 0.000000 11.000000
255859 2.976744 2.976744 1063.000000 1063.000000 1075.000000 623.000000 230.000000 20.000000 190.000000 0.000000 12.000000
256859 2.795311 2.795311 1095.000000 1095.000000 1109.000000 660.000000 229.000000 17.000000 189.000000 0.000000 14.000000
257859 3.580786 3.580786 1127.000000 1127.000000 1145.000000 695.000000 210.000000 23.000000 199.000000 0.000000 18.000000
258859 3.791070 3.791070 1168.000000 1168.000000 1187.000000 737.000000 221.000000 26.000000 184.000000 0.000000 19.000000
259859 3.257329 3.257329 1206.000000 1206.000000 1228.000000 779.000000 242.000000 18.000000 167.000000 0.000000 22.000000
260859 3.246239 3.246239 1236.000000 1236.000000 1263.000000 820.000000 233.000000 14.000000 169.000000 0.000000 27.000000
261859 4.447853 4.447853 1277.000000 1277.000000 1304.000000 858.000000 229.000000 31.000000 159.000000 0.000000 27.000000
262859 4.705004 4.705004 1304.000000 1304.000000 1339.000000 872.000000 254.000000 28.000000 150.000000 0.000000 35.000000
263859 5.620438 5.620438 1332.000000 1332.000000 1370.000000 871.000000 270.000000 39.000000 152.000000 0.000000 38.000000
264859 5.575411 5.575411 1354.000000 1354.000000 1399.000000 871.000000 302.000000 33.000000 148.000000 0.000000 45.000000
265859 6.062718 6.062718 1385.000000 1385.000000 1435.000000 870.000000 336.000000 37.000000 142.000000 0.000000 50.000000
266859 5.998637 5.998637 1413.000000 1413.000000 1467.000000 884.000000 345.000000 34.000000 150.000000 0.000000 54.000000
267859 6.363027 6.363027 1436.000000 1436.000000 1493.000000 869.000000 364.000000 38.000000 165.000000 0.000000 57.000000
268859 6.544503 6.544503 1470.000000 1470.000000 1528.000000 868.000000 396.000000 42.000000 164.000000 0.000000 58.000000
269859 7.092199 7.092199 1492.000000 1492.000000 1551.000000 826.000000 433.000000 51.000000 182.000000 0.000000 59.000000
270859 5.975842 5.975842 1511.000000 1511.000000 1573.000000 799.000000 474.000000 32.000000 206.000000 0.000000 62.000000
271859 6.559406 6.559406 1553.000000 1553.000000 1616.000000 797.000000 496.000000 43.000000 217.000000 0.000000 63.000000
272859 6.578153 6.578153 1589.000000 1589.000000 1657.000000 811.000000 503.000000 41.000000 234.000000 0.000000 68.000000
273859 6.205674 6.205674 1623.000000 1623.000000 1692.000000 821.000000 512.000000 36.000000 254.000000 0.000000 69.000000
274859 6.160046 6.160046 1664.000000 1664.000000 1737.000000 846.000000 520.000000 34.000000 264.000000 0.000000 73.000000
275859 6.873239 6.873239 1696.000000 1696.000000 1775.000000 855.000000 499.000000 43.000000 299.000000 0.000000 79.000000
276859 6.389951 6.389951 1746.000000 1746.000000 1831.000000 912.000000 493.000000 32.000000 309.000000 0.000000 85.000000
277859 6.744557 6.744557 1794.000000 1794.000000 1883.000000 945.000000 487.000000 38.000000 324.000000 0.000000 89.000000
278859 6.001035 6.001035 1840.000000 1840.000000 1933.000000 994.000000 471.000000 23.000000 352.000000 0.000000 93.000000
279859 5.852926 5.852926 1907.000000 1907.000000 1999.000000 1085.000000 444.000000 25.000000 353.000000 0.000000 92.000000
280859 6.482825 6.482825 1976.000000 1976.000000 2067.000000 1148.000000 434.000000 43.000000 351.000000 0.000000 91.000000
281859 5.534709 5.534709 2039.000000 2039.000000 2132.000000 1236.000000 426.000000 25.000000 352.000000 0.000000 93.000000
282859 6.027397 6.027397 2095.000000 2095.000000 2190.000000 1288.000000 424.000000 37.000000 346.000000 0.000000 95.000000
283859 5.985915 5.985915 2172.000000 2172.000000 2272.000000 1386.000000 427.000000 36.000000 323.000000 0.000000 100.000000
284859 5.982906 5.982906 2242.000000 2242.000000 2340.000000 1458.000000 431.000000 42.000000 311.000000 0.000000 98.000000
285859 6.205748 6.205748 2306.000000 2306.000000 2401.000000 1503.000000 443.000000 54.000000 306.000000 0.000000 95.000000
286859 5.808286 5.808286 2366.000000 2366.000000 2462.000000 1536.000000 487.000000 47.000000 296.000000 0.000000 96.000000
287859 5.788423 5.788423 2414.000000 2414.000000 2505.000000 1538.000000 510.000000 54.000000 312.000000 0.000000 91.000000
288859 5.845674 5.845674 2470.000000 2470.000000 2566.000000 1573.000000 545.000000 54.000000 298.000000 0.000000 96.000000
289859 6.300115 6.300115 2519.000000 2519.000000 2619.000000 1562.000000 589.000000 65.000000 303.000000 0.000000 100.000000
290859 5.979073 5.979073 2571.000000 2571.000000 2676.000000 1580.000000 636.000000 55.000000 300.000000 0.000000 105.000000
291859 6.841339 6.841339 2638.000000 2638.000000 2748.000000 1592.000000 680.000000 78.000000 288.000000 0.000000 110.000000
292859 6.875668 6.875668 2691.000000 2691.000000 2807.000000 1567.000000 742.000000 77.000000 305.000000 0.000000 116.000000
293859 6.573427 6.573427 2741.000000 2741.000000 2860.000000 1552.000000 793.000000 69.000000 327.000000 0.000000 119.000000
294859 6.503785 6.503785 2789.000000 2789.000000 2906.000000 1518.000000 837.000000 72.000000 362.000000 0.000000 117.000000
295859 6.844235 6.844235 2845.000000 2845.000000 2966.000000 1500.000000 856.000000 82.000000 407.000000 0.000000 121.000000
296859 6.414474 6.414474 2918.000000 2918.000000 3040.000000 1532.000000 884.000000 73.000000 429.000000 0.000000 122.000000
297859 6.372707 6.372707 2985.000000 2985.000000 3107.000000 1546.000000 912.000000 76.000000 451.000000 0.000000 122.000000
298859 6.056782 6.056782 3042.000000 3042.000000 3170.000000 1555.000000 932.000000 64.000000 491.000000 0.000000 128.000000
299859 6.142506 6.142506 3127.000000 3127.000000 3256.000000 1609.000000 927.000000 71.000000 520.000000 0.000000 129.000000
300859 6.140089 6.140089 3225.000000 3225.000000 3355.000000 1700.000000 908.000000 76.000000 541.000000 0.000000 130.000000
301859 5.526469 5.526469 3309.000000 3309.000000 3438.000000 1778.000000 897.000000 61.000000 573.000000 0.000000 129.000000
302859 5.662514 5.662514 3402.000000 3402.000000 3532.000000 1833.000000 889.000000 70.000000 610.000000 0.000000 130.000000
303859 5.549451 5.549451 3503.000000 3503.000000 3640.000000 1933.000000 884.000000 65.000000 621.000000 0.000000 137.000000
304859 5.607228 5.607228 3628.000000 3628.000000 3763.000000 2057.000000 885.000000 76.000000 610.000000 0.000000 135.000000
305859 5.236007 5.236007 3738.000000 3738.000000 3877.000000 2164.000000 883.000000 64.000000 627.000000 0.000000 139.000000
306859 5.260521 5.260521 3856.000000 3856.000000 3992.000000 2285.000000 872.000000 74.000000 625.000000 0.000000 136.000000
307859 4.906485 4.906485 3982.000000 3982.000000 4117.000000 2408.000000 886.000000 67.000000 621.000000 0.000000 135.000000
308859 5.121548 5.121548 4098.000000 4098.000000 4237.000000 2516.000000 910.000000 78.000000 594.000000 0.000000 139.000000
309859 4.782810 4.782810 4190.000000 4190.000000 4328.000000 2555.000000 949.000000 69.000000 617.000000 0.000000 138.000000
310859 4.928315 4.928315 4328.000000 4328.000000 4464.000000 2687.000000 958.000000 84.000000 599.000000 0.000000 136.000000
311859 5.061082 5.061082 4446.000000 4446.000000 4584.000000 2749.000000 1006.000000 94.000000 597.000000 0.000000 138.000000
312859 5.393306 5.393306 4553.000000 4553.000000 4691.000000 2770.000000 1052.000000 115.000000 616.000000 0.000000 138.000000
313859 4.803493 4.803493 4664.000000 4664.000000 4809.000000 2838.000000 1123.000000 86.000000 617.000000 0.000000 145.000000
314859 4.993885 4.993885 4759.000000 4759.000000 4906.000000 2849.000000 1177.000000 98.000000 635.000000 0.000000 147.000000
315859 5.691542 5.691542 4876.000000 4876.000000 5025.000000 2842.000000 1252.000000 137.000000 645.000000 0.000000 149.000000
316859 5.174419 5.174419 4999.000000 4999.000000 5160.000000 2903.000000 1337.000000 106.000000 653.000000 0.000000 161.000000
317859 5.365946 5.365946 5108.000000 5108.000000 5274.000000 2908.000000 1400.000000 117.000000 683.000000 0.000000 166.000000
318859 5.555556 5.555556 5230.000000 5230.000000 5400.000000 2932.000000 1454.000000 130.000000 714.000000 0.000000 170.000000
319859 5.624887 5.624887 5349.000000 5349.000000 5529.000000 2967.000000 1518.000000 131.000000 733.000000 0.000000 180.000000
320859 5.499558 5.499558 5469.000000 5469.000000 5655.000000 2981.000000 1587.000000 125.000000 776.000000 0.000000 186.000000
321859 5.586207 5.586207 5608.000000 5608.000000 5800.000000 3039.000000 1612.000000 132.000000 825.000000 0.000000 192.000000
249677 2.720348 2.720348 919.000000 919.000000 919.000000 499.000000 275.000000 25.000000 120.000000 0.000000 0.000000
250677 2.114165 2.114165 944.000000 944.000000 946.000000 517.000000 290.000000 18.000000 119.000000 0.000000 2.000000
251677 2.057613 2.057613 967.000000 967.000000 972.000000 527.000000 299.000000 15.000000 126.000000 0.000000 5.000000
252677 2.421796 2.421796 984.000000 984.000000 991.000000 530.000000 305.000000 17.000000 132.000000 0.000000 7.000000
253677 3.438114 3.438114 1010.000000 1010.000000 1018.000000 542.000000 297.000000 27.000000 144.000000 0.000000 8.000000
254677 2.694899 2.694899 1026.000000 1026.000000 1039.000000 554.000000 290.000000 15.000000 167.000000 0.000000 13.000000
255677 3.724395 3.724395 1056.000000 1056.000000 1074.000000 590.000000 264.000000 22.000000 180.000000 0.000000 18.000000
256677 3.170290 3.170290 1085.000000 1085.000000 1104.000000 618.000000 260.000000 16.000000 191.000000 0.000000 19.000000
257677 3.436123 3.436123 1115.000000 1115.000000 1135.000000 647.000000 246.000000 19.000000 203.000000 0.000000 20.000000
258677 3.574468 3.574468 1154.000000 1154.000000 1175.000000 688.000000 246.000000 21.000000 199.000000 0.000000 21.000000
259677 3.550784 3.550784 1190.000000 1190.000000 1211.000000 712.000000 260.000000 22.000000 196.000000 0.000000 21.000000
260677 4.063745 4.063745 1229.000000 1229.000000 1255.000000 747.000000 266.000000 25.000000 191.000000 0.000000 26.000000
261677 4.422033 4.422033 1260.000000 1260.000000 1289.000000 766.000000 275.000000 28.000000 191.000000 0.000000 29.000000
262677 4.583020 4.583020 1301.000000 1301.000000 1331.000000 797.000000 292.000000 31.000000 181.000000 0.000000 30.000000
263677 4.014599 4.014599 1339.000000 1339.000000 1370.000000 831.000000 314.000000 24.000000 170.000000 0.000000 31.000000
264677 4.480797 4.480797 1373.000000 1373.000000 1406.000000 850.000000 329.000000 30.000000 164.000000 0.000000 33.000000
265677 4.526462 4.526462 1398.000000 1398.000000 1436.000000 862.000000 338.000000 27.000000 171.000000 0.000000 38.000000
266677 5.006766 5.006766 1438.000000 1438.000000 1478.000000 885.000000 342.000000 34.000000 177.000000 0.000000 40.000000
267677 4.963600 4.963600 1469.000000 1469.000000 1511.000000 897.000000 354.000000 33.000000 185.000000 0.000000 42.000000
268677 5.825243 5.825243 1498.000000 1498.000000 1545.000000 892.000000 361.000000 43.000000 202.000000 0.000000 47.000000
269677 5.414013 5.414013 1522.000000 1522.000000 1570.000000 883.000000 376.000000 37.000000 226.000000 0.000000 48.000000
270677 5.842138 5.842138 1558.000000 1558.000000 1609.000000 886.000000 393.000000 43.000000 236.000000 0.000000 51.000000
271677 6.295400 6.295400 1597.000000 1597.000000 1652.000000 895.000000 418.000000 49.000000 235.000000 0.000000 55.000000
272677 5.741066 5.741066 1650.000000 1650.000000 1707.000000 917.000000 464.000000 41.000000 228.000000 0.000000 57.000000
273677 5.393001 5.393001 1681.000000 1681.000000 1743.000000 926.000000 476.000000 32.000000 247.000000 0.000000 62.000000
274677 5.166667 5.166667 1738.000000 1738.000000 1800.000000 982.000000 485.000000 31.000000 240.000000 0.000000 62.000000
275677 6.086957 6.086957 1773.000000 1773.000000 1840.000000 986.000000 485.000000 45.000000 257.000000 0.000000 67.000000
276677 5.567338 5.567338 1817.000000 1817.000000 1886.000000 1011.000000 508.000000 36.000000 262.000000 0.000000 69.000000
277677 5.541170 5.541170 1864.000000 1864.000000 1931.000000 1037.000000 507.000000 40.000000 280.000000 0.000000 67.000000
278677 5.128205 5.128205 1920.000000 1920.000000 1989.000000 1088.000000 510.000000 33.000000 289.000000 0.000000 69.000000
279677 5.113078 5.113078 1964.000000 1964.000000 2034.000000 1119.000000 495.000000 34.000000 316.000000 0.000000 70.000000
280677 4.973697 4.973697 2019.000000 2019.000000 2091.000000 1178.000000 481.000000 32.000000 328.000000 0.000000 72.000000
281677 5.079217 5.079217 2073.000000 2073.000000 2146.000000 1213.000000 493.000000 36.000000 331.000000 0.000000 73.000000
282677 5.224898 5.224898 2129.000000 2129.000000 2201.000000 1242.000000 516.000000 43.000000 328.000000 0.000000 72.000000
283677 5.151915 5.151915 2197.000000 2197.000000 2271.000000 1306.000000 518.000000 43.000000 330.000000 0.000000 74.000000
284677 5.126015 5.126015 2265.000000 2265.000000 2341.000000 1363.000000 526.000000 44.000000 332.000000 0.000000 76.000000
285677 5.195345 5.195345 2328.000000 2328.000000 2406.000000 1401.000000 541.000000 47.000000 339.000000 0.000000 78.000000
286677 4.808476 4.808476 2376.000000 2376.000000 2454.000000 1417.000000 569.000000 40.000000 350.000000 0.000000 78.000000
287677 5.087440 5.087440 2439.000000 2439.000000 2516.000000 1450.000000 577.000000 51.000000 361.000000 0.000000 77.000000
288677 5.723125 5.723125 2505.000000 2505.000000 2586.000000 1488.000000 600.000000 67.000000 350.000000 0.000000 81.000000
289677 5.831452 5.831452 2566.000000 2566.000000 2658.000000 1518.000000 637.000000 63.000000 348.000000 0.000000 92.000000
290677 5.854372 5.854372 2629.000000 2629.000000 2733.000000 1573.000000 646.000000 56.000000 354.000000 0.000000 104.000000
291677 6.006435 6.006435 2690.000000 2690.000000 2797.000000 1609.000000 663.000000 61.000000 357.000000 0.000000 107.000000
292677 6.126001 6.126001 2765.000000 2765.000000 2873.000000 1645.000000 690.000000 68.000000 362.000000 0.000000 108.000000
293677 5.998637 5.998637 2821.000000 2821.000000 2934.000000 1650.000000 724.000000 63.000000 384.000000 0.000000 113.000000
294677 6.308411 6.308411 2883.000000 2883.000000 2996.000000 1660.000000 740.000000 76.000000 407.000000 0.000000 113.000000
295677 5.445060 5.445060 2953.000000 2953.000000 3067.000000 1697.000000 774.000000 53.000000 429.000000 0.000000 114.000000
296677 6.379585 6.379585 3015.000000 3015.000000 3135.000000 1707.000000 766.000000 80.000000 462.000000 0.000000 120.000000
297677 5.790785 5.790785 3087.000000 3087.000000 3212.000000 1729.000000 827.000000 61.000000 470.000000 0.000000 125.000000
298677 6.096451 6.096451 3167.000000 3167.000000 3297.000000 1780.000000 839.000000 71.000000 477.000000 0.000000 130.000000
299677 6.104394 6.104394 3256.000000 3256.000000 3391.000000 1836.000000 858.000000 72.000000 490.000000 0.000000 135.000000
300677 6.586483 6.586483 3346.000000 3346.000000 3492.000000 1880.000000 890.000000 84.000000 492.000000 0.000000 146.000000
301677 6.146968 6.146968 3426.000000 3426.000000 3579.000000 1936.000000 914.000000 67.000000 509.000000 0.000000 153.000000
302677 6.775510 6.775510 3517.000000 3517.000000 3675.000000 1960.000000 940.000000 91.000000 526.000000 0.000000 158.000000
303677 6.152214 6.152214 3613.000000 3613.000000 3771.000000 2028.000000 959.000000 74.000000 552.000000 0.000000 158.000000
304677 5.967450 5.967450 3705.000000 3705.000000 3871.000000 2101.000000 979.000000 65.000000 560.000000 0.000000 166.000000
305677 5.904618 5.904618 3795.000000 3795.000000 3963.000000 2165.000000 977.000000 66.000000 587.000000 0.000000 168.000000
306677 5.984793 5.984793 3901.000000 3901.000000 4077.000000 2264.000000 972.000000 68.000000 597.000000 0.000000 176.000000
307677 6.615715 6.615715 4003.000000 4003.000000 4187.000000 2324.000000 978.000000 93.000000 608.000000 0.000000 184.000000
308677 6.270320 6.270320 4121.000000 4121.000000 4306.000000 2421.000000 978.000000 85.000000 637.000000 0.000000 185.000000
309677 6.609325 6.609325 4228.000000 4228.000000 4418.000000 2490.000000 985.000000 102.000000 651.000000 0.000000 190.000000
310677 6.671085 6.671085 4332.000000 4332.000000 4527.000000 2540.000000 1011.000000 107.000000 674.000000 0.000000 195.000000
311677 7.058571 7.058571 4463.000000 4463.000000 4661.000000 2614.000000 1047.000000 131.000000 671.000000 0.000000 198.000000
312677 6.627517 6.627517 4561.000000 4561.000000 4768.000000 2640.000000 1122.000000 109.000000 690.000000 0.000000 207.000000
313677 6.477898 6.477898 4699.000000 4699.000000 4909.000000 2727.000000 1213.000000 108.000000 651.000000 0.000000 210.000000
314677 6.219053 6.219053 4831.000000 4831.000000 5049.000000 2826.000000 1274.000000 96.000000 635.000000 0.000000 218.000000
315677 6.131528 6.131528 4946.000000 4946.000000 5170.000000 2897.000000 1294.000000 93.000000 662.000000 0.000000 224.000000
316677 6.351300 6.351300 5080.000000 5080.000000 5306.000000 2979.000000 1326.000000 111.000000 664.000000 0.000000 226.000000
317677 6.497331 6.497331 5207.000000 5207.000000 5433.000000 3038.000000 1366.000000 127.000000 676.000000 0.000000 226.000000
318677 6.266932 6.266932 5302.000000 5302.000000 5537.000000 3033.000000 1414.000000 112.000000 743.000000 0.000000 235.000000
319677 6.347242 6.347242 5411.000000 5411.000000 5656.000000 3071.000000 1425.000000 114.000000 801.000000 0.000000 245.000000
320677 6.443832 6.443832 5555.000000 5555.000000 5804.000000 3139.000000 1440.000000 125.000000 851.000000 0.000000 249.000000
321677 6.347063 6.347063 5672.000000 5672.000000 5924.000000 3149.000000 1480.000000 124.000000 919.000000 0.000000 252.000000
227303 1.950163 1.950163 923.000000 923.000000 923.000000 520.000000 232.000000 18.000000 153.000000 0.000000 0.000000
228303 2.615063 2.615063 954.000000 954.000000 956.000000 536.000000 250.000000 23.000000 145.000000 0.000000 2.000000
229303 2.313883 2.313883 989.000000 989.000000 994.000000 581.000000 253.000000 18.000000 137.000000 0.000000 5.000000
230303 2.318841 2.318841 1029.000000 1029.000000 1035.000000 624.000000 254.000000 18.000000 133.000000 0.000000 6.000000
231303 2.277040 2.277040 1047.000000 1047.000000 1054.000000 629.000000 257.000000 17.000000 144.000000 0.000000 7.000000
232303 1.935484 1.935484 1078.000000 1078.000000 1085.000000 669.000000 251.000000 14.000000 144.000000 0.000000 7.000000
233303 2.619693 2.619693 1096.000000 1096.000000 1107.000000 684.000000 245.000000 18.000000 149.000000 0.000000 11.000000
234303 2.107112 2.107112 1126.000000 1126.000000 1139.000000 709.000000 252.000000 11.000000 154.000000 0.000000 13.000000
235303 3.242321 3.242321 1159.000000 1159.000000 1172.000000 731.000000 249.000000 25.000000 154.000000 0.000000 13.000000
236303 3.150912 3.150912 1192.000000 1192.000000 1206.000000 749.000000 256.000000 24.000000 163.000000 0.000000 14.000000
237303 3.652597 3.652597 1217.000000 1217.000000 1232.000000 754.000000 263.000000 30.000000 170.000000 0.000000 15.000000
238303 5.309033 5.309033 1245.000000 1245.000000 1262.000000 742.000000 277.000000 50.000000 176.000000 0.000000 17.000000
239303 4.732351 4.732351 1267.000000 1267.000000 1289.000000 736.000000 317.000000 39.000000 175.000000 0.000000 22.000000
240303 5.116629 5.116629 1303.000000 1303.000000 1329.000000 739.000000 350.000000 42.000000 172.000000 0.000000 26.000000
241303 4.525547 4.525547 1338.000000 1338.000000 1370.000000 764.000000 377.000000 30.000000 167.000000 0.000000 32.000000
242303 4.363376 4.363376 1362.000000 1362.000000 1398.000000 767.000000 390.000000 25.000000 180.000000 0.000000 36.000000
243303 5.017422 5.017422 1395.000000 1395.000000 1435.000000 783.000000 400.000000 32.000000 180.000000 0.000000 40.000000
244303 4.914676 4.914676 1421.000000 1421.000000 1465.000000 792.000000 411.000000 28.000000 190.000000 0.000000 44.000000
245303 5.466667 5.466667 1450.000000 1450.000000 1500.000000 803.000000 404.000000 32.000000 211.000000 0.000000 50.000000
246303 5.878553 5.878553 1496.000000 1496.000000 1548.000000 833.000000 396.000000 39.000000 228.000000 0.000000 52.000000
247303 5.499368 5.499368 1523.000000 1523.000000 1582.000000 843.000000 400.000000 28.000000 252.000000 0.000000 59.000000
248303 5.606901 5.606901 1562.000000 1562.000000 1623.000000 863.000000 405.000000 30.000000 264.000000 0.000000 61.000000
249303 5.769231 5.769231 1601.000000 1601.000000 1664.000000 887.000000 397.000000 33.000000 284.000000 0.000000 63.000000
250303 5.422741 5.422741 1648.000000 1648.000000 1715.000000 932.000000 404.000000 26.000000 286.000000 0.000000 67.000000
251303 5.677347 5.677347 1710.000000 1710.000000 1779.000000 1000.000000 407.000000 32.000000 271.000000 0.000000 69.000000
252303 5.683060 5.683060 1759.000000 1759.000000 1830.000000 1040.000000 408.000000 33.000000 278.000000 0.000000 71.000000
253303 6.312997 6.312997 1812.000000 1812.000000 1885.000000 1081.000000 414.000000 46.000000 271.000000 0.000000 73.000000
254303 5.897569 5.897569 1855.000000 1855.000000 1933.000000 1113.000000 429.000000 36.000000 277.000000 0.000000 78.000000
255303 5.255255 5.255255 1918.000000 1918.000000 1998.000000 1194.000000 423.000000 25.000000 276.000000 0.000000 80.000000
256303 6.198145 6.198145 1967.000000 1967.000000 2049.000000 1209.000000 442.000000 45.000000 271.000000 0.000000 82.000000
257303 5.491882 5.491882 2009.000000 2009.000000 2094.000000 1249.000000 443.000000 30.000000 287.000000 0.000000 85.000000
258303 5.890538 5.890538 2072.000000 2072.000000 2156.000000 1289.000000 465.000000 43.000000 275.000000 0.000000 84.000000
259303 6.464738 6.464738 2122.000000 2122.000000 2212.000000 1308.000000 485.000000 53.000000 276.000000 0.000000 90.000000
260303 6.404594 6.404594 2170.000000 2170.000000 2264.000000 1320.000000 524.000000 51.000000 275.000000 0.000000 94.000000
261303 6.077586 6.077586 2224.000000 2224.000000 2320.000000 1347.000000 552.000000 45.000000 280.000000 0.000000 96.000000
262303 6.683480 6.683480 2278.000000 2278.000000 2379.000000 1353.000000 571.000000 58.000000 296.000000 0.000000 101.000000
263303 6.650145 6.650145 2314.000000 2314.000000 2421.000000 1338.000000 615.000000 54.000000 307.000000 0.000000 107.000000
264303 6.272764 6.272764 2359.000000 2359.000000 2471.000000 1359.000000 633.000000 43.000000 324.000000 0.000000 112.000000
265303 7.123071 7.123071 2413.000000 2413.000000 2527.000000 1358.000000 659.000000 66.000000 330.000000 0.000000 114.000000
266303 6.697638 6.697638 2475.000000 2475.000000 2583.000000 1373.000000 696.000000 65.000000 341.000000 0.000000 108.000000
267303 6.094808 6.094808 2547.000000 2547.000000 2658.000000 1435.000000 709.000000 51.000000 352.000000 0.000000 111.000000
268303 6.480118 6.480118 2602.000000 2602.000000 2716.000000 1431.000000 717.000000 62.000000 392.000000 0.000000 114.000000
269303 5.903528 5.903528 2663.000000 2663.000000 2778.000000 1451.000000 751.000000 49.000000 412.000000 0.000000 115.000000
270303 6.087262 6.087262 2724.000000 2724.000000 2842.000000 1476.000000 743.000000 55.000000 450.000000 0.000000 118.000000
271303 6.237149 6.237149 2793.000000 2793.000000 2918.000000 1522.000000 758.000000 57.000000 456.000000 0.000000 125.000000
272303 6.043406 6.043406 2869.000000 2869.000000 2995.000000 1569.000000 792.000000 55.000000 453.000000 0.000000 126.000000
273303 6.203554 6.203554 2963.000000 2963.000000 3095.000000 1674.000000 765.000000 60.000000 464.000000 0.000000 132.000000
274303 5.801192 5.801192 3057.000000 3057.000000 3189.000000 1771.000000 767.000000 53.000000 466.000000 0.000000 132.000000
275303 5.327618 5.327618 3137.000000 3137.000000 3266.000000 1832.000000 762.000000 45.000000 498.000000 0.000000 129.000000
276303 6.059701 6.059701 3216.000000 3216.000000 3350.000000 1869.000000 761.000000 69.000000 517.000000 0.000000 134.000000
277303 6.004080 6.004080 3293.000000 3293.000000 3431.000000 1916.000000 777.000000 68.000000 532.000000 0.000000 138.000000
278303 5.591825 5.591825 3385.000000 3385.000000 3523.000000 1995.000000 797.000000 59.000000 534.000000 0.000000 138.000000
279303 5.947137 5.947137 3488.000000 3488.000000 3632.000000 2089.000000 804.000000 72.000000 523.000000 0.000000 144.000000
280303 5.619174 5.619174 3607.000000 3607.000000 3755.000000 2195.000000 844.000000 63.000000 505.000000 0.000000 148.000000
281303 5.949597 5.949597 3699.000000 3699.000000 3849.000000 2227.000000 884.000000 79.000000 509.000000 0.000000 150.000000
282303 5.661335 5.661335 3783.000000 3783.000000 3939.000000 2281.000000 909.000000 67.000000 526.000000 0.000000 156.000000
283303 6.169475 6.169475 3879.000000 3879.000000 4036.000000 2330.000000 918.000000 92.000000 539.000000 0.000000 157.000000
284303 6.358801 6.358801 3972.000000 3972.000000 4136.000000 2355.000000 972.000000 99.000000 546.000000 0.000000 164.000000
285303 6.082037 6.082037 4070.000000 4070.000000 4242.000000 2396.000000 1046.000000 86.000000 542.000000 0.000000 172.000000
286303 6.005522 6.005522 4176.000000 4176.000000 4346.000000 2446.000000 1091.000000 91.000000 548.000000 0.000000 170.000000
287303 6.102229 6.102229 4266.000000 4266.000000 4441.000000 2473.000000 1134.000000 96.000000 563.000000 0.000000 175.000000
288303 6.454446 6.454446 4369.000000 4369.000000 4555.000000 2517.000000 1152.000000 108.000000 592.000000 0.000000 186.000000
289303 6.271478 6.271478 4472.000000 4472.000000 4656.000000 2537.000000 1206.000000 108.000000 621.000000 0.000000 184.000000
290303 6.221101 6.221101 4576.000000 4576.000000 4758.000000 2544.000000 1278.000000 114.000000 640.000000 0.000000 182.000000
291303 6.585966 6.585966 4676.000000 4676.000000 4874.000000 2567.000000 1300.000000 123.000000 686.000000 0.000000 198.000000
292303 6.231216 6.231216 4787.000000 4787.000000 4991.000000 2630.000000 1311.000000 107.000000 739.000000 0.000000 204.000000
293303 5.975395 5.975395 4918.000000 4918.000000 5121.000000 2699.000000 1352.000000 103.000000 764.000000 0.000000 203.000000
294303 6.022489 6.022489 5037.000000 5037.000000 5247.000000 2751.000000 1374.000000 106.000000 806.000000 0.000000 210.000000
295303 6.315007 6.315007 5167.000000 5167.000000 5384.000000 2810.000000 1403.000000 123.000000 831.000000 0.000000 217.000000
296303 6.071558 6.071558 5308.000000 5308.000000 5534.000000 2912.000000 1436.000000 110.000000 850.000000 0.000000 226.000000
297303 6.250000 6.250000 5479.000000 5479.000000 5712.000000 3056.000000 1452.000000 124.000000 847.000000 0.000000 233.000000
298303 5.917462 5.917462 5623.000000 5623.000000 5864.000000 3179.000000 1439.000000 106.000000 899.000000 0.000000 241.000000
299303 5.890161 5.890161 5788.000000 5788.000000 6027.000000 3334.000000 1426.000000 116.000000 912.000000 0.000000 239.000000
258729 1.735358 1.735358 922.000000 922.000000 922.000000 512.000000 255.000000 16.000000 139.000000 0.000000 0.000000
259729 2.436441 2.436441 940.000000 940.000000 944.000000 519.000000 264.000000 19.000000 138.000000 0.000000 4.000000
260729 2.487047 2.487047 959.000000 959.000000 965.000000 518.000000 278.000000 18.000000 145.000000 0.000000 6.000000
261729 2.515091 2.515091 983.000000 983.000000 994.000000 536.000000 280.000000 14.000000 153.000000 0.000000 11.000000
262729 3.238469 3.238469 1006.000000 1006.000000 1019.000000 543.000000 279.000000 20.000000 164.000000 0.000000 13.000000
263729 2.835539 2.835539 1041.000000 1041.000000 1058.000000 593.000000 273.000000 13.000000 162.000000 0.000000 17.000000
264729 4.151292 4.151292 1066.000000 1066.000000 1084.000000 601.000000 261.000000 27.000000 177.000000 0.000000 18.000000
265729 3.790614 3.790614 1086.000000 1086.000000 1108.000000 614.000000 259.000000 20.000000 193.000000 0.000000 22.000000
266729 3.742385 3.742385 1126.000000 1126.000000 1149.000000 658.000000 265.000000 20.000000 183.000000 0.000000 23.000000
267729 4.303797 4.303797 1161.000000 1161.000000 1185.000000 689.000000 266.000000 27.000000 179.000000 0.000000 24.000000
268729 3.591837 3.591837 1198.000000 1198.000000 1225.000000 735.000000 262.000000 17.000000 184.000000 0.000000 27.000000
269729 3.885805 3.885805 1233.000000 1233.000000 1261.000000 763.000000 269.000000 21.000000 180.000000 0.000000 28.000000
270729 4.853621 4.853621 1267.000000 1267.000000 1298.000000 778.000000 277.000000 32.000000 180.000000 0.000000 31.000000
271729 3.912716 3.912716 1295.000000 1295.000000 1329.000000 805.000000 288.000000 18.000000 184.000000 0.000000 34.000000
272729 3.806735 3.806735 1329.000000 1329.000000 1366.000000 840.000000 296.000000 15.000000 178.000000 0.000000 37.000000
273729 5.206847 5.206847 1363.000000 1363.000000 1402.000000 855.000000 288.000000 34.000000 186.000000 0.000000 39.000000
274729 5.255878 5.255878 1405.000000 1405.000000 1446.000000 874.000000 324.000000 35.000000 172.000000 0.000000 41.000000
275729 5.810811 5.810811 1435.000000 1435.000000 1480.000000 874.000000 347.000000 41.000000 173.000000 0.000000 45.000000
276729 5.897946 5.897946 1459.000000 1459.000000 1509.000000 858.000000 371.000000 39.000000 191.000000 0.000000 50.000000
277729 5.440415 5.440415 1491.000000 1491.000000 1544.000000 864.000000 400.000000 31.000000 196.000000 0.000000 53.000000
278729 5.811750 5.811750 1524.000000 1524.000000 1583.000000 875.000000 412.000000 33.000000 204.000000 0.000000 59.000000
279729 6.407887 6.407887 1564.000000 1564.000000 1623.000000 885.000000 432.000000 45.000000 202.000000 0.000000 59.000000
280729 5.996366 5.996366 1590.000000 1590.000000 1651.000000 871.000000 471.000000 38.000000 210.000000 0.000000 61.000000
281729 5.689150 5.689150 1641.000000 1641.000000 1705.000000 915.000000 485.000000 33.000000 208.000000 0.000000 64.000000
282729 6.397695 6.397695 1668.000000 1668.000000 1735.000000 907.000000 475.000000 44.000000 242.000000 0.000000 67.000000
283729 6.172840 6.172840 1713.000000 1713.000000 1782.000000 928.000000 486.000000 41.000000 258.000000 0.000000 69.000000
284729 5.856354 5.856354 1738.000000 1738.000000 1810.000000 919.000000 471.000000 34.000000 314.000000 0.000000 72.000000
285729 5.860215 5.860215 1788.000000 1788.000000 1860.000000 955.000000 481.000000 37.000000 315.000000 0.000000 72.000000
286729 5.642633 5.642633 1838.000000 1838.000000 1914.000000 1003.000000 479.000000 32.000000 324.000000 0.000000 76.000000
287729 5.682395 5.682395 1892.000000 1892.000000 1971.000000 1055.000000 487.000000 33.000000 317.000000 0.000000 79.000000
288729 5.377405 5.377405 1948.000000 1948.000000 2027.000000 1118.000000 474.000000 30.000000 326.000000 0.000000 79.000000
289729 5.568777 5.568777 2022.000000 2022.000000 2101.000000 1188.000000 480.000000 38.000000 316.000000 0.000000 79.000000
290729 5.468750 5.468750 2098.000000 2098.000000 2176.000000 1264.000000 483.000000 41.000000 310.000000 0.000000 78.000000
291729 5.478222 5.478222 2146.000000 2146.000000 2227.000000 1284.000000 492.000000 41.000000 329.000000 0.000000 81.000000
292729 5.496922 5.496922 2187.000000 2187.000000 2274.000000 1313.000000 491.000000 38.000000 345.000000 0.000000 87.000000
293729 5.529361 5.529361 2245.000000 2245.000000 2333.000000 1359.000000 508.000000 41.000000 337.000000 0.000000 88.000000
294729 5.446985 5.446985 2315.000000 2315.000000 2405.000000 1436.000000 517.000000 41.000000 321.000000 0.000000 90.000000
295729 6.209677 6.209677 2383.000000 2383.000000 2480.000000 1483.000000 542.000000 57.000000 301.000000 0.000000 97.000000
296729 5.708661 5.708661 2441.000000 2441.000000 2540.000000 1520.000000 556.000000 46.000000 319.000000 0.000000 99.000000
297729 6.074587 6.074587 2502.000000 2502.000000 2601.000000 1546.000000 585.000000 59.000000 312.000000 0.000000 99.000000
298729 6.070890 6.070890 2551.000000 2551.000000 2652.000000 1533.000000 613.000000 60.000000 345.000000 0.000000 101.000000
299729 6.325855 6.325855 2614.000000 2614.000000 2719.000000 1550.000000 650.000000 67.000000 347.000000 0.000000 105.000000
300729 6.633021 6.633021 2661.000000 2661.000000 2774.000000 1532.000000 706.000000 71.000000 352.000000 0.000000 113.000000
301729 6.598447 6.598447 2716.000000 2716.000000 2834.000000 1532.000000 742.000000 69.000000 373.000000 0.000000 118.000000
302729 6.254296 6.254296 2781.000000 2781.000000 2910.000000 1578.000000 781.000000 53.000000 369.000000 0.000000 129.000000
303729 6.514439 6.514439 2840.000000 2840.000000 2978.000000 1606.000000 778.000000 56.000000 400.000000 0.000000 138.000000
304729 7.065396 7.065396 2901.000000 2901.000000 3043.000000 1614.000000 801.000000 73.000000 413.000000 0.000000 142.000000
305729 7.312380 7.312380 2967.000000 2967.000000 3118.000000 1643.000000 821.000000 77.000000 426.000000 0.000000 151.000000
306729 6.938776 6.938776 3026.000000 3026.000000 3185.000000 1668.000000 823.000000 62.000000 473.000000 0.000000 159.000000
307729 7.626340 7.626340 3100.000000 3100.000000 3265.000000 1690.000000 830.000000 84.000000 496.000000 0.000000 165.000000
308729 6.958073 6.958073 3196.000000 3196.000000 3363.000000 1778.000000 827.000000 67.000000 524.000000 0.000000 167.000000
309729 7.591623 7.591623 3266.000000 3266.000000 3438.000000 1802.000000 838.000000 89.000000 537.000000 0.000000 172.000000
310729 6.642171 6.642171 3360.000000 3360.000000 3538.000000 1905.000000 860.000000 57.000000 538.000000 0.000000 178.000000
311729 6.904110 6.904110 3471.000000 3471.000000 3650.000000 2004.000000 841.000000 73.000000 553.000000 0.000000 179.000000
312729 6.433529 6.433529 3565.000000 3565.000000 3746.000000 2082.000000 875.000000 60.000000 548.000000 0.000000 181.000000
313729 6.626974 6.626974 3678.000000 3678.000000 3863.000000 2197.000000 881.000000 71.000000 529.000000 0.000000 185.000000
314729 6.725664 6.725664 3767.000000 3767.000000 3955.000000 2237.000000 898.000000 78.000000 554.000000 0.000000 188.000000
315729 6.710914 6.710914 3875.000000 3875.000000 4068.000000 2314.000000 920.000000 80.000000 561.000000 0.000000 193.000000
316729 6.407487 6.407487 3972.000000 3972.000000 4167.000000 2381.000000 942.000000 72.000000 577.000000 0.000000 195.000000
317729 6.945744 6.945744 4075.000000 4075.000000 4276.000000 2440.000000 964.000000 96.000000 575.000000 0.000000 201.000000
318729 6.762623 6.762623 4171.000000 4171.000000 4377.000000 2488.000000 1011.000000 90.000000 582.000000 0.000000 206.000000
319729 6.822742 6.822742 4273.000000 4273.000000 4485.000000 2538.000000 1036.000000 94.000000 605.000000 0.000000 212.000000
320729 6.908538 6.908538 4381.000000 4381.000000 4603.000000 2592.000000 1096.000000 96.000000 597.000000 0.000000 222.000000
321729 6.970339 6.970339 4496.000000 4496.000000 4720.000000 2630.000000 1154.000000 105.000000 607.000000 0.000000 224.000000
322729 7.051016 7.051016 4594.000000 4594.000000 4822.000000 2636.000000 1198.000000 112.000000 648.000000 0.000000 228.000000
323729 7.141408 7.141408 4687.000000 4687.000000 4929.000000 2654.000000 1243.000000 110.000000 680.000000 0.000000 242.000000
324729 7.076497 7.076497 4811.000000 4811.000000 5059.000000 2701.000000 1326.000000 110.000000 674.000000 0.000000 248.000000
325729 6.808511 6.808511 4930.000000 4930.000000 5170.000000 2744.000000 1375.000000 112.000000 699.000000 0.000000 240.000000
326729 6.476586 6.476586 5056.000000 5056.000000 5296.000000 2794.000000 1425.000000 103.000000 734.000000 0.000000 240.000000
327729 6.180812 6.180812 5185.000000 5185.000000 5420.000000 2871.000000 1452.000000 100.000000 762.000000 0.000000 235.000000
328729 6.271400 6.271400 5317.000000 5317.000000 5549.000000 2961.000000 1449.000000 116.000000 791.000000 0.000000 232.000000
329729 6.440260 6.440260 5438.000000 5438.000000 5683.000000 3023.000000 1439.000000 121.000000 855.000000 0.000000 245.000000
330729 6.586414 6.586414 5575.000000 5575.000000 5815.000000 3067.000000 1479.000000 143.000000 886.000000 0.000000 240.000000
254208 2.580645 2.580645 930.000000 930.000000 930.000000 512.000000 237.000000 24.000000 157.000000 0.000000 0.000000
255208 2.079002 2.079002 959.000000 959.000000 962.000000 542.000000 255.000000 17.000000 145.000000 0.000000 3.000000
256208 2.424242 2.424242 985.000000 985.000000 990.000000 566.000000 248.000000 19.000000 152.000000 0.000000 5.000000
257208 2.235180 2.235180 1021.000000 1021.000000 1029.000000 613.000000 236.000000 15.000000 157.000000 0.000000 8.000000
258208 2.646503 2.646503 1047.000000 1047.000000 1058.000000 632.000000 229.000000 17.000000 169.000000 0.000000 11.000000
259208 3.237743 3.237743 1067.000000 1067.000000 1081.000000 638.000000 230.000000 21.000000 178.000000 0.000000 14.000000
260208 2.869955 2.869955 1099.000000 1099.000000 1115.000000 674.000000 231.000000 16.000000 178.000000 0.000000 16.000000
261208 3.745645 3.745645 1130.000000 1130.000000 1148.000000 693.000000 244.000000 25.000000 168.000000 0.000000 18.000000
262208 3.803888 3.803888 1159.000000 1159.000000 1183.000000 721.000000 248.000000 21.000000 169.000000 0.000000 24.000000
263208 4.497138 4.497138 1196.000000 1196.000000 1223.000000 759.000000 252.000000 28.000000 157.000000 0.000000 27.000000
264208 4.901186 4.901186 1234.000000 1234.000000 1265.000000 787.000000 274.000000 31.000000 142.000000 0.000000 31.000000
265208 4.559505 4.559505 1260.000000 1260.000000 1294.000000 791.000000 293.000000 25.000000 151.000000 0.000000 34.000000
266208 4.150943 4.150943 1286.000000 1286.000000 1325.000000 812.000000 308.000000 16.000000 150.000000 0.000000 39.000000
267208 5.686854 5.686854 1312.000000 1312.000000 1354.000000 810.000000 311.000000 35.000000 156.000000 0.000000 42.000000
268208 6.425993 6.425993 1337.000000 1337.000000 1385.000000 799.000000 337.000000 41.000000 160.000000 0.000000 48.000000
269208 5.740609 5.740609 1360.000000 1360.000000 1411.000000 794.000000 363.000000 30.000000 173.000000 0.000000 51.000000
270208 5.605536 5.605536 1392.000000 1392.000000 1445.000000 799.000000 386.000000 28.000000 179.000000 0.000000 53.000000
271208 6.109980 6.109980 1419.000000 1419.000000 1473.000000 791.000000 397.000000 36.000000 195.000000 0.000000 54.000000
272208 5.493051 5.493051 1452.000000 1452.000000 1511.000000 811.000000 411.000000 24.000000 206.000000 0.000000 59.000000
273208 6.403622 6.403622 1483.000000 1483.000000 1546.000000 814.000000 405.000000 36.000000 228.000000 0.000000 63.000000
274208 6.994329 6.994329 1517.000000 1517.000000 1587.000000 820.000000 425.000000 41.000000 231.000000 0.000000 70.000000
275208 6.760910 6.760910 1554.000000 1554.000000 1627.000000 822.000000 463.000000 37.000000 232.000000 0.000000 73.000000
276208 6.822262 6.822262 1593.000000 1593.000000 1671.000000 849.000000 452.000000 36.000000 256.000000 0.000000 78.000000
277208 6.406523 6.406523 1638.000000 1638.000000 1717.000000 890.000000 452.000000 31.000000 265.000000 0.000000 79.000000
278208 6.843891 6.843891 1685.000000 1685.000000 1768.000000 931.000000 430.000000 38.000000 286.000000 0.000000 83.000000
279208 6.387665 6.387665 1732.000000 1732.000000 1816.000000 971.000000 443.000000 32.000000 286.000000 0.000000 84.000000
280208 5.803332 5.803332 1776.000000 1776.000000 1861.000000 1012.000000 448.000000 23.000000 293.000000 0.000000 85.000000
281208 6.207616 6.207616 1829.000000 1829.000000 1917.000000 1063.000000 442.000000 31.000000 293.000000 0.000000 88.000000
282208 6.060606 6.060606 1894.000000 1894.000000 1980.000000 1133.000000 432.000000 34.000000 295.000000 0.000000 86.000000
283208 6.320431 6.320431 1950.000000 1950.000000 2041.000000 1193.000000 425.000000 38.000000 294.000000 0.000000 91.000000
284208 6.258958 6.258958 2002.000000 2002.000000 2093.000000 1231.000000 433.000000 40.000000 298.000000 0.000000 91.000000
285208 6.308411 6.308411 2050.000000 2050.000000 2140.000000 1257.000000 436.000000 45.000000 312.000000 0.000000 90.000000
286208 6.508876 6.508876 2105.000000 2105.000000 2197.000000 1292.000000 452.000000 51.000000 310.000000 0.000000 92.000000
287208 5.775211 5.775211 2163.000000 2163.000000 2251.000000 1330.000000 483.000000 42.000000 308.000000 0.000000 88.000000
288208 6.050130 6.050130 2227.000000 2227.000000 2314.000000 1373.000000 507.000000 53.000000 294.000000 0.000000 87.000000
289208 5.508831 5.508831 2288.000000 2288.000000 2378.000000 1413.000000 553.000000 41.000000 281.000000 0.000000 90.000000
290208 5.505341 5.505341 2346.000000 2346.000000 2434.000000 1445.000000 574.000000 46.000000 281.000000 0.000000 88.000000
291208 5.875252 5.875252 2396.000000 2396.000000 2485.000000 1445.000000 597.000000 57.000000 297.000000 0.000000 89.000000
292208 5.651491 5.651491 2459.000000 2459.000000 2548.000000 1465.000000 642.000000 55.000000 297.000000 0.000000 89.000000
293208 6.587057 6.587057 2503.000000 2503.000000 2596.000000 1432.000000 668.000000 78.000000 325.000000 0.000000 93.000000
294208 5.937973 5.937973 2547.000000 2547.000000 2644.000000 1421.000000 715.000000 60.000000 351.000000 0.000000 97.000000
295208 5.884530 5.884530 2601.000000 2601.000000 2702.000000 1440.000000 736.000000 58.000000 367.000000 0.000000 101.000000
296208 5.731795 5.731795 2664.000000 2664.000000 2774.000000 1499.000000 731.000000 49.000000 385.000000 0.000000 110.000000
297208 6.115993 6.115993 2734.000000 2734.000000 2845.000000 1530.000000 744.000000 63.000000 397.000000 0.000000 111.000000
298208 6.691833 6.691833 2796.000000 2796.000000 2914.000000 1537.000000 751.000000 77.000000 431.000000 0.000000 118.000000
299208 5.904059 5.904059 2862.000000 2862.000000 2981.000000 1576.000000 773.000000 57.000000 456.000000 0.000000 119.000000
300208 5.932481 5.932481 2929.000000 2929.000000 3051.000000 1598.000000 792.000000 59.000000 480.000000 0.000000 122.000000
301208 6.438313 6.438313 3024.000000 3024.000000 3153.000000 1687.000000 774.000000 74.000000 489.000000 0.000000 129.000000
302208 6.209453 6.209453 3103.000000 3103.000000 3237.000000 1742.000000 793.000000 67.000000 501.000000 0.000000 134.000000
303208 5.990367 5.990367 3182.000000 3182.000000 3322.000000 1823.000000 790.000000 59.000000 510.000000 0.000000 140.000000
304208 5.992400 5.992400 3276.000000 3276.000000 3421.000000 1911.000000 791.000000 60.000000 514.000000 0.000000 145.000000
305208 5.775249 5.775249 3369.000000 3369.000000 3515.000000 1997.000000 809.000000 57.000000 506.000000 0.000000 146.000000
306208 6.066482 6.066482 3466.000000 3466.000000 3610.000000 2069.000000 789.000000 75.000000 533.000000 0.000000 144.000000
307208 6.621803 6.621803 3557.000000 3557.000000 3715.000000 2118.000000 826.000000 88.000000 525.000000 0.000000 158.000000
308208 6.161510 6.161510 3647.000000 3647.000000 3814.000000 2184.000000 864.000000 68.000000 531.000000 0.000000 167.000000
309208 6.240409 6.240409 3737.000000 3737.000000 3910.000000 2238.000000 877.000000 71.000000 551.000000 0.000000 173.000000
310208 6.374502 6.374502 3837.000000 3837.000000 4016.000000 2304.000000 912.000000 77.000000 544.000000 0.000000 179.000000
311208 6.582769 6.582769 3945.000000 3945.000000 4132.000000 2385.000000 945.000000 85.000000 530.000000 0.000000 187.000000
312208 6.687146 6.687146 4036.000000 4036.000000 4232.000000 2402.000000 1009.000000 87.000000 538.000000 0.000000 196.000000
313208 7.042254 7.042254 4125.000000 4125.000000 4331.000000 2442.000000 1032.000000 99.000000 552.000000 0.000000 206.000000
314208 6.821775 6.821775 4211.000000 4211.000000 4427.000000 2473.000000 1078.000000 86.000000 574.000000 0.000000 216.000000
315208 7.472916 7.472916 4300.000000 4300.000000 4523.000000 2482.000000 1077.000000 115.000000 626.000000 0.000000 223.000000
316208 6.731392 6.731392 4418.000000 4418.000000 4635.000000 2531.000000 1155.000000 95.000000 637.000000 0.000000 217.000000
317208 7.280017 7.280017 4513.000000 4513.000000 4739.000000 2547.000000 1190.000000 119.000000 657.000000 0.000000 226.000000
318208 7.107540 7.107540 4620.000000 4620.000000 4854.000000 2574.000000 1250.000000 111.000000 685.000000 0.000000 234.000000
319208 6.899318 6.899318 4749.000000 4749.000000 4986.000000 2644.000000 1294.000000 107.000000 704.000000 0.000000 237.000000
320208 7.119173 7.119173 4879.000000 4879.000000 5127.000000 2720.000000 1335.000000 117.000000 707.000000 0.000000 248.000000
321208 7.009524 7.009524 5004.000000 5004.000000 5250.000000 2783.000000 1380.000000 122.000000 719.000000 0.000000 246.000000
322208 6.459996 6.459996 5136.000000 5136.000000 5387.000000 2889.000000 1420.000000 97.000000 730.000000 0.000000 251.000000
323208 6.850308 6.850308 5269.000000 5269.000000 5518.000000 2943.000000 1406.000000 129.000000 791.000000 0.000000 249.000000
324208 6.495575 6.495575 5395.000000 5395.000000 5650.000000 3009.000000 1433.000000 112.000000 841.000000 0.000000 255.000000
325208 6.439917 6.439917 5530.000000 5530.000000 5792.000000 3111.000000 1442.000000 111.000000 866.000000 0.000000 262.000000
326208 6.544105 6.544105 5659.000000 5659.000000 5929.000000 3197.000000 1430.000000 118.000000 914.000000 0.000000 270.000000
256916 2.352941 2.352941 935.000000 935.000000 935.000000 531.000000 250.000000 22.000000 132.000000 0.000000 0.000000
257916 1.677149 1.677149 951.000000 951.000000 954.000000 541.000000 259.000000 13.000000 138.000000 0.000000 3.000000
258916 2.158273 2.158273 969.000000 969.000000 973.000000 532.000000 273.000000 17.000000 147.000000 0.000000 4.000000
259916 2.200000 2.200000 996.000000 996.000000 1000.000000 553.000000 275.000000 18.000000 150.000000 0.000000 4.000000
260916 3.478261 3.478261 1027.000000 1027.000000 1035.000000 582.000000 273.000000 28.000000 144.000000 0.000000 8.000000
261916 3.192488 3.192488 1050.000000 1050.000000 1065.000000 597.000000 283.000000 19.000000 151.000000 0.000000 15.000000
262916 3.105023 3.105023 1076.000000 1076.000000 1095.000000 625.000000 266.000000 15.000000 170.000000 0.000000 19.000000
263916 3.932082 3.932082 1095.000000 1095.000000 1119.000000 636.000000 252.000000 20.000000 187.000000 0.000000 24.000000
264916 4.336513 4.336513 1129.000000 1129.000000 1153.000000 655.000000 267.000000 26.000000 181.000000 0.000000 24.000000
265916 4.215852 4.215852 1157.000000 1157.000000 1186.000000 671.000000 276.000000 21.000000 189.000000 0.000000 29.000000
266916 4.258804 4.258804 1189.000000 1189.000000 1221.000000 708.000000 273.000000 20.000000 188.000000 0.000000 32.000000
267916 4.638365 4.638365 1236.000000 1236.000000 1272.000000 767.000000 271.000000 23.000000 175.000000 0.000000 36.000000
268916 5.130168 5.130168 1264.000000 1264.000000 1306.000000 788.000000 278.000000 25.000000 173.000000 0.000000 42.000000
269916 5.164671 5.164671 1292.000000 1292.000000 1336.000000 806.000000 282.000000 25.000000 179.000000 0.000000 44.000000
270916 5.822416 5.822416 1327.000000 1327.000000 1374.000000 815.000000 311.000000 33.000000 168.000000 0.000000 47.000000
271916 5.928017 5.928017 1365.000000 1365.000000 1417.000000 845.000000 322.000000 32.000000 166.000000 0.000000 52.000000
272916 5.894591 5.894591 1390.000000 1390.000000 1442.000000 839.000000 330.000000 33.000000 188.000000 0.000000 52.000000
273916 6.490872 6.490872 1424.000000 1424.000000 1479.000000 852.000000 342.000000 41.000000 189.000000 0.000000 55.000000
274916 5.353602 5.353602 1453.000000 1453.000000 1513.000000 868.000000 365.000000 21.000000 199.000000 0.000000 60.000000
275916 6.541451 6.541451 1479.000000 1479.000000 1544.000000 873.000000 367.000000 36.000000 203.000000 0.000000 65.000000
276916 5.919395 5.919395 1517.000000 1517.000000 1588.000000 911.000000 387.000000 23.000000 196.000000 0.000000 71.000000
277916 7.432432 7.432432 1550.000000 1550.000000 1628.000000 907.000000 389.000000 43.000000 211.000000 0.000000 78.000000
278916 7.752404 7.752404 1583.000000 1583.000000 1664.000000 889.000000 418.000000 48.000000 228.000000 0.000000 81.000000
279916 7.674282 7.674282 1620.000000 1620.000000 1707.000000 903.000000 437.000000 44.000000 236.000000 0.000000 87.000000
280916 7.236467 7.236467 1662.000000 1662.000000 1755.000000 932.000000 453.000000 34.000000 243.000000 0.000000 93.000000
281916 7.568169 7.568169 1701.000000 1701.000000 1797.000000 956.000000 451.000000 40.000000 254.000000 0.000000 96.000000
282916 7.863341 7.863341 1745.000000 1745.000000 1844.000000 971.000000 473.000000 46.000000 255.000000 0.000000 99.000000
283916 6.858054 6.858054 1783.000000 1783.000000 1881.000000 992.000000 492.000000 31.000000 268.000000 0.000000 98.000000
284916 7.109737 7.109737 1839.000000 1839.000000 1941.000000 1053.000000 494.000000 36.000000 256.000000 0.000000 102.000000
285916 7.030855 7.030855 1875.000000 1875.000000 1977.000000 1064.000000 484.000000 37.000000 290.000000 0.000000 102.000000
286916 7.400099 7.400099 1926.000000 1926.000000 2027.000000 1090.000000 475.000000 49.000000 312.000000 0.000000 101.000000
287916 6.496631 6.496631 1975.000000 1975.000000 2078.000000 1129.000000 491.000000 32.000000 323.000000 0.000000 103.000000
288916 6.557377 6.557377 2029.000000 2029.000000 2135.000000 1179.000000 486.000000 34.000000 330.000000 0.000000 106.000000
289916 7.234432 7.234432 2081.000000 2081.000000 2184.000000 1192.000000 495.000000 55.000000 339.000000 0.000000 103.000000
290916 6.433008 6.433008 2151.000000 2151.000000 2254.000000 1260.000000 508.000000 42.000000 341.000000 0.000000 103.000000
291916 6.330749 6.330749 2218.000000 2218.000000 2322.000000 1310.000000 533.000000 43.000000 332.000000 0.000000 104.000000
292916 6.391926 6.391926 2273.000000 2273.000000 2378.000000 1335.000000 554.000000 47.000000 337.000000 0.000000 105.000000
293916 6.106557 6.106557 2335.000000 2335.000000 2440.000000 1385.000000 565.000000 44.000000 341.000000 0.000000 105.000000
294916 6.023135 6.023135 2404.000000 2404.000000 2507.000000 1444.000000 593.000000 48.000000 319.000000 0.000000 103.000000
295916 6.354126 6.354126 2472.000000 2472.000000 2581.000000 1496.000000 598.000000 55.000000 323.000000 0.000000 109.000000
296916 5.942468 5.942468 2531.000000 2531.000000 2642.000000 1541.000000 606.000000 46.000000 338.000000 0.000000 111.000000
297916 5.934718 5.934718 2587.000000 2587.000000 2696.000000 1555.000000 628.000000 51.000000 353.000000 0.000000 109.000000
298916 6.010138 6.010138 2648.000000 2648.000000 2762.000000 1584.000000 642.000000 52.000000 370.000000 0.000000 114.000000
299916 6.007821 6.007821 2696.000000 2696.000000 2813.000000 1582.000000 667.000000 52.000000 395.000000 0.000000 117.000000
300916 6.182702 6.182702 2764.000000 2764.000000 2879.000000 1606.000000 688.000000 63.000000 407.000000 0.000000 115.000000
301916 5.951978 5.951978 2840.000000 2840.000000 2957.000000 1657.000000 716.000000 59.000000 408.000000 0.000000 117.000000
302916 6.097561 6.097561 2914.000000 2914.000000 3034.000000 1691.000000 766.000000 65.000000 392.000000 0.000000 120.000000
303916 6.420546 6.420546 2992.000000 2992.000000 3115.000000 1717.000000 792.000000 77.000000 406.000000 0.000000 123.000000
304916 6.383648 6.383648 3055.000000 3055.000000 3180.000000 1724.000000 814.000000 78.000000 439.000000 0.000000 125.000000
305916 6.320957 6.320957 3131.000000 3131.000000 3259.000000 1757.000000 848.000000 78.000000 448.000000 0.000000 128.000000
306916 6.077016 6.077016 3192.000000 3192.000000 3324.000000 1773.000000 873.000000 70.000000 476.000000 0.000000 132.000000
307916 5.811564 5.811564 3273.000000 3273.000000 3407.000000 1827.000000 888.000000 64.000000 494.000000 0.000000 134.000000
308916 6.010303 6.010303 3359.000000 3359.000000 3494.000000 1866.000000 910.000000 75.000000 508.000000 0.000000 135.000000
309916 5.782597 5.782597 3461.000000 3461.000000 3597.000000 1959.000000 931.000000 72.000000 499.000000 0.000000 136.000000
310916 5.734379 5.734379 3555.000000 3555.000000 3697.000000 2042.000000 899.000000 70.000000 544.000000 0.000000 142.000000
311916 6.251649 6.251649 3640.000000 3640.000000 3791.000000 2089.000000 906.000000 86.000000 559.000000 0.000000 151.000000
312916 6.496520 6.496520 3720.000000 3720.000000 3879.000000 2100.000000 930.000000 93.000000 597.000000 0.000000 159.000000
313916 6.631632 6.631632 3828.000000 3828.000000 3996.000000 2172.000000 947.000000 97.000000 612.000000 0.000000 168.000000
314916 6.294391 6.294391 3904.000000 3904.000000 4083.000000 2212.000000 981.000000 78.000000 633.000000 0.000000 179.000000
315916 5.864271 5.864271 4046.000000 4046.000000 4229.000000 2370.000000 1002.000000 65.000000 609.000000 0.000000 183.000000
316916 6.247118 6.247118 4158.000000 4158.000000 4338.000000 2439.000000 1006.000000 91.000000 622.000000 0.000000 180.000000
317916 6.202247 6.202247 4260.000000 4260.000000 4450.000000 2514.000000 1024.000000 86.000000 636.000000 0.000000 190.000000
318916 6.169610 6.169610 4392.000000 4392.000000 4587.000000 2623.000000 1077.000000 88.000000 604.000000 0.000000 195.000000
319916 6.529137 6.529137 4502.000000 4502.000000 4702.000000 2671.000000 1104.000000 107.000000 620.000000 0.000000 200.000000
320916 6.473029 6.473029 4621.000000 4621.000000 4820.000000 2711.000000 1163.000000 113.000000 634.000000 0.000000 199.000000
321916 6.138574 6.138574 4727.000000 4727.000000 4936.000000 2768.000000 1201.000000 94.000000 664.000000 0.000000 209.000000
322916 6.551861 6.551861 4836.000000 4836.000000 5052.000000 2819.000000 1214.000000 115.000000 688.000000 0.000000 216.000000
323916 6.479691 6.479691 4951.000000 4951.000000 5170.000000 2847.000000 1281.000000 116.000000 707.000000 0.000000 219.000000
324916 6.358491 6.358491 5074.000000 5074.000000 5300.000000 2913.000000 1337.000000 111.000000 713.000000 0.000000 226.000000
325916 6.312292 6.312292 5191.000000 5191.000000 5418.000000 2947.000000 1387.000000 115.000000 742.000000 0.000000 227.000000
326916 6.486972 6.486972 5330.000000 5330.000000 5565.000000 3018.000000 1419.000000 126.000000 767.000000 0.000000 235.000000
327916 6.513343 6.513343 5453.000000 5453.000000 5696.000000 3072.000000 1448.000000 128.000000 805.000000 0.000000 243.000000
328916 6.568342 6.568342 5583.000000 5583.000000 5831.000000 3108.000000 1481.000000 135.000000 859.000000 0.000000 248.000000
265176 1.664932 1.664932 961.000000 961.000000 961.000000 585.000000 236.000000 16.000000 124.000000 0.000000 0.000000
266176 2.441506 2.441506 980.000000 980.000000 983.000000 584.000000 238.000000 21.000000 137.000000 0.000000 3.000000
267176 1.994018 1.994018 998.000000 998.000000 1003.000000 591.000000 249.000000 15.000000 143.000000 0.000000 5.000000
268176 3.118908 3.118908 1016.000000 1016.000000 1026.000000 593.000000 249.000000 22.000000 152.000000 0.000000 10.000000
269176 2.949572 2.949572 1038.000000 1038.000000 1051.000000 614.000000 247.000000 18.000000 159.000000 0.000000 13.000000
270176 3.679853 3.679853 1073.000000 1073.000000 1087.000000 642.000000 255.000000 26.000000 150.000000 0.000000 14.000000
271176 3.014184 3.014184 1112.000000 1112.000000 1128.000000 698.000000 254.000000 18.000000 142.000000 0.000000 16.000000
272176 4.533566 4.533566 1128.000000 1128.000000 1147.000000 679.000000 255.000000 33.000000 161.000000 0.000000 19.000000
273176 4.156064 4.156064 1155.000000 1155.000000 1179.000000 688.000000 276.000000 25.000000 166.000000 0.000000 24.000000
274176 4.380165 4.380165 1183.000000 1183.000000 1210.000000 690.000000 299.000000 26.000000 168.000000 0.000000 27.000000
275176 5.407587 5.407587 1208.000000 1208.000000 1239.000000 683.000000 319.000000 36.000000 170.000000 0.000000 31.000000
276176 4.874214 4.874214 1234.000000 1234.000000 1272.000000 709.000000 320.000000 24.000000 181.000000 0.000000 38.000000
277176 5.287356 5.287356 1265.000000 1265.000000 1305.000000 724.000000 332.000000 29.000000 180.000000 0.000000 40.000000
278176 4.633782 4.633782 1296.000000 1296.000000 1338.000000 751.000000 349.000000 20.000000 176.000000 0.000000 42.000000
279176 5.047549 5.047549 1321.000000 1321.000000 1367.000000 763.000000 339.000000 23.000000 196.000000 0.000000 46.000000
280176 5.677786 5.677786 1362.000000 1362.000000 1409.000000 789.000000 339.000000 33.000000 201.000000 0.000000 47.000000
281176 5.452036 5.452036 1398.000000 1398.000000 1449.000000 813.000000 344.000000 28.000000 213.000000 0.000000 51.000000
282176 5.716207 5.716207 1435.000000 1435.000000 1487.000000 825.000000 347.000000 33.000000 230.000000 0.000000 52.000000
283176 5.921053 5.921053 1465.000000 1465.000000 1520.000000 829.000000 369.000000 35.000000 232.000000 0.000000 55.000000
284176 5.619413 5.619413 1506.000000 1506.000000 1566.000000 867.000000 375.000000 28.000000 236.000000 0.000000 60.000000
285176 5.795314 5.795314 1561.000000 1561.000000 1622.000000 928.000000 388.000000 33.000000 212.000000 0.000000 61.000000
286176 6.006006 6.006006 1599.000000 1599.000000 1665.000000 948.000000 399.000000 34.000000 218.000000 0.000000 66.000000
287176 5.779335 5.779335 1643.000000 1643.000000 1713.000000 984.000000 407.000000 29.000000 223.000000 0.000000 70.000000
288176 6.100342 6.100342 1680.000000 1680.000000 1754.000000 1007.000000 413.000000 33.000000 227.000000 0.000000 74.000000
289176 6.431767 6.431767 1710.000000 1710.000000 1788.000000 1009.000000 414.000000 37.000000 250.000000 0.000000 78.000000
290176 6.430518 6.430518 1749.000000 1749.000000 1835.000000 1049.000000 408.000000 32.000000 260.000000 0.000000 86.000000
291176 6.865354 6.865354 1794.000000 1794.000000 1879.000000 1063.000000 416.000000 44.000000 271.000000 0.000000 85.000000
292176 7.265179 7.265179 1836.000000 1836.000000 1927.000000 1071.000000 443.000000 49.000000 273.000000 0.000000 91.000000
293176 6.727365 6.727365 1884.000000 1884.000000 1977.000000 1094.000000 480.000000 40.000000 270.000000 0.000000 93.000000
294176 6.551724 6.551724 1938.000000 1938.000000 2030.000000 1138.000000 480.000000 41.000000 279.000000 0.000000 92.000000
295176 6.628242 6.628242 1988.000000 1988.000000 2082.000000 1168.000000 504.000000 44.000000 272.000000 0.000000 94.000000
296176 6.898170 6.898170 2033.000000 2033.000000 2131.000000 1181.000000 518.000000 49.000000 285.000000 0.000000 98.000000
297176 7.237746 7.237746 2079.000000 2079.000000 2183.000000 1199.000000 535.000000 54.000000 291.000000 0.000000 104.000000
298176 6.681614 6.681614 2123.000000 2123.000000 2230.000000 1226.000000 562.000000 42.000000 293.000000 0.000000 107.000000
299176 6.526500 6.526500 2173.000000 2173.000000 2283.000000 1252.000000 571.000000 39.000000 311.000000 0.000000 110.000000
300176 6.843456 6.843456 2226.000000 2226.000000 2338.000000 1278.000000 564.000000 48.000000 336.000000 0.000000 112.000000
301176 6.541667 6.541667 2287.000000 2287.000000 2400.000000 1323.000000 580.000000 44.000000 340.000000 0.000000 113.000000
302176 6.433225 6.433225 2339.000000 2339.000000 2456.000000 1366.000000 581.000000 41.000000 351.000000 0.000000 117.000000
303176 7.148531 7.148531 2398.000000 2398.000000 2518.000000 1382.000000 590.000000 60.000000 366.000000 0.000000 120.000000
304176 6.723338 6.723338 2462.000000 2462.000000 2588.000000 1435.000000 608.000000 48.000000 371.000000 0.000000 126.000000
305176 6.772009 6.772009 2529.000000 2529.000000 2658.000000 1482.000000 621.000000 51.000000 375.000000 0.000000 129.000000
306176 7.009174 7.009174 2591.000000 2591.000000 2725.000000 1510.000000 642.000000 57.000000 382.000000 0.000000 134.000000
307176 7.071429 7.071429 2666.000000 2666.000000 2800.000000 1547.000000 667.000000 64.000000 388.000000 0.000000 134.000000
308176 6.420098 6.420098 2730.000000 2730.000000 2866.000000 1586.000000 691.000000 48.000000 405.000000 0.000000 136.000000
309176 6.607930 6.607930 2811.000000 2811.000000 2951.000000 1653.000000 713.000000 55.000000 390.000000 0.000000 140.000000
310176 6.463374 6.463374 2874.000000 2874.000000 3017.000000 1684.000000 737.000000 52.000000 401.000000 0.000000 143.000000
311176 6.625727 6.625727 2947.000000 2947.000000 3094.000000 1737.000000 750.000000 58.000000 402.000000 0.000000 147.000000
312176 6.435331 6.435331 3018.000000 3018.000000 3170.000000 1773.000000 767.000000 52.000000 426.000000 0.000000 152.000000
313176 6.582200 6.582200 3088.000000 3088.000000 3236.000000 1800.000000 779.000000 65.000000 444.000000 0.000000 148.000000
314176 6.716867 6.716867 3166.000000 3166.000000 3320.000000 1836.000000 806.000000 69.000000 455.000000 0.000000 154.000000
315176 7.094495 7.094495 3236.000000 3236.000000 3397.000000 1854.000000 825.000000 80.000000 477.000000 0.000000 161.000000
316176 6.731876 6.731876 3317.000000 3317.000000 3476.000000 1895.000000 847.000000 75.000000 500.000000 0.000000 159.000000
317176 6.326988 6.326988 3410.000000 3410.000000 3572.000000 1964.000000 876.000000 64.000000 506.000000 0.000000 162.000000
318176 6.265390 6.265390 3492.000000 3492.000000 3655.000000 2007.000000 912.000000 66.000000 507.000000 0.000000 163.000000
319176 6.855919 6.855919 3570.000000 3570.000000 3734.000000 2019.000000 929.000000 92.000000 530.000000 0.000000 164.000000
320176 6.581353 6.581353 3658.000000 3658.000000 3829.000000 2062.000000 958.000000 81.000000 557.000000 0.000000 171.000000
321176 6.485939 6.485939 3772.000000 3772.000000 3947.000000 2168.000000 982.000000 81.000000 541.000000 0.000000 175.000000
322176 6.679861 6.679861 3862.000000 3862.000000 4042.000000 2216.000000 1003.000000 90.000000 553.000000 0.000000 180.000000
323176 6.753813 6.753813 3950.000000 3950.000000 4131.000000 2243.000000 1012.000000 98.000000 597.000000 0.000000 181.000000
324176 6.089214 6.089214 4052.000000 4052.000000 4237.000000 2315.000000 1054.000000 73.000000 610.000000 0.000000 185.000000
325176 6.274420 6.274420 4164.000000 4164.000000 4351.000000 2394.000000 1055.000000 86.000000 629.000000 0.000000 187.000000
326176 6.066711 6.066711 4277.000000 4277.000000 4467.000000 2472.000000 1088.000000 81.000000 636.000000 0.000000 190.000000
327176 6.155531 6.155531 4374.000000 4374.000000 4565.000000 2503.000000 1110.000000 90.000000 671.000000 0.000000 191.000000
328176 6.061900 6.061900 4492.000000 4492.000000 4685.000000 2594.000000 1104.000000 91.000000 703.000000 0.000000 193.000000
329176 6.340956 6.340956 4610.000000 4610.000000 4810.000000 2648.000000 1155.000000 105.000000 702.000000 0.000000 200.000000
330176 6.069772 6.069772 4752.000000 4752.000000 4959.000000 2774.000000 1193.000000 94.000000 691.000000 0.000000 207.000000
331176 6.279528 6.279528 4864.000000 4864.000000 5080.000000 2829.000000 1214.000000 103.000000 718.000000 0.000000 216.000000
332176 6.354708 6.354708 4976.000000 4976.000000 5193.000000 2845.000000 1282.000000 113.000000 736.000000 0.000000 217.000000
333176 6.235997 6.235997 5130.000000 5130.000000 5356.000000 2983.000000 1323.000000 108.000000 716.000000 0.000000 226.000000
334176 6.418673 6.418673 5250.000000 5250.000000 5484.000000 3035.000000 1348.000000 118.000000 749.000000 0.000000 234.000000
335176 6.276748 6.276748 5366.000000 5366.000000 5608.000000 3090.000000 1386.000000 110.000000 780.000000 0.000000 242.000000
336176 6.457212 6.457212 5517.000000 5517.000000 5761.000000 3182.000000 1418.000000 128.000000 789.000000 0.000000 244.000000
337176 6.324178 6.324178 5652.000000 5652.000000 5898.000000 3240.000000 1443.000000 127.000000 842.000000 0.000000 246.000000
