254047 3.273138 3.273138 886.000000 886.000000 886.000000 461.000000 305.000000 29.000000 91.000000 0.000000 0.000000
255047 4.194260 4.194260 903.000000 903.000000 906.000000 441.000000 325.000000 35.000000 102.000000 0.000000 3.000000
256047 4.347826 4.347826 913.000000 913.000000 920.000000 409.000000 337.000000 33.000000 134.000000 0.000000 7.000000
257047 4.189044 4.189044 918.000000 918.000000 931.000000 388.000000 335.000000 26.000000 169.000000 0.000000 13.000000
258047 4.293194 4.293194 942.000000 942.000000 955.000000 393.000000 341.000000 28.000000 180.000000 0.000000 13.000000
259047 3.560529 3.560529 968.000000 968.000000 983.000000 413.000000 349.000000 20.000000 186.000000 0.000000 15.000000
260047 4.150198 4.150198 996.000000 996.000000 1012.000000 427.000000 347.000000 26.000000 196.000000 0.000000 16.000000
261047 3.130930 3.130930 1034.000000 1034.000000 1054.000000 487.000000 331.000000 13.000000 203.000000 0.000000 20.000000
262047 3.005464 3.005464 1076.000000 1076.000000 1098.000000 561.000000 298.000000 11.000000 206.000000 0.000000 22.000000
263047 2.740937 2.740937 1109.000000 1109.000000 1131.000000 611.000000 268.000000 9.000000 221.000000 0.000000 22.000000
264047 3.247863 3.247863 1147.000000 1147.000000 1170.000000 670.000000 217.000000 15.000000 245.000000 0.000000 23.000000
265047 3.547855 3.547855 1188.000000 1188.000000 1212.000000 720.000000 208.000000 19.000000 241.000000 0.000000 24.000000
266047 3.343949 3.343949 1228.000000 1228.000000 1256.000000 786.000000 198.000000 14.000000 230.000000 0.000000 28.000000
267047 3.604294 3.604294 1275.000000 1275.000000 1304.000000 853.000000 179.000000 18.000000 225.000000 0.000000 29.000000
268047 3.323486 3.323486 1323.000000 1323.000000 1354.000000 919.000000 180.000000 14.000000 210.000000 0.000000 31.000000
269047 4.196302 4.196302 1373.000000 1373.000000 1406.000000 977.000000 176.000000 26.000000 194.000000 0.000000 33.000000
270047 4.824259 4.824259 1417.000000 1417.000000 1451.000000 1011.000000 213.000000 36.000000 157.000000 0.000000 34.000000
271047 4.371217 4.371217 1451.000000 1451.000000 1487.000000 1021.000000 260.000000 29.000000 141.000000 0.000000 36.000000
272047 4.667982 4.667982 1481.000000 1481.000000 1521.000000 1019.000000 304.000000 31.000000 127.000000 0.000000 40.000000
273047 5.784062 5.784062 1511.000000 1511.000000 1556.000000 1011.000000 331.000000 45.000000 124.000000 0.000000 45.000000
274047 5.782527 5.782527 1542.000000 1542.000000 1591.000000 1009.000000 380.000000 43.000000 110.000000 0.000000 49.000000
275047 6.075635 6.075635 1560.000000 1560.000000 1613.000000 976.000000 418.000000 45.000000 121.000000 0.000000 53.000000
276047 5.828221 5.828221 1573.000000 1573.000000 1630.000000 931.000000 474.000000 38.000000 130.000000 0.000000 57.000000
277047 6.049607 6.049607 1590.000000 1590.000000 1653.000000 899.000000 497.000000 37.000000 157.000000 0.000000 63.000000
278047 6.734207 6.734207 1611.000000 1611.000000 1678.000000 860.000000 512.000000 46.000000 193.000000 0.000000 67.000000
279047 8.058824 8.058824 1632.000000 1632.000000 1700.000000 795.000000 540.000000 69.000000 228.000000 0.000000 68.000000
280047 6.874639 6.874639 1653.000000 1653.000000 1731.000000 770.000000 583.000000 41.000000 259.000000 0.000000 78.000000
281047 7.464387 7.464387 1679.000000 1679.000000 1755.000000 734.000000 593.000000 55.000000 297.000000 0.000000 76.000000
282047 5.888889 5.888889 1725.000000 1725.000000 1800.000000 773.000000 603.000000 31.000000 318.000000 0.000000 75.000000
283047 6.357759 6.357759 1780.000000 1780.000000 1856.000000 815.000000 594.000000 42.000000 329.000000 0.000000 76.000000
284047 5.750131 5.750131 1833.000000 1833.000000 1913.000000 869.000000 593.000000 30.000000 341.000000 0.000000 80.000000
285047 6.410904 6.410904 1897.000000 1897.000000 1981.000000 940.000000 563.000000 43.000000 351.000000 0.000000 84.000000
286047 5.198627 5.198627 1952.000000 1952.000000 2039.000000 1027.000000 535.000000 19.000000 371.000000 0.000000 87.000000
287047 5.425988 5.425988 2009.000000 2009.000000 2101.000000 1115.000000 462.000000 22.000000 410.000000 0.000000 92.000000
288047 5.553006 5.553006 2087.000000 2087.000000 2179.000000 1228.000000 419.000000 29.000000 411.000000 0.000000 92.000000
289047 5.553088 5.553088 2159.000000 2159.000000 2251.000000 1322.000000 384.000000 33.000000 420.000000 0.000000 92.000000
290047 5.629566 5.629566 2232.000000 2232.000000 2327.000000 1412.000000 379.000000 36.000000 405.000000 0.000000 95.000000
291047 5.490849 5.490849 2307.000000 2307.000000 2404.000000 1511.000000 371.000000 35.000000 390.000000 0.000000 97.000000
292047 5.347809 5.347809 2391.000000 2391.000000 2487.000000 1614.000000 373.000000 37.000000 367.000000 0.000000 96.000000
293047 5.804954 5.804954 2487.000000 2487.000000 2584.000000 1721.000000 396.000000 53.000000 317.000000 0.000000 97.000000
294047 6.068602 6.068602 2554.000000 2554.000000 2653.000000 1757.000000 449.000000 62.000000 286.000000 0.000000 99.000000
295047 6.135195 6.135195 2621.000000 2621.000000 2722.000000 1777.000000 514.000000 66.000000 264.000000 0.000000 101.000000
296047 6.020187 6.020187 2672.000000 2672.000000 2774.000000 1757.000000 600.000000 65.000000 250.000000 0.000000 102.000000
297047 5.753618 5.753618 2730.000000 2730.000000 2833.000000 1772.000000 656.000000 60.000000 242.000000 0.000000 103.000000
298047 6.267409 6.267409 2763.000000 2763.000000 2872.000000 1723.000000 711.000000 71.000000 258.000000 0.000000 109.000000
299047 6.534382 6.534382 2811.000000 2811.000000 2923.000000 1688.000000 773.000000 79.000000 271.000000 0.000000 112.000000
300047 6.859449 6.859449 2856.000000 2856.000000 2974.000000 1650.000000 833.000000 86.000000 287.000000 0.000000 118.000000
301047 6.615691 6.615691 2883.000000 2883.000000 3008.000000 1578.000000 911.000000 74.000000 320.000000 0.000000 125.000000
302047 7.023848 7.023848 2932.000000 2932.000000 3061.000000 1535.000000 936.000000 86.000000 375.000000 0.000000 129.000000
303047 7.381258 7.381258 2988.000000 2988.000000 3116.000000 1480.000000 972.000000 102.000000 434.000000 0.000000 128.000000
304047 6.942253 6.942253 3036.000000 3036.000000 3169.000000 1442.000000 1016.000000 87.000000 491.000000 0.000000 133.000000
305047 6.652228 6.652228 3096.000000 3096.000000 3232.000000 1436.000000 1048.000000 79.000000 533.000000 0.000000 136.000000
306047 5.958863 5.958863 3166.000000 3166.000000 3306.000000 1464.000000 1066.000000 57.000000 579.000000 0.000000 140.000000
307047 6.175007 6.175007 3272.000000 3272.000000 3417.000000 1559.000000 1058.000000 66.000000 589.000000 0.000000 145.000000
308047 5.865684 5.865684 3384.000000 3384.000000 3529.000000 1678.000000 1024.000000 62.000000 620.000000 0.000000 145.000000
309047 5.528053 5.528053 3488.000000 3488.000000 3636.000000 1808.000000 986.000000 53.000000 641.000000 0.000000 148.000000
310047 5.546667 5.546667 3604.000000 3604.000000 3750.000000 1939.000000 929.000000 62.000000 674.000000 0.000000 146.000000
311047 5.506722 5.506722 3713.000000 3713.000000 3868.000000 2085.000000 857.000000 58.000000 713.000000 0.000000 155.000000
312047 5.339684 5.339684 3834.000000 3834.000000 3989.000000 2248.000000 802.000000 58.000000 726.000000 0.000000 155.000000
313047 5.327171 5.327171 3951.000000 3951.000000 4111.000000 2395.000000 760.000000 59.000000 737.000000 0.000000 160.000000
314047 5.154154 5.154154 4081.000000 4081.000000 4249.000000 2551.000000 763.000000 51.000000 716.000000 0.000000 168.000000
315047 5.544195 5.544195 4229.000000 4229.000000 4401.000000 2717.000000 753.000000 72.000000 687.000000 0.000000 172.000000
316047 5.355575 5.355575 4379.000000 4379.000000 4556.000000 2895.000000 786.000000 67.000000 631.000000 0.000000 177.000000
317047 5.815935 5.815935 4509.000000 4509.000000 4694.000000 3014.000000 817.000000 88.000000 590.000000 0.000000 185.000000
318047 6.229236 6.229236 4627.000000 4627.000000 4816.000000 3062.000000 902.000000 111.000000 552.000000 0.000000 189.000000
319047 6.072874 6.072874 4743.000000 4743.000000 4940.000000 3100.000000 1012.000000 103.000000 528.000000 0.000000 197.000000
320047 6.707558 6.707558 4849.000000 4849.000000 5054.000000 3097.000000 1111.000000 134.000000 507.000000 0.000000 205.000000
321047 6.596818 6.596818 4938.000000 4938.000000 5154.000000 3097.000000 1210.000000 124.000000 507.000000 0.000000 216.000000
322047 6.769641 6.769641 5019.000000 5019.000000 5244.000000 3036.000000 1323.000000 130.000000 530.000000 0.000000 225.000000
323047 6.789197 6.789197 5101.000000 5101.000000 5332.000000 2987.000000 1427.000000 131.000000 556.000000 0.000000 231.000000
324047 6.951085 6.951085 5195.000000 5195.000000 5438.000000 2969.000000 1519.000000 135.000000 572.000000 0.000000 243.000000
325047 7.189306 7.189306 5282.000000 5282.000000 5536.000000 2899.000000 1598.000000 144.000000 641.000000 0.000000 254.000000
326047 7.321841 7.321841 5371.000000 5371.000000 5627.000000 2810.000000 1668.000000 156.000000 737.000000 0.000000 256.000000
253761 3.724605 3.724605 886.000000 886.000000 886.000000 464.000000 323.000000 33.000000 66.000000 0.000000 0.000000
254761 4.260090 4.260090 890.000000 890.000000 892.000000 405.000000 354.000000 36.000000 95.000000 0.000000 2.000000
255761 3.888889 3.888889 894.000000 894.000000 900.000000 352.000000 386.000000 29.000000 127.000000 0.000000 6.000000
256761 3.520352 3.520352 898.000000 898.000000 909.000000 315.000000 410.000000 21.000000 152.000000 0.000000 11.000000
257761 4.633621 4.633621 913.000000 913.000000 928.000000 299.000000 412.000000 28.000000 174.000000 0.000000 15.000000
258761 4.049844 4.049844 947.000000 947.000000 963.000000 335.000000 407.000000 23.000000 182.000000 0.000000 16.000000
259761 3.430878 3.430878 972.000000 972.000000 991.000000 370.000000 388.000000 15.000000 199.000000 0.000000 19.000000
260761 3.018500 3.018500 1008.000000 1008.000000 1027.000000 420.000000 354.000000 12.000000 222.000000 0.000000 19.000000
261761 2.913534 2.913534 1043.000000 1043.000000 1064.000000 477.000000 317.000000 10.000000 239.000000 0.000000 21.000000
262761 2.638763 2.638763 1076.000000 1076.000000 1099.000000 536.000000 263.000000 6.000000 271.000000 0.000000 23.000000
263761 2.714536 2.714536 1119.000000 1119.000000 1142.000000 608.000000 210.000000 8.000000 293.000000 0.000000 23.000000
264761 2.849958 2.849958 1170.000000 1170.000000 1193.000000 686.000000 185.000000 11.000000 288.000000 0.000000 23.000000
265761 2.489960 2.489960 1218.000000 1218.000000 1245.000000 778.000000 159.000000 4.000000 277.000000 0.000000 27.000000
266761 2.837423 2.837423 1275.000000 1275.000000 1304.000000 878.000000 134.000000 8.000000 255.000000 0.000000 29.000000
267761 3.164091 3.164091 1329.000000 1329.000000 1359.000000 968.000000 121.000000 13.000000 227.000000 0.000000 30.000000
268761 3.856942 3.856942 1396.000000 1396.000000 1426.000000 1064.000000 127.000000 25.000000 180.000000 0.000000 30.000000
269761 4.336043 4.336043 1443.000000 1443.000000 1476.000000 1106.000000 160.000000 31.000000 146.000000 0.000000 33.000000
270761 4.551451 4.551451 1481.000000 1481.000000 1516.000000 1132.000000 194.000000 34.000000 121.000000 0.000000 35.000000
271761 4.820051 4.820051 1519.000000 1519.000000 1556.000000 1145.000000 238.000000 38.000000 98.000000 0.000000 37.000000
272761 4.864182 4.864182 1542.000000 1542.000000 1583.000000 1136.000000 279.000000 36.000000 91.000000 0.000000 41.000000
273761 5.302558 5.302558 1558.000000 1558.000000 1603.000000 1103.000000 328.000000 40.000000 87.000000 0.000000 45.000000
274761 5.853358 5.853358 1572.000000 1572.000000 1623.000000 1056.000000 387.000000 44.000000 85.000000 0.000000 51.000000
275761 6.349206 6.349206 1587.000000 1587.000000 1638.000000 994.000000 441.000000 53.000000 99.000000 0.000000 51.000000
276761 6.537530 6.537530 1595.000000 1595.000000 1652.000000 913.000000 506.000000 51.000000 125.000000 0.000000 57.000000
277761 7.476077 7.476077 1612.000000 1612.000000 1672.000000 838.000000 560.000000 65.000000 149.000000 0.000000 60.000000
278761 7.933689 7.933689 1624.000000 1624.000000 1689.000000 767.000000 607.000000 69.000000 181.000000 0.000000 65.000000
279761 8.352804 8.352804 1635.000000 1635.000000 1712.000000 702.000000 652.000000 66.000000 215.000000 0.000000 77.000000
280761 7.896254 7.896254 1658.000000 1658.000000 1735.000000 653.000000 686.000000 60.000000 259.000000 0.000000 77.000000
281761 7.308782 7.308782 1686.000000 1686.000000 1765.000000 637.000000 714.000000 50.000000 285.000000 0.000000 79.000000
282761 6.674021 6.674021 1728.000000 1728.000000 1813.000000 667.000000 711.000000 36.000000 314.000000 0.000000 85.000000
283761 5.936319 5.936319 1765.000000 1765.000000 1853.000000 701.000000 677.000000 22.000000 365.000000 0.000000 88.000000
284761 5.857741 5.857741 1823.000000 1823.000000 1912.000000 780.000000 608.000000 23.000000 412.000000 0.000000 89.000000
285761 5.642317 5.642317 1891.000000 1891.000000 1985.000000 896.000000 545.000000 18.000000 432.000000 0.000000 94.000000
286761 5.683488 5.683488 1945.000000 1945.000000 2041.000000 973.000000 481.000000 20.000000 471.000000 0.000000 96.000000
287761 5.208822 5.208822 2035.000000 2035.000000 2131.000000 1128.000000 415.000000 15.000000 477.000000 0.000000 96.000000
288761 5.434783 5.434783 2109.000000 2109.000000 2208.000000 1251.000000 344.000000 21.000000 493.000000 0.000000 99.000000
289761 5.238095 5.238095 2211.000000 2211.000000 2310.000000 1421.000000 307.000000 22.000000 461.000000 0.000000 99.000000
290761 5.574043 5.574043 2301.000000 2301.000000 2404.000000 1557.000000 284.000000 31.000000 429.000000 0.000000 103.000000
291761 5.651303 5.651303 2390.000000 2390.000000 2495.000000 1677.000000 281.000000 36.000000 396.000000 0.000000 105.000000
292761 5.816641 5.816641 2490.000000 2490.000000 2596.000000 1789.000000 321.000000 45.000000 335.000000 0.000000 106.000000
293761 5.711086 5.711086 2572.000000 2572.000000 2679.000000 1887.000000 354.000000 46.000000 285.000000 0.000000 107.000000
294761 5.888768 5.888768 2637.000000 2637.000000 2751.000000 1951.000000 394.000000 48.000000 244.000000 0.000000 114.000000
295761 6.503198 6.503198 2697.000000 2697.000000 2814.000000 1961.000000 461.000000 66.000000 209.000000 0.000000 117.000000
296761 6.541406 6.541406 2758.000000 2758.000000 2874.000000 1951.000000 553.000000 72.000000 182.000000 0.000000 116.000000
297761 6.353022 6.353022 2795.000000 2795.000000 2912.000000 1898.000000 654.000000 68.000000 175.000000 0.000000 117.000000
298761 6.890699 6.890699 2828.000000 2828.000000 2946.000000 1826.000000 721.000000 85.000000 196.000000 0.000000 118.000000
299761 7.029936 7.029936 2850.000000 2850.000000 2973.000000 1743.000000 791.000000 86.000000 230.000000 0.000000 123.000000
300761 8.591409 8.591409 2877.000000 2877.000000 3003.000000 1592.000000 885.000000 132.000000 268.000000 0.000000 126.000000
301761 7.166446 7.166446 2890.000000 2890.000000 3028.000000 1490.000000 1010.000000 79.000000 311.000000 0.000000 138.000000
302761 7.960848 7.960848 2926.000000 2926.000000 3065.000000 1394.000000 1061.000000 105.000000 366.000000 0.000000 139.000000
303761 8.055199 8.055199 2970.000000 2970.000000 3116.000000 1318.000000 1141.000000 105.000000 406.000000 0.000000 146.000000
304761 7.433071 7.433071 3029.000000 3029.000000 3175.000000 1285.000000 1181.000000 90.000000 473.000000 0.000000 146.000000
305761 7.120838 7.120838 3095.000000 3095.000000 3244.000000 1295.000000 1182.000000 82.000000 536.000000 0.000000 149.000000
306761 7.026538 7.026538 3161.000000 3161.000000 3316.000000 1304.000000 1177.000000 78.000000 602.000000 0.000000 155.000000
307761 6.576629 6.576629 3244.000000 3244.000000 3406.000000 1385.000000 1152.000000 62.000000 645.000000 0.000000 162.000000
308761 6.586826 6.586826 3337.000000 3337.000000 3507.000000 1502.000000 1040.000000 61.000000 734.000000 0.000000 170.000000
309761 5.854736 5.854736 3453.000000 3453.000000 3621.000000 1663.000000 983.000000 44.000000 763.000000 0.000000 168.000000
310761 5.494799 5.494799 3583.000000 3583.000000 3749.000000 1853.000000 892.000000 40.000000 798.000000 0.000000 166.000000
311761 5.246914 5.246914 3724.000000 3724.000000 3888.000000 2075.000000 796.000000 40.000000 813.000000 0.000000 164.000000
312761 5.060779 5.060779 3867.000000 3867.000000 4031.000000 2304.000000 707.000000 40.000000 816.000000 0.000000 164.000000
313761 5.005959 5.005959 4028.000000 4028.000000 4195.000000 2556.000000 641.000000 43.000000 788.000000 0.000000 167.000000
314761 5.537684 5.537684 4187.000000 4187.000000 4352.000000 2753.000000 608.000000 76.000000 750.000000 0.000000 165.000000
315761 5.341312 5.341312 4344.000000 4344.000000 4512.000000 2946.000000 636.000000 73.000000 689.000000 0.000000 168.000000
316761 5.435480 5.435480 4498.000000 4498.000000 4673.000000 3127.000000 684.000000 79.000000 608.000000 0.000000 175.000000
317761 5.622407 5.622407 4639.000000 4639.000000 4820.000000 3259.000000 746.000000 90.000000 544.000000 0.000000 181.000000
318761 5.777778 5.777778 4762.000000 4762.000000 4950.000000 3361.000000 817.000000 98.000000 486.000000 0.000000 188.000000
319761 6.201857 6.201857 4866.000000 4866.000000 5063.000000 3382.000000 930.000000 117.000000 437.000000 0.000000 197.000000
320761 6.395349 6.395349 4953.000000 4953.000000 5160.000000 3365.000000 1064.000000 123.000000 401.000000 0.000000 207.000000
321761 6.859756 6.859756 5030.000000 5030.000000 5248.000000 3293.000000 1183.000000 142.000000 412.000000 0.000000 218.000000
322761 7.364268 7.364268 5093.000000 5093.000000 5323.000000 3165.000000 1325.000000 162.000000 441.000000 0.000000 230.000000
323761 7.416312 7.416312 5165.000000 5165.000000 5407.000000 3047.000000 1487.000000 159.000000 472.000000 0.000000 242.000000
324761 7.600733 7.600733 5209.000000 5209.000000 5460.000000 2860.000000 1637.000000 164.000000 548.000000 0.000000 251.000000
325761 7.923300 7.923300 5273.000000 5273.000000 5528.000000 2720.000000 1750.000000 183.000000 620.000000 0.000000 255.000000
251627 1.984564 1.984564 907.000000 907.000000 907.000000 495.000000 298.000000 18.000000 96.000000 0.000000 0.000000
252627 3.373232 3.373232 918.000000 918.000000 919.000000 462.000000 324.000000 30.000000 102.000000 0.000000 1.000000
253627 3.521878 3.521878 933.000000 933.000000 937.000000 443.000000 346.000000 29.000000 115.000000 0.000000 4.000000
254627 4.906054 4.906054 946.000000 946.000000 958.000000 439.000000 345.000000 35.000000 127.000000 0.000000 12.000000
255627 3.861789 3.861789 968.000000 968.000000 984.000000 447.000000 357.000000 22.000000 142.000000 0.000000 16.000000
256627 3.880597 3.880597 984.000000 984.000000 1005.000000 454.000000 350.000000 18.000000 162.000000 0.000000 21.000000
257627 4.457364 4.457364 1009.000000 1009.000000 1032.000000 474.000000 311.000000 23.000000 201.000000 0.000000 23.000000
258627 3.500473 3.500473 1032.000000 1032.000000 1057.000000 499.000000 290.000000 12.000000 231.000000 0.000000 25.000000
259627 4.783809 4.783809 1060.000000 1060.000000 1087.000000 516.000000 282.000000 25.000000 237.000000 0.000000 27.000000
260627 3.746655 3.746655 1083.000000 1083.000000 1121.000000 560.000000 270.000000 4.000000 249.000000 0.000000 38.000000
261627 4.619333 4.619333 1131.000000 1131.000000 1169.000000 629.000000 240.000000 16.000000 246.000000 0.000000 38.000000
262627 4.397394 4.397394 1188.000000 1188.000000 1228.000000 719.000000 231.000000 14.000000 224.000000 0.000000 40.000000
263627 4.584305 4.584305 1246.000000 1246.000000 1287.000000 807.000000 217.000000 18.000000 204.000000 0.000000 41.000000
264627 4.682779 4.682779 1280.000000 1280.000000 1324.000000 845.000000 213.000000 18.000000 204.000000 0.000000 44.000000
265627 4.959883 4.959883 1326.000000 1326.000000 1371.000000 898.000000 219.000000 23.000000 186.000000 0.000000 45.000000
266627 4.390935 4.390935 1367.000000 1367.000000 1412.000000 940.000000 238.000000 17.000000 172.000000 0.000000 45.000000
267627 5.041436 5.041436 1400.000000 1400.000000 1448.000000 962.000000 241.000000 25.000000 172.000000 0.000000 48.000000
268627 5.450875 5.450875 1431.000000 1431.000000 1486.000000 990.000000 259.000000 26.000000 156.000000 0.000000 55.000000
269627 4.874835 4.874835 1463.000000 1463.000000 1518.000000 1015.000000 274.000000 19.000000 155.000000 0.000000 55.000000
270627 5.787781 5.787781 1497.000000 1497.000000 1555.000000 1033.000000 283.000000 32.000000 149.000000 0.000000 58.000000
271627 6.907478 6.907478 1513.000000 1513.000000 1578.000000 1002.000000 306.000000 44.000000 161.000000 0.000000 65.000000
272627 7.005580 7.005580 1543.000000 1543.000000 1613.000000 988.000000 360.000000 43.000000 152.000000 0.000000 70.000000
273627 8.602807 8.602807 1563.000000 1563.000000 1639.000000 936.000000 396.000000 65.000000 166.000000 0.000000 76.000000
274627 8.203593 8.203593 1589.000000 1589.000000 1670.000000 894.000000 458.000000 56.000000 181.000000 0.000000 81.000000
275627 7.620164 7.620164 1620.000000 1620.000000 1706.000000 879.000000 511.000000 44.000000 186.000000 0.000000 86.000000
276627 7.993099 7.993099 1649.000000 1649.000000 1739.000000 854.000000 559.000000 49.000000 187.000000 0.000000 90.000000
277627 7.674815 7.674815 1667.000000 1667.000000 1759.000000 820.000000 600.000000 43.000000 204.000000 0.000000 92.000000
278627 7.154835 7.154835 1697.000000 1697.000000 1789.000000 824.000000 612.000000 36.000000 225.000000 0.000000 92.000000
279627 7.729995 7.729995 1742.000000 1742.000000 1837.000000 847.000000 597.000000 47.000000 251.000000 0.000000 95.000000
280627 7.150480 7.150480 1779.000000 1779.000000 1874.000000 861.000000 594.000000 39.000000 285.000000 0.000000 95.000000
281627 6.600314 6.600314 1811.000000 1811.000000 1909.000000 883.000000 562.000000 28.000000 338.000000 0.000000 98.000000
282627 6.926629 6.926629 1849.000000 1849.000000 1949.000000 908.000000 510.000000 35.000000 396.000000 0.000000 100.000000
283627 5.950000 5.950000 1902.000000 1902.000000 2000.000000 964.000000 496.000000 21.000000 421.000000 0.000000 98.000000
284627 6.056202 6.056202 1969.000000 1969.000000 2064.000000 1041.000000 463.000000 30.000000 435.000000 0.000000 95.000000
285627 6.299580 6.299580 2047.000000 2047.000000 2143.000000 1124.000000 456.000000 39.000000 428.000000 0.000000 96.000000
286627 5.877075 5.877075 2133.000000 2133.000000 2229.000000 1225.000000 474.000000 35.000000 399.000000 0.000000 96.000000
287627 5.639260 5.639260 2222.000000 2222.000000 2323.000000 1365.000000 452.000000 30.000000 375.000000 0.000000 101.000000
288627 5.784436 5.784436 2298.000000 2298.000000 2403.000000 1465.000000 449.000000 34.000000 350.000000 0.000000 105.000000
289627 5.837359 5.837359 2375.000000 2375.000000 2484.000000 1561.000000 458.000000 36.000000 320.000000 0.000000 109.000000
290627 6.484375 6.484375 2448.000000 2448.000000 2560.000000 1634.000000 469.000000 54.000000 291.000000 0.000000 112.000000
291627 6.032837 6.032837 2504.000000 2504.000000 2619.000000 1674.000000 482.000000 43.000000 305.000000 0.000000 115.000000
292627 5.770663 5.770663 2568.000000 2568.000000 2686.000000 1738.000000 485.000000 37.000000 308.000000 0.000000 118.000000
293627 5.854372 5.854372 2619.000000 2619.000000 2733.000000 1756.000000 492.000000 46.000000 325.000000 0.000000 114.000000
294627 6.606822 6.606822 2660.000000 2660.000000 2785.000000 1737.000000 531.000000 59.000000 333.000000 0.000000 125.000000
295627 6.847864 6.847864 2709.000000 2709.000000 2833.000000 1718.000000 585.000000 70.000000 336.000000 0.000000 124.000000
296627 7.379310 7.379310 2777.000000 2777.000000 2900.000000 1696.000000 672.000000 91.000000 318.000000 0.000000 123.000000
297627 7.452165 7.452165 2856.000000 2856.000000 2979.000000 1687.000000 772.000000 99.000000 298.000000 0.000000 123.000000
298627 7.124011 7.124011 2905.000000 2905.000000 3032.000000 1646.000000 858.000000 89.000000 312.000000 0.000000 127.000000
299627 6.957929 6.957929 2957.000000 2957.000000 3090.000000 1620.000000 927.000000 82.000000 328.000000 0.000000 133.000000
300627 6.899841 6.899841 3012.000000 3012.000000 3145.000000 1594.000000 991.000000 84.000000 343.000000 0.000000 133.000000
301627 6.271558 6.271558 3053.000000 3053.000000 3189.000000 1554.000000 1052.000000 64.000000 383.000000 0.000000 136.000000
302627 6.141975 6.141975 3104.000000 3104.000000 3240.000000 1534.000000 1076.000000 63.000000 431.000000 0.000000 136.000000
303627 6.304676 6.304676 3167.000000 3167.000000 3315.000000 1557.000000 1058.000000 61.000000 491.000000 0.000000 148.000000
304627 6.487762 6.487762 3243.000000 3243.000000 3391.000000 1589.000000 1015.000000 72.000000 567.000000 0.000000 148.000000
305627 5.819649 5.819649 3318.000000 3318.000000 3471.000000 1654.000000 974.000000 49.000000 641.000000 0.000000 153.000000
306627 6.088664 6.088664 3413.000000 3413.000000 3564.000000 1726.000000 938.000000 66.000000 683.000000 0.000000 151.000000
307627 6.193724 6.193724 3514.000000 3514.000000 3665.000000 1809.000000 903.000000 76.000000 726.000000 0.000000 151.000000
308627 6.221988 6.221988 3641.000000 3641.000000 3793.000000 1922.000000 903.000000 84.000000 732.000000 0.000000 152.000000
309627 5.719370 5.719370 3784.000000 3784.000000 3934.000000 2087.000000 903.000000 75.000000 719.000000 0.000000 150.000000
310627 5.407389 5.407389 3938.000000 3938.000000 4087.000000 2281.000000 892.000000 72.000000 693.000000 0.000000 149.000000
311627 5.068688 5.068688 4075.000000 4075.000000 4222.000000 2435.000000 897.000000 67.000000 676.000000 0.000000 147.000000
312627 4.666057 4.666057 4221.000000 4221.000000 4372.000000 2643.000000 901.000000 53.000000 624.000000 0.000000 151.000000
313627 4.779902 4.779902 4349.000000 4349.000000 4498.000000 2768.000000 898.000000 66.000000 617.000000 0.000000 149.000000
314627 4.915548 4.915548 4471.000000 4471.000000 4618.000000 2891.000000 899.000000 80.000000 601.000000 0.000000 147.000000
315627 5.225453 5.225453 4600.000000 4600.000000 4746.000000 2996.000000 913.000000 102.000000 589.000000 0.000000 146.000000
316627 5.346494 5.346494 4707.000000 4707.000000 4863.000000 3055.000000 938.000000 104.000000 610.000000 0.000000 156.000000
317627 4.955681 4.955681 4804.000000 4804.000000 4964.000000 3112.000000 982.000000 86.000000 624.000000 0.000000 160.000000
318627 5.426661 5.426661 4919.000000 4919.000000 5086.000000 3179.000000 1019.000000 109.000000 612.000000 0.000000 167.000000
319627 6.296938 6.296938 5021.000000 5021.000000 5193.000000 3112.000000 1148.000000 155.000000 606.000000 0.000000 172.000000
320627 6.350104 6.350104 5121.000000 5121.000000 5307.000000 3072.000000 1277.000000 151.000000 621.000000 0.000000 186.000000
321627 6.639691 6.639691 5246.000000 5246.000000 5437.000000 3047.000000 1438.000000 170.000000 591.000000 0.000000 191.000000
322627 6.376081 6.376081 5352.000000 5352.000000 5552.000000 3013.000000 1575.000000 154.000000 610.000000 0.000000 200.000000
323627 6.115235 6.115235 5455.000000 5455.000000 5658.000000 2974.000000 1693.000000 143.000000 645.000000 0.000000 203.000000
249471 2.521930 2.521930 912.000000 912.000000 912.000000 502.000000 264.000000 23.000000 123.000000 0.000000 0.000000
250471 2.682403 2.682403 931.000000 931.000000 932.000000 495.000000 278.000000 24.000000 134.000000 0.000000 1.000000
251471 2.916667 2.916667 955.000000 955.000000 960.000000 510.000000 286.000000 23.000000 136.000000 0.000000 5.000000
252471 3.252033 3.252033 978.000000 978.000000 984.000000 514.000000 286.000000 26.000000 152.000000 0.000000 6.000000
253471 2.865613 2.865613 1001.000000 1001.000000 1012.000000 539.000000 278.000000 18.000000 166.000000 0.000000 11.000000
254471 3.567985 3.567985 1024.000000 1024.000000 1037.000000 544.000000 283.000000 24.000000 173.000000 0.000000 13.000000
255471 4.575163 4.575163 1056.000000 1056.000000 1071.000000 556.000000 291.000000 34.000000 175.000000 0.000000 15.000000
256471 3.734062 3.734062 1079.000000 1079.000000 1098.000000 575.000000 301.000000 22.000000 181.000000 0.000000 19.000000
257471 3.268551 3.268551 1113.000000 1113.000000 1132.000000 614.000000 294.000000 18.000000 187.000000 0.000000 19.000000
258471 2.391119 2.391119 1151.000000 1151.000000 1171.000000 663.000000 289.000000 8.000000 191.000000 0.000000 20.000000
259471 3.060380 3.060380 1188.000000 1188.000000 1209.000000 711.000000 267.000000 16.000000 194.000000 0.000000 21.000000
260471 3.935743 3.935743 1219.000000 1219.000000 1245.000000 740.000000 256.000000 23.000000 200.000000 0.000000 26.000000
261471 4.056162 4.056162 1253.000000 1253.000000 1282.000000 775.000000 261.000000 23.000000 194.000000 0.000000 29.000000
262471 4.097117 4.097117 1287.000000 1287.000000 1318.000000 806.000000 254.000000 23.000000 204.000000 0.000000 31.000000
263471 4.635762 4.635762 1326.000000 1326.000000 1359.000000 834.000000 257.000000 30.000000 205.000000 0.000000 33.000000
264471 4.125178 4.125178 1371.000000 1371.000000 1406.000000 876.000000 273.000000 23.000000 199.000000 0.000000 35.000000
265471 4.507628 4.507628 1403.000000 1403.000000 1442.000000 898.000000 286.000000 26.000000 193.000000 0.000000 39.000000
266471 5.416385 5.416385 1435.000000 1435.000000 1477.000000 897.000000 316.000000 38.000000 184.000000 0.000000 42.000000
267471 4.596192 4.596192 1480.000000 1480.000000 1523.000000 937.000000 345.000000 27.000000 171.000000 0.000000 43.000000
268471 4.987212 4.987212 1519.000000 1519.000000 1564.000000 959.000000 366.000000 33.000000 161.000000 0.000000 45.000000
269471 5.617978 5.617978 1552.000000 1552.000000 1602.000000 966.000000 387.000000 40.000000 159.000000 0.000000 50.000000
270471 6.322897 6.322897 1574.000000 1574.000000 1629.000000 936.000000 409.000000 48.000000 181.000000 0.000000 55.000000
271471 6.393245 6.393245 1596.000000 1596.000000 1658.000000 915.000000 432.000000 44.000000 205.000000 0.000000 62.000000
272471 6.191038 6.191038 1631.000000 1631.000000 1696.000000 925.000000 454.000000 40.000000 212.000000 0.000000 65.000000
273471 6.144928 6.144928 1657.000000 1657.000000 1725.000000 910.000000 474.000000 38.000000 235.000000 0.000000 68.000000
274471 6.659078 6.659078 1684.000000 1684.000000 1757.000000 906.000000 483.000000 44.000000 251.000000 0.000000 73.000000
275471 5.983380 5.983380 1731.000000 1731.000000 1805.000000 929.000000 507.000000 34.000000 261.000000 0.000000 74.000000
276471 6.415094 6.415094 1779.000000 1779.000000 1855.000000 952.000000 513.000000 43.000000 271.000000 0.000000 76.000000
277471 6.012658 6.012658 1819.000000 1819.000000 1896.000000 967.000000 528.000000 37.000000 287.000000 0.000000 77.000000
278471 6.952965 6.952965 1876.000000 1876.000000 1956.000000 1005.000000 513.000000 56.000000 302.000000 0.000000 80.000000
279471 5.914787 5.914787 1917.000000 1917.000000 1995.000000 1018.000000 538.000000 40.000000 321.000000 0.000000 78.000000
280471 5.747686 5.747686 1973.000000 1973.000000 2053.000000 1070.000000 530.000000 38.000000 335.000000 0.000000 80.000000
281471 5.300521 5.300521 2035.000000 2035.000000 2113.000000 1127.000000 530.000000 34.000000 344.000000 0.000000 78.000000
282471 5.343160 5.343160 2090.000000 2090.000000 2171.000000 1186.000000 523.000000 35.000000 346.000000 0.000000 81.000000
283471 4.910714 4.910714 2158.000000 2158.000000 2240.000000 1266.000000 515.000000 28.000000 349.000000 0.000000 82.000000
284471 4.960836 4.960836 2217.000000 2217.000000 2298.000000 1326.000000 491.000000 33.000000 367.000000 0.000000 81.000000
285471 5.389474 5.389474 2293.000000 2293.000000 2375.000000 1410.000000 483.000000 46.000000 354.000000 0.000000 82.000000
286471 5.480573 5.480573 2358.000000 2358.000000 2445.000000 1456.000000 490.000000 47.000000 365.000000 0.000000 87.000000
287471 5.903470 5.903470 2419.000000 2419.000000 2507.000000 1481.000000 509.000000 60.000000 369.000000 0.000000 88.000000
288471 5.432674 5.432674 2483.000000 2483.000000 2577.000000 1530.000000 540.000000 46.000000 367.000000 0.000000 94.000000
289471 5.534639 5.534639 2557.000000 2557.000000 2656.000000 1605.000000 560.000000 48.000000 344.000000 0.000000 99.000000
290471 5.604720 5.604720 2614.000000 2614.000000 2712.000000 1612.000000 599.000000 54.000000 349.000000 0.000000 98.000000
291471 5.555556 5.555556 2689.000000 2689.000000 2790.000000 1669.000000 633.000000 54.000000 333.000000 0.000000 101.000000
292471 5.775289 5.775289 2757.000000 2757.000000 2857.000000 1698.000000 679.000000 65.000000 315.000000 0.000000 100.000000
293471 5.546046 5.546046 2820.000000 2820.000000 2921.000000 1718.000000 712.000000 61.000000 329.000000 0.000000 101.000000
294471 5.700872 5.700872 2876.000000 2876.000000 2982.000000 1711.000000 748.000000 64.000000 353.000000 0.000000 106.000000
295471 6.042693 6.042693 2935.000000 2935.000000 3045.000000 1720.000000 762.000000 74.000000 379.000000 0.000000 110.000000
296471 6.129032 6.129032 2985.000000 2985.000000 3100.000000 1689.000000 818.000000 75.000000 403.000000 0.000000 115.000000
297471 6.402536 6.402536 3031.000000 3031.000000 3155.000000 1660.000000 851.000000 78.000000 442.000000 0.000000 124.000000
298471 6.689273 6.689273 3114.000000 3114.000000 3244.000000 1706.000000 869.000000 87.000000 452.000000 0.000000 130.000000
299471 5.766908 5.766908 3182.000000 3182.000000 3312.000000 1722.000000 918.000000 61.000000 481.000000 0.000000 130.000000
300471 6.001765 6.001765 3275.000000 3275.000000 3399.000000 1759.000000 950.000000 80.000000 486.000000 0.000000 124.000000
301471 5.590778 5.590778 3345.000000 3345.000000 3470.000000 1774.000000 974.000000 69.000000 528.000000 0.000000 125.000000
302471 5.495119 5.495119 3454.000000 3454.000000 3585.000000 1879.000000 988.000000 66.000000 521.000000 0.000000 131.000000
303471 6.130790 6.130790 3536.000000 3536.000000 3670.000000 1901.000000 996.000000 91.000000 548.000000 0.000000 134.000000
304471 5.598302 5.598302 3630.000000 3630.000000 3769.000000 1962.000000 1016.000000 72.000000 580.000000 0.000000 139.000000
305471 5.610134 5.610134 3725.000000 3725.000000 3868.000000 2030.000000 1002.000000 74.000000 619.000000 0.000000 143.000000
306471 5.243352 5.243352 3839.000000 3839.000000 3986.000000 2153.000000 979.000000 62.000000 645.000000 0.000000 147.000000
307471 5.296558 5.296558 3951.000000 3951.000000 4097.000000 2251.000000 958.000000 71.000000 671.000000 0.000000 146.000000
308471 5.180608 5.180608 4057.000000 4057.000000 4208.000000 2348.000000 954.000000 67.000000 688.000000 0.000000 151.000000
309471 5.241284 5.241284 4175.000000 4175.000000 4331.000000 2453.000000 965.000000 71.000000 686.000000 0.000000 156.000000
310471 5.836139 5.836139 4296.000000 4296.000000 4455.000000 2541.000000 979.000000 101.000000 675.000000 0.000000 159.000000
311471 5.527748 5.527748 4431.000000 4431.000000 4595.000000 2674.000000 989.000000 90.000000 678.000000 0.000000 164.000000
312471 5.802912 5.802912 4570.000000 4570.000000 4739.000000 2788.000000 1025.000000 106.000000 651.000000 0.000000 169.000000
313471 5.432099 5.432099 4688.000000 4688.000000 4860.000000 2854.000000 1095.000000 92.000000 647.000000 0.000000 172.000000
314471 5.744125 5.744125 4797.000000 4797.000000 4979.000000 2911.000000 1112.000000 104.000000 670.000000 0.000000 182.000000
315471 5.670002 5.670002 4905.000000 4905.000000 5097.000000 2966.000000 1174.000000 97.000000 668.000000 0.000000 192.000000
316471 5.828397 5.828397 5039.000000 5039.000000 5233.000000 3045.000000 1230.000000 111.000000 653.000000 0.000000 194.000000
317471 6.024322 6.024322 5144.000000 5144.000000 5345.000000 3047.000000 1305.000000 121.000000 671.000000 0.000000 201.000000
318471 5.730973 5.730973 5270.000000 5270.000000 5479.000000 3120.000000 1345.000000 105.000000 700.000000 0.000000 209.000000
319471 5.846702 5.846702 5401.000000 5401.000000 5610.000000 3153.000000 1424.000000 119.000000 705.000000 0.000000 209.000000
320471 6.128863 6.128863 5510.000000 5510.000000 5727.000000 3153.000000 1463.000000 134.000000 760.000000 0.000000 217.000000
321471 6.357888 6.357888 5628.000000 5628.000000 5851.000000 3171.000000 1519.000000 149.000000 789.000000 0.000000 223.000000
250636 4.606742 4.606742 890.000000 890.000000 890.000000 470.000000 336.000000 41.000000 43.000000 0.000000 0.000000
251636 5.369128 5.369128 889.000000 889.000000 894.000000 404.000000 381.000000 43.000000 61.000000 0.000000 5.000000
252636 5.555556 5.555556 884.000000 884.000000 900.000000 352.000000 415.000000 34.000000 83.000000 0.000000 16.000000
253636 5.518764 5.518764 888.000000 888.000000 906.000000 307.000000 435.000000 32.000000 114.000000 0.000000 18.000000
254636 6.318083 6.318083 897.000000 897.000000 918.000000 260.000000 457.000000 37.000000 143.000000 0.000000 21.000000
255636 5.223881 5.223881 914.000000 914.000000 938.000000 255.000000 456.000000 25.000000 178.000000 0.000000 24.000000
256636 5.010438 5.010438 933.000000 933.000000 958.000000 251.000000 440.000000 23.000000 219.000000 0.000000 25.000000
257636 3.963415 3.963415 958.000000 958.000000 984.000000 283.000000 401.000000 13.000000 261.000000 0.000000 26.000000
258636 3.525955 3.525955 994.000000 994.000000 1021.000000 346.000000 345.000000 9.000000 294.000000 0.000000 27.000000
259636 2.916275 2.916275 1037.000000 1037.000000 1063.000000 424.000000 303.000000 5.000000 305.000000 0.000000 26.000000
260636 2.765388 2.765388 1094.000000 1094.000000 1121.000000 539.000000 248.000000 4.000000 303.000000 0.000000 27.000000
261636 2.459712 2.459712 1151.000000 1151.000000 1179.000000 653.000000 208.000000 1.000000 289.000000 0.000000 28.000000
262636 2.669903 2.669903 1208.000000 1208.000000 1236.000000 756.000000 156.000000 5.000000 291.000000 0.000000 28.000000
263636 2.741813 2.741813 1284.000000 1284.000000 1313.000000 900.000000 116.000000 7.000000 261.000000 0.000000 29.000000
264636 2.930403 2.930403 1335.000000 1335.000000 1365.000000 984.000000 99.000000 10.000000 242.000000 0.000000 30.000000
265636 3.248588 3.248588 1385.000000 1385.000000 1416.000000 1060.000000 96.000000 15.000000 214.000000 0.000000 31.000000
266636 3.832991 3.832991 1428.000000 1428.000000 1461.000000 1113.000000 102.000000 23.000000 190.000000 0.000000 33.000000
267636 3.830911 3.830911 1479.000000 1479.000000 1514.000000 1176.000000 129.000000 23.000000 151.000000 0.000000 35.000000
268636 3.753181 3.753181 1534.000000 1534.000000 1572.000000 1234.000000 180.000000 21.000000 99.000000 0.000000 38.000000
269636 4.568210 4.568210 1557.000000 1557.000000 1598.000000 1223.000000 219.000000 32.000000 83.000000 0.000000 41.000000
270636 6.034483 6.034483 1578.000000 1578.000000 1624.000000 1188.000000 270.000000 52.000000 68.000000 0.000000 46.000000
271636 7.099515 7.099515 1594.000000 1594.000000 1648.000000 1130.000000 345.000000 63.000000 56.000000 0.000000 54.000000
272636 6.622517 6.622517 1602.000000 1602.000000 1661.000000 1045.000000 439.000000 51.000000 67.000000 0.000000 59.000000
273636 8.208508 8.208508 1606.000000 1606.000000 1669.000000 948.000000 503.000000 74.000000 81.000000 0.000000 63.000000
274636 7.825568 7.825568 1605.000000 1605.000000 1674.000000 846.000000 588.000000 62.000000 109.000000 0.000000 69.000000
275636 7.427213 7.427213 1612.000000 1612.000000 1683.000000 763.000000 648.000000 54.000000 147.000000 0.000000 71.000000
276636 7.710418 7.710418 1624.000000 1624.000000 1699.000000 698.000000 699.000000 56.000000 171.000000 0.000000 75.000000
277636 7.817970 7.817970 1634.000000 1634.000000 1714.000000 648.000000 713.000000 54.000000 219.000000 0.000000 80.000000
278636 7.696726 7.696726 1657.000000 1657.000000 1741.000000 604.000000 734.000000 50.000000 269.000000 0.000000 84.000000
279636 7.774648 7.774648 1691.000000 1691.000000 1775.000000 585.000000 726.000000 54.000000 326.000000 0.000000 84.000000
280636 6.970362 6.970362 1734.000000 1734.000000 1822.000000 606.000000 711.000000 39.000000 378.000000 0.000000 88.000000
281636 6.333870 6.333870 1773.000000 1773.000000 1863.000000 642.000000 653.000000 28.000000 450.000000 0.000000 90.000000
282636 6.156234 6.156234 1841.000000 1841.000000 1933.000000 748.000000 588.000000 27.000000 478.000000 0.000000 92.000000
283636 5.533400 5.533400 1909.000000 1909.000000 2006.000000 866.000000 525.000000 14.000000 504.000000 0.000000 97.000000
284636 5.243089 5.243089 2001.000000 2001.000000 2098.000000 1025.000000 470.000000 13.000000 493.000000 0.000000 97.000000
285636 5.004550 5.004550 2101.000000 2101.000000 2198.000000 1211.000000 406.000000 13.000000 471.000000 0.000000 97.000000
286636 5.217391 5.217391 2201.000000 2201.000000 2300.000000 1379.000000 336.000000 21.000000 465.000000 0.000000 99.000000
287636 4.983389 4.983389 2310.000000 2310.000000 2408.000000 1567.000000 283.000000 22.000000 438.000000 0.000000 98.000000
288636 4.889780 4.889780 2396.000000 2396.000000 2495.000000 1697.000000 260.000000 23.000000 416.000000 0.000000 99.000000
289636 5.275407 5.275407 2477.000000 2477.000000 2578.000000 1802.000000 255.000000 35.000000 385.000000 0.000000 101.000000
290636 5.353800 5.353800 2567.000000 2567.000000 2671.000000 1920.000000 278.000000 39.000000 330.000000 0.000000 104.000000
291636 5.211370 5.211370 2638.000000 2638.000000 2744.000000 1991.000000 321.000000 37.000000 289.000000 0.000000 106.000000
292636 5.888613 5.888613 2713.000000 2713.000000 2819.000000 2047.000000 370.000000 60.000000 236.000000 0.000000 106.000000
293636 5.847546 5.847546 2767.000000 2767.000000 2873.000000 2035.000000 468.000000 62.000000 202.000000 0.000000 106.000000
294636 6.277721 6.277721 2822.000000 2822.000000 2931.000000 2025.000000 553.000000 75.000000 169.000000 0.000000 109.000000
295636 7.169303 7.169303 2855.000000 2855.000000 2971.000000 1918.000000 675.000000 97.000000 165.000000 0.000000 116.000000
296636 7.033333 7.033333 2878.000000 2878.000000 3000.000000 1810.000000 803.000000 89.000000 176.000000 0.000000 122.000000
297636 7.951171 7.951171 2901.000000 2901.000000 3031.000000 1691.000000 900.000000 111.000000 199.000000 0.000000 130.000000
298636 7.846356 7.846356 2905.000000 2905.000000 3046.000000 1550.000000 1012.000000 98.000000 245.000000 0.000000 141.000000
299636 7.862248 7.862248 2931.000000 2931.000000 3078.000000 1466.000000 1084.000000 95.000000 286.000000 0.000000 147.000000
300636 8.499038 8.499038 2961.000000 2961.000000 3118.000000 1370.000000 1119.000000 108.000000 364.000000 0.000000 157.000000
301636 8.211795 8.211795 2996.000000 2996.000000 3154.000000 1281.000000 1197.000000 101.000000 417.000000 0.000000 158.000000
302636 8.016220 8.016220 3044.000000 3044.000000 3206.000000 1238.000000 1219.000000 95.000000 492.000000 0.000000 162.000000
303636 7.444853 7.444853 3098.000000 3098.000000 3264.000000 1228.000000 1184.000000 77.000000 609.000000 0.000000 166.000000
304636 6.957301 6.957301 3180.000000 3180.000000 3349.000000 1284.000000 1153.000000 64.000000 679.000000 0.000000 169.000000
305636 7.231704 7.231704 3284.000000 3284.000000 3457.000000 1391.000000 1086.000000 77.000000 730.000000 0.000000 173.000000
306636 6.477846 6.477846 3387.000000 3387.000000 3566.000000 1509.000000 1046.000000 52.000000 780.000000 0.000000 179.000000
307636 5.989160 5.989160 3507.000000 3507.000000 3690.000000 1686.000000 970.000000 38.000000 813.000000 0.000000 183.000000
308636 5.859476 5.859476 3670.000000 3670.000000 3857.000000 1956.000000 865.000000 39.000000 810.000000 0.000000 187.000000
309636 5.703611 5.703611 3827.000000 3827.000000 4015.000000 2202.000000 772.000000 41.000000 812.000000 0.000000 188.000000
310636 5.623648 5.623648 3970.000000 3970.000000 4161.000000 2421.000000 707.000000 43.000000 799.000000 0.000000 191.000000
311636 5.360444 5.360444 4138.000000 4138.000000 4328.000000 2665.000000 675.000000 42.000000 756.000000 0.000000 190.000000
312636 5.358339 5.358339 4291.000000 4291.000000 4479.000000 2878.000000 657.000000 52.000000 704.000000 0.000000 188.000000
313636 5.383290 5.383290 4451.000000 4451.000000 4644.000000 3107.000000 643.000000 57.000000 644.000000 0.000000 193.000000
314636 5.730360 5.730360 4608.000000 4608.000000 4799.000000 3284.000000 649.000000 84.000000 591.000000 0.000000 191.000000
315636 6.128247 6.128247 4733.000000 4733.000000 4928.000000 3384.000000 697.000000 107.000000 545.000000 0.000000 195.000000
316636 6.037213 6.037213 4848.000000 4848.000000 5052.000000 3440.000000 814.000000 101.000000 493.000000 0.000000 204.000000
317636 6.222049 6.222049 4940.000000 4940.000000 5143.000000 3413.000000 942.000000 117.000000 468.000000 0.000000 203.000000
318636 6.757015 6.757015 5028.000000 5028.000000 5239.000000 3372.000000 1064.000000 143.000000 449.000000 0.000000 211.000000
319636 6.963684 6.963684 5126.000000 5126.000000 5342.000000 3303.000000 1251.000000 156.000000 416.000000 0.000000 216.000000
320636 7.096655 7.096655 5190.000000 5190.000000 5411.000000 3156.000000 1434.000000 163.000000 437.000000 0.000000 221.000000
321636 7.014028 7.014028 5257.000000 5257.000000 5489.000000 3035.000000 1618.000000 153.000000 451.000000 0.000000 232.000000
322636 7.272401 7.272401 5336.000000 5336.000000 5569.000000 2905.000000 1764.000000 172.000000 495.000000 0.000000 233.000000
251605 2.436323 2.436323 903.000000 903.000000 903.000000 490.000000 279.000000 22.000000 112.000000 0.000000 0.000000
252605 4.030501 4.030501 915.000000 915.000000 918.000000 459.000000 299.000000 34.000000 123.000000 0.000000 3.000000
253605 4.564756 4.564756 936.000000 936.000000 942.000000 445.000000 313.000000 37.000000 141.000000 0.000000 6.000000
254605 4.045643 4.045643 956.000000 956.000000 964.000000 442.000000 329.000000 31.000000 154.000000 0.000000 8.000000
255605 2.741117 2.741117 977.000000 977.000000 985.000000 443.000000 340.000000 19.000000 175.000000 0.000000 8.000000
256605 2.862784 2.862784 1005.000000 1005.000000 1013.000000 467.000000 330.000000 21.000000 187.000000 0.000000 8.000000
257605 3.336511 3.336511 1041.000000 1041.000000 1049.000000 494.000000 332.000000 27.000000 188.000000 0.000000 8.000000
258605 2.878366 2.878366 1066.000000 1066.000000 1077.000000 515.000000 332.000000 20.000000 199.000000 0.000000 11.000000
259605 2.060932 2.060932 1104.000000 1104.000000 1116.000000 570.000000 320.000000 11.000000 203.000000 0.000000 12.000000
260605 1.896552 1.896552 1148.000000 1148.000000 1160.000000 638.000000 291.000000 10.000000 209.000000 0.000000 12.000000
261605 2.251877 2.251877 1186.000000 1186.000000 1199.000000 695.000000 259.000000 14.000000 218.000000 0.000000 13.000000
262605 1.940178 1.940178 1223.000000 1223.000000 1237.000000 749.000000 233.000000 10.000000 231.000000 0.000000 14.000000
263605 2.349256 2.349256 1263.000000 1263.000000 1277.000000 802.000000 212.000000 16.000000 233.000000 0.000000 14.000000
264605 3.101362 3.101362 1304.000000 1304.000000 1322.000000 849.000000 203.000000 23.000000 229.000000 0.000000 18.000000
265605 3.521643 3.521643 1341.000000 1341.000000 1363.000000 885.000000 210.000000 26.000000 220.000000 0.000000 22.000000
266605 3.886926 3.886926 1390.000000 1390.000000 1415.000000 940.000000 221.000000 30.000000 199.000000 0.000000 25.000000
267605 3.551913 3.551913 1436.000000 1436.000000 1464.000000 988.000000 234.000000 24.000000 190.000000 0.000000 28.000000
268605 3.315650 3.315650 1478.000000 1478.000000 1508.000000 1019.000000 278.000000 20.000000 161.000000 0.000000 30.000000
269605 4.642166 4.642166 1518.000000 1518.000000 1551.000000 1035.000000 306.000000 39.000000 138.000000 0.000000 33.000000
270605 4.870335 4.870335 1545.000000 1545.000000 1581.000000 1032.000000 341.000000 41.000000 131.000000 0.000000 36.000000
271605 6.339341 6.339341 1569.000000 1569.000000 1609.000000 996.000000 372.000000 62.000000 139.000000 0.000000 40.000000
272605 4.987835 4.987835 1600.000000 1600.000000 1644.000000 990.000000 438.000000 38.000000 134.000000 0.000000 44.000000
273605 5.502392 5.502392 1624.000000 1624.000000 1672.000000 971.000000 462.000000 44.000000 147.000000 0.000000 48.000000
274605 5.861456 5.861456 1638.000000 1638.000000 1689.000000 922.000000 488.000000 48.000000 180.000000 0.000000 51.000000
275605 5.081776 5.081776 1656.000000 1656.000000 1712.000000 886.000000 530.000000 31.000000 209.000000 0.000000 56.000000
276605 5.552376 5.552376 1689.000000 1689.000000 1747.000000 875.000000 552.000000 39.000000 223.000000 0.000000 58.000000
277605 6.644144 6.644144 1715.000000 1715.000000 1776.000000 840.000000 565.000000 57.000000 253.000000 0.000000 61.000000
278605 6.401766 6.401766 1746.000000 1746.000000 1812.000000 813.000000 597.000000 50.000000 286.000000 0.000000 66.000000
279605 5.939005 5.939005 1797.000000 1797.000000 1869.000000 856.000000 596.000000 39.000000 306.000000 0.000000 72.000000
280605 6.311946 6.311946 1842.000000 1842.000000 1917.000000 882.000000 582.000000 46.000000 332.000000 0.000000 75.000000
281605 5.643111 5.643111 1888.000000 1888.000000 1967.000000 928.000000 574.000000 32.000000 354.000000 0.000000 79.000000
282605 6.172840 6.172840 1942.000000 1942.000000 2025.000000 981.000000 538.000000 42.000000 381.000000 0.000000 83.000000
283605 6.056271 6.056271 2010.000000 2010.000000 2097.000000 1063.000000 526.000000 40.000000 381.000000 0.000000 87.000000
284605 5.637708 5.637708 2074.000000 2074.000000 2164.000000 1137.000000 516.000000 32.000000 389.000000 0.000000 90.000000
285605 5.406613 5.406613 2147.000000 2147.000000 2238.000000 1234.000000 480.000000 30.000000 403.000000 0.000000 91.000000
286605 5.131522 5.131522 2226.000000 2226.000000 2319.000000 1350.000000 448.000000 26.000000 402.000000 0.000000 93.000000
287605 5.500000 5.500000 2303.000000 2303.000000 2400.000000 1447.000000 435.000000 35.000000 386.000000 0.000000 97.000000
288605 5.261028 5.261028 2369.000000 2369.000000 2471.000000 1536.000000 417.000000 28.000000 388.000000 0.000000 102.000000
289605 5.507474 5.507474 2445.000000 2445.000000 2542.000000 1619.000000 413.000000 43.000000 370.000000 0.000000 97.000000
290605 5.692600 5.692600 2531.000000 2531.000000 2635.000000 1714.000000 444.000000 46.000000 327.000000 0.000000 104.000000
291605 5.697373 5.697373 2598.000000 2598.000000 2703.000000 1761.000000 476.000000 49.000000 312.000000 0.000000 105.000000
292605 6.035417 6.035417 2659.000000 2659.000000 2767.000000 1779.000000 509.000000 59.000000 312.000000 0.000000 108.000000
293605 6.605440 6.605440 2719.000000 2719.000000 2831.000000 1784.000000 553.000000 75.000000 307.000000 0.000000 112.000000
294605 6.574394 6.574394 2772.000000 2772.000000 2890.000000 1783.000000 628.000000 72.000000 289.000000 0.000000 118.000000
295605 6.850716 6.850716 2808.000000 2808.000000 2934.000000 1749.000000 691.000000 75.000000 293.000000 0.000000 126.000000
296605 7.610147 7.610147 2865.000000 2865.000000 2996.000000 1708.000000 774.000000 97.000000 286.000000 0.000000 131.000000
297605 7.033039 7.033039 2919.000000 2919.000000 3057.000000 1703.000000 844.000000 77.000000 295.000000 0.000000 138.000000
298605 7.204889 7.204889 2963.000000 2963.000000 3109.000000 1658.000000 901.000000 78.000000 326.000000 0.000000 146.000000
299605 7.056962 7.056962 3009.000000 3009.000000 3160.000000 1622.000000 948.000000 72.000000 367.000000 0.000000 151.000000
300605 7.728264 7.728264 3056.000000 3056.000000 3209.000000 1553.000000 987.000000 95.000000 421.000000 0.000000 153.000000
301605 7.527540 7.527540 3109.000000 3109.000000 3268.000000 1531.000000 1029.000000 87.000000 462.000000 0.000000 159.000000
302605 6.872749 6.872749 3170.000000 3170.000000 3332.000000 1530.000000 1063.000000 67.000000 510.000000 0.000000 162.000000
303605 6.824839 6.824839 3250.000000 3250.000000 3414.000000 1572.000000 1039.000000 69.000000 570.000000 0.000000 164.000000
304605 6.447932 6.447932 3340.000000 3340.000000 3505.000000 1642.000000 1035.000000 61.000000 602.000000 0.000000 165.000000
305605 6.633361 6.633361 3437.000000 3437.000000 3603.000000 1712.000000 1013.000000 73.000000 639.000000 0.000000 166.000000
306605 6.008119 6.008119 3529.000000 3529.000000 3695.000000 1804.000000 978.000000 56.000000 691.000000 0.000000 166.000000
307605 6.241839 6.241839 3661.000000 3661.000000 3829.000000 1953.000000 939.000000 71.000000 698.000000 0.000000 168.000000
308605 5.989386 5.989386 3788.000000 3788.000000 3957.000000 2087.000000 918.000000 68.000000 715.000000 0.000000 169.000000
309605 5.942773 5.942773 3917.000000 3917.000000 4089.000000 2228.000000 904.000000 71.000000 714.000000 0.000000 172.000000
310605 5.574004 5.574004 4037.000000 4037.000000 4216.000000 2378.000000 888.000000 56.000000 715.000000 0.000000 179.000000
311605 5.229358 5.229358 4178.000000 4178.000000 4360.000000 2582.000000 852.000000 46.000000 698.000000 0.000000 182.000000
312605 5.580258 5.580258 4315.000000 4315.000000 4498.000000 2739.000000 836.000000 68.000000 672.000000 0.000000 183.000000
313605 5.927835 5.927835 4466.000000 4466.000000 4656.000000 2906.000000 840.000000 86.000000 634.000000 0.000000 190.000000
314605 5.930427 5.930427 4578.000000 4578.000000 4772.000000 2988.000000 881.000000 89.000000 620.000000 0.000000 194.000000
315605 6.090333 6.090333 4695.000000 4695.000000 4893.000000 3051.000000 931.000000 100.000000 613.000000 0.000000 198.000000
316605 6.279904 6.279904 4810.000000 4810.000000 5016.000000 3123.000000 972.000000 109.000000 606.000000 0.000000 206.000000
317605 6.000390 6.000390 4921.000000 4921.000000 5133.000000 3174.000000 1053.000000 96.000000 598.000000 0.000000 212.000000
318605 6.723973 6.723973 5024.000000 5024.000000 5235.000000 3151.000000 1154.000000 141.000000 578.000000 0.000000 211.000000
319605 6.660430 6.660430 5129.000000 5129.000000 5345.000000 3131.000000 1288.000000 140.000000 570.000000 0.000000 216.000000
320605 7.060334 7.060334 5222.000000 5222.000000 5453.000000 3082.000000 1411.000000 154.000000 575.000000 0.000000 231.000000
321605 6.758943 6.758943 5329.000000 5329.000000 5563.000000 3061.000000 1530.000000 142.000000 596.000000 0.000000 234.000000
322605 7.058616 7.058616 5436.000000 5436.000000 5681.000000 3033.000000 1607.000000 156.000000 640.000000 0.000000 245.000000
323605 6.985993 6.985993 5535.000000 5535.000000 5783.000000 2983.000000 1702.000000 156.000000 694.000000 0.000000 248.000000
249456 3.459821 3.459821 896.000000 896.000000 896.000000 485.000000 278.000000 31.000000 102.000000 0.000000 0.000000
250456 3.626374 3.626374 909.000000 909.000000 910.000000 459.000000 304.000000 32.000000 114.000000 0.000000 1.000000
251456 3.459459 3.459459 923.000000 923.000000 925.000000 436.000000 332.000000 30.000000 125.000000 0.000000 2.000000
252456 2.542373 2.542373 941.000000 941.000000 944.000000 428.000000 345.000000 21.000000 147.000000 0.000000 3.000000
253456 3.089598 3.089598 964.000000 964.000000 971.000000 438.000000 348.000000 23.000000 155.000000 0.000000 7.000000
254456 2.102102 2.102102 991.000000 991.000000 999.000000 466.000000 345.000000 13.000000 167.000000 0.000000 8.000000
255456 1.564027 1.564027 1015.000000 1015.000000 1023.000000 496.000000 325.000000 8.000000 186.000000 0.000000 8.000000
256456 2.654028 2.654028 1047.000000 1047.000000 1055.000000 523.000000 307.000000 20.000000 197.000000 0.000000 8.000000
257456 2.289377 2.289377 1083.000000 1083.000000 1092.000000 574.000000 282.000000 16.000000 211.000000 0.000000 9.000000
258456 2.040816 2.040816 1118.000000 1118.000000 1127.000000 619.000000 249.000000 14.000000 236.000000 0.000000 9.000000
259456 2.656384 2.656384 1156.000000 1156.000000 1167.000000 669.000000 227.000000 20.000000 240.000000 0.000000 11.000000
260456 3.308519 3.308519 1195.000000 1195.000000 1209.000000 703.000000 222.000000 26.000000 244.000000 0.000000 14.000000
261456 2.557954 2.557954 1233.000000 1233.000000 1251.000000 760.000000 221.000000 14.000000 238.000000 0.000000 18.000000
262456 2.936631 2.936631 1275.000000 1275.000000 1294.000000 816.000000 216.000000 19.000000 224.000000 0.000000 19.000000
263456 3.118040 3.118040 1328.000000 1328.000000 1347.000000 879.000000 234.000000 23.000000 192.000000 0.000000 19.000000
264456 3.785714 3.785714 1379.000000 1379.000000 1400.000000 934.000000 250.000000 32.000000 163.000000 0.000000 21.000000
265456 3.319502 3.319502 1423.000000 1423.000000 1446.000000 974.000000 272.000000 25.000000 152.000000 0.000000 23.000000
266456 4.104980 4.104980 1461.000000 1461.000000 1486.000000 1000.000000 288.000000 36.000000 137.000000 0.000000 25.000000
267456 3.828383 3.828383 1486.000000 1486.000000 1515.000000 1006.000000 308.000000 29.000000 143.000000 0.000000 29.000000
268456 4.226268 4.226268 1507.000000 1507.000000 1538.000000 980.000000 333.000000 34.000000 160.000000 0.000000 31.000000
269456 4.670505 4.670505 1530.000000 1530.000000 1563.000000 957.000000 366.000000 40.000000 167.000000 0.000000 33.000000
270456 4.627892 4.627892 1560.000000 1560.000000 1599.000000 964.000000 398.000000 35.000000 163.000000 0.000000 39.000000
271456 5.233990 5.233990 1581.000000 1581.000000 1624.000000 928.000000 431.000000 42.000000 180.000000 0.000000 43.000000
272456 5.304400 5.304400 1612.000000 1612.000000 1659.000000 928.000000 450.000000 41.000000 193.000000 0.000000 47.000000
273456 6.375443 6.375443 1639.000000 1639.000000 1694.000000 902.000000 472.000000 53.000000 212.000000 0.000000 55.000000
274456 5.889145 5.889145 1674.000000 1674.000000 1732.000000 904.000000 505.000000 44.000000 221.000000 0.000000 58.000000
275456 7.312925 7.312925 1701.000000 1701.000000 1764.000000 851.000000 543.000000 66.000000 241.000000 0.000000 63.000000
276456 6.444444 6.444444 1733.000000 1733.000000 1800.000000 844.000000 575.000000 49.000000 265.000000 0.000000 67.000000
277456 6.101512 6.101512 1782.000000 1782.000000 1852.000000 871.000000 592.000000 43.000000 276.000000 0.000000 70.000000
278456 5.147059 5.147059 1834.000000 1834.000000 1904.000000 923.000000 586.000000 28.000000 297.000000 0.000000 70.000000
279456 5.427547 5.427547 1878.000000 1878.000000 1953.000000 958.000000 575.000000 31.000000 314.000000 0.000000 75.000000
280456 5.386534 5.386534 1928.000000 1928.000000 2005.000000 1015.000000 547.000000 31.000000 335.000000 0.000000 77.000000
281456 5.393586 5.393586 1981.000000 1981.000000 2058.000000 1064.000000 521.000000 34.000000 362.000000 0.000000 77.000000
282456 6.004728 6.004728 2036.000000 2036.000000 2115.000000 1116.000000 498.000000 48.000000 374.000000 0.000000 79.000000
283456 5.200730 5.200730 2109.000000 2109.000000 2192.000000 1214.000000 470.000000 31.000000 394.000000 0.000000 83.000000
284456 5.577689 5.577689 2172.000000 2172.000000 2259.000000 1278.000000 448.000000 39.000000 407.000000 0.000000 87.000000
285456 6.008584 6.008584 2238.000000 2238.000000 2330.000000 1344.000000 426.000000 48.000000 420.000000 0.000000 92.000000
286456 5.241265 5.241265 2311.000000 2311.000000 2404.000000 1432.000000 444.000000 33.000000 402.000000 0.000000 93.000000
287456 5.275876 5.275876 2392.000000 2392.000000 2483.000000 1522.000000 462.000000 40.000000 368.000000 0.000000 91.000000
288456 6.111327 6.111327 2473.000000 2473.000000 2569.000000 1597.000000 483.000000 61.000000 332.000000 0.000000 96.000000
289456 6.094808 6.094808 2554.000000 2554.000000 2658.000000 1668.000000 526.000000 58.000000 302.000000 0.000000 104.000000
290456 5.716380 5.716380 2626.000000 2626.000000 2729.000000 1724.000000 558.000000 53.000000 291.000000 0.000000 103.000000
291456 5.703013 5.703013 2679.000000 2679.000000 2788.000000 1759.000000 586.000000 50.000000 284.000000 0.000000 109.000000
292456 6.102293 6.102293 2721.000000 2721.000000 2835.000000 1737.000000 621.000000 59.000000 304.000000 0.000000 114.000000
293456 6.340956 6.340956 2769.000000 2769.000000 2886.000000 1727.000000 660.000000 66.000000 316.000000 0.000000 117.000000
294456 6.576271 6.576271 2826.000000 2826.000000 2950.000000 1717.000000 715.000000 70.000000 324.000000 0.000000 124.000000
295456 6.835612 6.835612 2874.000000 2874.000000 2999.000000 1690.000000 765.000000 80.000000 339.000000 0.000000 125.000000
296456 7.000327 7.000327 2927.000000 2927.000000 3057.000000 1680.000000 785.000000 84.000000 378.000000 0.000000 130.000000
297456 7.527226 7.527226 2987.000000 2987.000000 3122.000000 1646.000000 845.000000 100.000000 396.000000 0.000000 135.000000
298456 7.311692 7.311692 3034.000000 3034.000000 3173.000000 1600.000000 916.000000 93.000000 425.000000 0.000000 139.000000
299456 6.938020 6.938020 3103.000000 3103.000000 3243.000000 1601.000000 971.000000 85.000000 446.000000 0.000000 140.000000
300456 6.897590 6.897590 3171.000000 3171.000000 3320.000000 1610.000000 1007.000000 80.000000 474.000000 0.000000 149.000000
301456 6.813510 6.813510 3255.000000 3255.000000 3405.000000 1651.000000 1031.000000 82.000000 491.000000 0.000000 150.000000
302456 6.337826 6.337826 3330.000000 3330.000000 3487.000000 1698.000000 1039.000000 64.000000 529.000000 0.000000 157.000000
303456 6.053812 6.053812 3410.000000 3410.000000 3568.000000 1750.000000 1042.000000 58.000000 560.000000 0.000000 158.000000
304456 5.842206 5.842206 3504.000000 3504.000000 3663.000000 1849.000000 1004.000000 55.000000 596.000000 0.000000 159.000000
305456 6.426871 6.426871 3615.000000 3615.000000 3781.000000 1949.000000 952.000000 77.000000 637.000000 0.000000 166.000000
306456 6.122974 6.122974 3714.000000 3714.000000 3887.000000 2050.000000 915.000000 65.000000 684.000000 0.000000 173.000000
307456 5.923519 5.923519 3826.000000 3826.000000 4001.000000 2171.000000 893.000000 62.000000 700.000000 0.000000 175.000000
308456 5.733106 5.733106 3921.000000 3921.000000 4099.000000 2262.000000 872.000000 57.000000 730.000000 0.000000 178.000000
309456 6.043437 6.043437 4060.000000 4060.000000 4236.000000 2399.000000 850.000000 80.000000 731.000000 0.000000 176.000000
310456 5.619004 5.619004 4195.000000 4195.000000 4378.000000 2565.000000 861.000000 63.000000 706.000000 0.000000 183.000000
311456 6.156552 6.156552 4363.000000 4363.000000 4548.000000 2742.000000 886.000000 95.000000 640.000000 0.000000 185.000000
312456 6.125509 6.125509 4479.000000 4479.000000 4669.000000 2814.000000 945.000000 96.000000 624.000000 0.000000 190.000000
313456 6.234362 6.234362 4600.000000 4600.000000 4796.000000 2907.000000 981.000000 103.000000 609.000000 0.000000 196.000000
314456 5.967120 5.967120 4728.000000 4728.000000 4927.000000 3018.000000 1022.000000 95.000000 593.000000 0.000000 199.000000
315456 6.596672 6.596672 4840.000000 4840.000000 5048.000000 3049.000000 1087.000000 125.000000 579.000000 0.000000 208.000000
316456 6.268193 6.268193 4937.000000 4937.000000 5153.000000 3065.000000 1183.000000 107.000000 582.000000 0.000000 216.000000
317456 6.504374 6.504374 5039.000000 5039.000000 5258.000000 3057.000000 1264.000000 123.000000 595.000000 0.000000 219.000000
318456 6.162726 6.162726 5142.000000 5142.000000 5371.000000 3095.000000 1338.000000 102.000000 607.000000 0.000000 229.000000
319456 6.305814 6.305814 5254.000000 5254.000000 5487.000000 3115.000000 1374.000000 113.000000 652.000000 0.000000 233.000000
320456 7.038228 7.038228 5356.000000 5356.000000 5598.000000 3074.000000 1452.000000 152.000000 678.000000 0.000000 242.000000
321456 7.230607 7.230607 5458.000000 5458.000000 5698.000000 3002.000000 1539.000000 172.000000 745.000000 0.000000 240.000000
251762 2.927928 2.927928 888.000000 888.000000 888.000000 475.000000 329.000000 26.000000 58.000000 0.000000 0.000000
252762 4.474273 4.474273 891.000000 891.000000 894.000000 422.000000 361.000000 37.000000 71.000000 0.000000 3.000000
253762 4.061471 4.061471 903.000000 903.000000 911.000000 394.000000 393.000000 29.000000 87.000000 0.000000 8.000000
254762 5.081081 5.081081 914.000000 914.000000 925.000000 361.000000 411.000000 36.000000 106.000000 0.000000 11.000000
255762 5.442903 5.442903 923.000000 923.000000 937.000000 326.000000 424.000000 37.000000 136.000000 0.000000 14.000000
256762 4.302204 4.302204 933.000000 933.000000 953.000000 321.000000 413.000000 21.000000 178.000000 0.000000 20.000000
257762 4.033092 4.033092 945.000000 945.000000 967.000000 317.000000 385.000000 17.000000 226.000000 0.000000 22.000000
258762 3.396603 3.396603 978.000000 978.000000 1001.000000 366.000000 351.000000 11.000000 250.000000 0.000000 23.000000
259762 2.912621 2.912621 1006.000000 1006.000000 1030.000000 416.000000 317.000000 6.000000 267.000000 0.000000 24.000000
260762 3.611111 3.611111 1055.000000 1055.000000 1080.000000 492.000000 268.000000 14.000000 281.000000 0.000000 25.000000
261762 2.824360 2.824360 1108.000000 1108.000000 1133.000000 578.000000 250.000000 7.000000 273.000000 0.000000 25.000000
262762 2.835696 2.835696 1174.000000 1174.000000 1199.000000 693.000000 200.000000 9.000000 272.000000 0.000000 25.000000
263762 3.052209 3.052209 1218.000000 1218.000000 1245.000000 765.000000 168.000000 11.000000 274.000000 0.000000 27.000000
264762 3.238242 3.238242 1270.000000 1270.000000 1297.000000 843.000000 155.000000 15.000000 257.000000 0.000000 27.000000
265762 3.164091 3.164091 1330.000000 1330.000000 1359.000000 942.000000 146.000000 14.000000 228.000000 0.000000 29.000000
266762 2.918149 2.918149 1375.000000 1375.000000 1405.000000 1009.000000 159.000000 11.000000 196.000000 0.000000 30.000000
267762 3.415301 3.415301 1430.000000 1430.000000 1464.000000 1098.000000 158.000000 16.000000 158.000000 0.000000 34.000000
268762 4.166667 4.166667 1476.000000 1476.000000 1512.000000 1158.000000 160.000000 27.000000 131.000000 0.000000 36.000000
269762 4.325371 4.325371 1513.000000 1513.000000 1549.000000 1173.000000 204.000000 31.000000 105.000000 0.000000 36.000000
270762 4.605678 4.605678 1546.000000 1546.000000 1585.000000 1188.000000 228.000000 34.000000 96.000000 0.000000 39.000000
271762 5.246721 5.246721 1561.000000 1561.000000 1601.000000 1140.000000 274.000000 44.000000 103.000000 0.000000 40.000000
272762 6.411837 6.411837 1574.000000 1574.000000 1622.000000 1071.000000 343.000000 56.000000 104.000000 0.000000 48.000000
273762 6.345333 6.345333 1589.000000 1589.000000 1639.000000 1001.000000 423.000000 54.000000 111.000000 0.000000 50.000000
274762 7.320024 7.320024 1596.000000 1596.000000 1653.000000 913.000000 492.000000 64.000000 127.000000 0.000000 57.000000
275762 6.722189 6.722189 1621.000000 1621.000000 1681.000000 867.000000 581.000000 53.000000 120.000000 0.000000 60.000000
276762 6.110458 6.110458 1637.000000 1637.000000 1702.000000 814.000000 647.000000 39.000000 137.000000 0.000000 65.000000
277762 6.868452 6.868452 1654.000000 1654.000000 1718.000000 748.000000 683.000000 54.000000 169.000000 0.000000 64.000000
278762 6.578947 6.578947 1679.000000 1679.000000 1748.000000 729.000000 709.000000 46.000000 195.000000 0.000000 69.000000
279762 6.787330 6.787330 1698.000000 1698.000000 1768.000000 675.000000 720.000000 50.000000 253.000000 0.000000 70.000000
280762 6.796657 6.796657 1721.000000 1721.000000 1795.000000 650.000000 700.000000 48.000000 323.000000 0.000000 74.000000
281762 5.901639 5.901639 1753.000000 1753.000000 1830.000000 670.000000 683.000000 31.000000 369.000000 0.000000 77.000000
282762 6.613333 6.613333 1790.000000 1790.000000 1875.000000 700.000000 614.000000 39.000000 437.000000 0.000000 85.000000
283762 5.431971 5.431971 1849.000000 1849.000000 1933.000000 794.000000 546.000000 21.000000 488.000000 0.000000 84.000000
284762 5.091448 5.091448 1936.000000 1936.000000 2023.000000 954.000000 492.000000 16.000000 474.000000 0.000000 87.000000
285762 5.352913 5.352913 2023.000000 2023.000000 2111.000000 1086.000000 443.000000 25.000000 469.000000 0.000000 88.000000
286762 4.868062 4.868062 2106.000000 2106.000000 2198.000000 1216.000000 411.000000 15.000000 464.000000 0.000000 92.000000
287762 5.388961 5.388961 2208.000000 2208.000000 2301.000000 1374.000000 358.000000 31.000000 445.000000 0.000000 93.000000
288762 5.016584 5.016584 2315.000000 2315.000000 2412.000000 1546.000000 326.000000 24.000000 419.000000 0.000000 97.000000
289762 5.056180 5.056180 2396.000000 2396.000000 2492.000000 1659.000000 311.000000 30.000000 396.000000 0.000000 96.000000
290762 5.234375 5.234375 2461.000000 2461.000000 2560.000000 1733.000000 318.000000 35.000000 375.000000 0.000000 99.000000
291762 4.947130 4.947130 2549.000000 2549.000000 2648.000000 1860.000000 338.000000 32.000000 319.000000 0.000000 99.000000
292762 4.767143 4.767143 2624.000000 2624.000000 2727.000000 1962.000000 357.000000 27.000000 278.000000 0.000000 103.000000
293762 5.624778 5.624778 2701.000000 2701.000000 2809.000000 2026.000000 388.000000 50.000000 237.000000 0.000000 108.000000
294762 6.417858 6.417858 2758.000000 2758.000000 2867.000000 2016.000000 448.000000 75.000000 219.000000 0.000000 109.000000
295762 7.147766 7.147766 2796.000000 2796.000000 2910.000000 1947.000000 543.000000 94.000000 212.000000 0.000000 114.000000
296762 7.261622 7.261622 2826.000000 2826.000000 2947.000000 1838.000000 681.000000 93.000000 214.000000 0.000000 121.000000
297762 6.963509 6.963509 2859.000000 2859.000000 2987.000000 1761.000000 789.000000 80.000000 229.000000 0.000000 128.000000
298762 7.338843 7.338843 2898.000000 2898.000000 3025.000000 1667.000000 896.000000 95.000000 240.000000 0.000000 127.000000
299762 7.807906 7.807906 2931.000000 2931.000000 3061.000000 1542.000000 1024.000000 109.000000 256.000000 0.000000 130.000000
300762 7.525840 7.525840 2956.000000 2956.000000 3096.000000 1440.000000 1133.000000 93.000000 290.000000 0.000000 140.000000
301762 6.915233 6.915233 2996.000000 2996.000000 3138.000000 1407.000000 1185.000000 75.000000 329.000000 0.000000 142.000000
302762 7.629769 7.629769 3049.000000 3049.000000 3198.000000 1359.000000 1203.000000 95.000000 392.000000 0.000000 149.000000
303762 7.321594 7.321594 3086.000000 3086.000000 3237.000000 1297.000000 1191.000000 86.000000 512.000000 0.000000 151.000000
304762 7.400667 7.400667 3140.000000 3140.000000 3297.000000 1285.000000 1157.000000 87.000000 611.000000 0.000000 157.000000
305762 6.901659 6.901659 3209.000000 3209.000000 3376.000000 1323.000000 1135.000000 66.000000 685.000000 0.000000 167.000000
306762 6.531792 6.531792 3289.000000 3289.000000 3460.000000 1403.000000 1058.000000 55.000000 773.000000 0.000000 171.000000
307762 6.104733 6.104733 3400.000000 3400.000000 3571.000000 1554.000000 962.000000 47.000000 837.000000 0.000000 171.000000
308762 5.981760 5.981760 3555.000000 3555.000000 3728.000000 1791.000000 887.000000 50.000000 827.000000 0.000000 173.000000
309762 5.680351 5.680351 3699.000000 3699.000000 3873.000000 2005.000000 835.000000 46.000000 813.000000 0.000000 174.000000
310762 5.643564 5.643564 3864.000000 3864.000000 4040.000000 2257.000000 764.000000 52.000000 791.000000 0.000000 176.000000
311762 5.415677 5.415677 4035.000000 4035.000000 4210.000000 2522.000000 703.000000 53.000000 757.000000 0.000000 175.000000
312762 5.315006 5.315006 4188.000000 4188.000000 4365.000000 2739.000000 661.000000 55.000000 733.000000 0.000000 177.000000
313762 5.394650 5.394650 4338.000000 4338.000000 4523.000000 2941.000000 654.000000 59.000000 684.000000 0.000000 185.000000
314762 5.600858 5.600858 4470.000000 4470.000000 4660.000000 3097.000000 662.000000 71.000000 640.000000 0.000000 190.000000
315762 5.502293 5.502293 4606.000000 4606.000000 4798.000000 3253.000000 698.000000 72.000000 583.000000 0.000000 192.000000
316762 5.802394 5.802394 4735.000000 4735.000000 4929.000000 3362.000000 752.000000 92.000000 529.000000 0.000000 194.000000
317762 5.748716 5.748716 4862.000000 4862.000000 5062.000000 3461.000000 841.000000 91.000000 469.000000 0.000000 200.000000
318762 6.523422 6.523422 4964.000000 4964.000000 5166.000000 3428.000000 950.000000 135.000000 451.000000 0.000000 202.000000
319762 6.872263 6.872263 5045.000000 5045.000000 5253.000000 3346.000000 1110.000000 153.000000 436.000000 0.000000 208.000000
320762 6.983711 6.983711 5125.000000 5125.000000 5341.000000 3232.000000 1301.000000 157.000000 435.000000 0.000000 216.000000
321762 7.595639 7.595639 5185.000000 5185.000000 5411.000000 3067.000000 1475.000000 185.000000 458.000000 0.000000 226.000000
322762 7.868852 7.868852 5248.000000 5248.000000 5490.000000 2914.000000 1645.000000 190.000000 499.000000 0.000000 242.000000
323762 7.281205 7.281205 5324.000000 5324.000000 5576.000000 2789.000000 1840.000000 154.000000 541.000000 0.000000 252.000000
253661 3.099885 3.099885 871.000000 871.000000 871.000000 408.000000 304.000000 27.000000 132.000000 0.000000 0.000000
254661 3.040541 3.040541 884.000000 884.000000 888.000000 402.000000 311.000000 23.000000 148.000000 0.000000 4.000000
255661 3.524229 3.524229 901.000000 901.000000 908.000000 402.000000 312.000000 25.000000 162.000000 0.000000 7.000000
256661 4.086022 4.086022 920.000000 920.000000 930.000000 393.000000 311.000000 28.000000 188.000000 0.000000 10.000000
257661 3.305785 3.305785 957.000000 957.000000 968.000000 425.000000 331.000000 21.000000 180.000000 0.000000 11.000000
258661 3.090728 3.090728 988.000000 988.000000 1003.000000 468.000000 319.000000 16.000000 185.000000 0.000000 15.000000
259661 3.076923 3.076923 1022.000000 1022.000000 1040.000000 521.000000 290.000000 14.000000 197.000000 0.000000 18.000000
260661 3.451493 3.451493 1051.000000 1051.000000 1072.000000 564.000000 255.000000 16.000000 216.000000 0.000000 21.000000
261661 2.956989 2.956989 1095.000000 1095.000000 1116.000000 632.000000 240.000000 12.000000 211.000000 0.000000 21.000000
262661 3.228621 3.228621 1124.000000 1124.000000 1146.000000 671.000000 221.000000 15.000000 217.000000 0.000000 22.000000
263661 3.358522 3.358522 1167.000000 1167.000000 1191.000000 741.000000 202.000000 16.000000 208.000000 0.000000 24.000000
264661 3.652597 3.652597 1204.000000 1204.000000 1232.000000 792.000000 181.000000 17.000000 214.000000 0.000000 28.000000
265661 4.062500 4.062500 1252.000000 1252.000000 1280.000000 848.000000 172.000000 24.000000 208.000000 0.000000 28.000000
266661 3.557911 3.557911 1290.000000 1290.000000 1321.000000 897.000000 182.000000 16.000000 195.000000 0.000000 31.000000
267661 4.472141 4.472141 1332.000000 1332.000000 1364.000000 931.000000 200.000000 29.000000 172.000000 0.000000 32.000000
268661 5.726557 5.726557 1363.000000 1363.000000 1397.000000 923.000000 235.000000 46.000000 159.000000 0.000000 34.000000
269661 5.017422 5.017422 1396.000000 1396.000000 1435.000000 939.000000 280.000000 33.000000 144.000000 0.000000 39.000000
270661 4.922454 4.922454 1437.000000 1437.000000 1483.000000 972.000000 319.000000 27.000000 119.000000 0.000000 46.000000
271661 5.559232 5.559232 1463.000000 1463.000000 1511.000000 956.000000 363.000000 36.000000 108.000000 0.000000 48.000000
272661 5.936073 5.936073 1482.000000 1482.000000 1533.000000 932.000000 390.000000 40.000000 120.000000 0.000000 51.000000
273661 6.241956 6.241956 1498.000000 1498.000000 1554.000000 896.000000 427.000000 41.000000 134.000000 0.000000 56.000000
274661 6.016466 6.016466 1522.000000 1522.000000 1579.000000 878.000000 462.000000 38.000000 144.000000 0.000000 57.000000
275661 6.039851 6.039851 1548.000000 1548.000000 1606.000000 851.000000 487.000000 39.000000 171.000000 0.000000 58.000000
276661 7.768187 7.768187 1558.000000 1558.000000 1622.000000 782.000000 498.000000 62.000000 216.000000 0.000000 64.000000
277661 7.190332 7.190332 1586.000000 1586.000000 1655.000000 765.000000 522.000000 50.000000 249.000000 0.000000 69.000000
278661 7.308378 7.308378 1610.000000 1610.000000 1683.000000 739.000000 548.000000 50.000000 273.000000 0.000000 73.000000
279661 6.565950 6.565950 1643.000000 1643.000000 1721.000000 763.000000 548.000000 35.000000 297.000000 0.000000 78.000000
280661 6.617647 6.617647 1685.000000 1685.000000 1768.000000 797.000000 548.000000 34.000000 306.000000 0.000000 83.000000
281661 6.753813 6.753813 1752.000000 1752.000000 1836.000000 858.000000 552.000000 40.000000 302.000000 0.000000 84.000000
282661 6.345849 6.345849 1807.000000 1807.000000 1891.000000 907.000000 543.000000 36.000000 321.000000 0.000000 84.000000
283661 5.458290 5.458290 1858.000000 1858.000000 1942.000000 973.000000 515.000000 22.000000 348.000000 0.000000 84.000000
284661 5.627490 5.627490 1925.000000 1925.000000 2008.000000 1056.000000 470.000000 30.000000 369.000000 0.000000 83.000000
285661 5.344995 5.344995 1975.000000 1975.000000 2058.000000 1114.000000 441.000000 27.000000 393.000000 0.000000 83.000000
286661 4.716981 4.716981 2038.000000 2038.000000 2120.000000 1210.000000 415.000000 18.000000 395.000000 0.000000 82.000000
287661 4.920273 4.920273 2111.000000 2111.000000 2195.000000 1308.000000 395.000000 24.000000 384.000000 0.000000 84.000000
288661 4.787000 4.787000 2191.000000 2191.000000 2277.000000 1430.000000 384.000000 23.000000 354.000000 0.000000 86.000000
289661 5.381356 5.381356 2273.000000 2273.000000 2360.000000 1528.000000 368.000000 40.000000 337.000000 0.000000 87.000000
290661 5.990973 5.990973 2346.000000 2346.000000 2437.000000 1594.000000 373.000000 55.000000 324.000000 0.000000 91.000000
291661 6.262465 6.262465 2412.000000 2412.000000 2507.000000 1631.000000 413.000000 62.000000 306.000000 0.000000 95.000000
292661 6.476785 6.476785 2462.000000 2462.000000 2563.000000 1629.000000 477.000000 65.000000 291.000000 0.000000 101.000000
293661 6.192661 6.192661 2514.000000 2514.000000 2616.000000 1632.000000 540.000000 60.000000 282.000000 0.000000 102.000000
294661 6.102583 6.102583 2567.000000 2567.000000 2671.000000 1637.000000 597.000000 59.000000 274.000000 0.000000 104.000000
295661 6.330040 6.330040 2622.000000 2622.000000 2733.000000 1646.000000 669.000000 62.000000 245.000000 0.000000 111.000000
296661 6.042188 6.042188 2684.000000 2684.000000 2797.000000 1673.000000 720.000000 56.000000 235.000000 0.000000 113.000000
297661 6.419753 6.419753 2721.000000 2721.000000 2835.000000 1623.000000 777.000000 68.000000 253.000000 0.000000 114.000000
298661 6.835531 6.835531 2765.000000 2765.000000 2882.000000 1570.000000 823.000000 80.000000 292.000000 0.000000 117.000000
299661 7.169682 7.169682 2803.000000 2803.000000 2929.000000 1512.000000 859.000000 84.000000 348.000000 0.000000 126.000000
300661 7.651007 7.651007 2848.000000 2848.000000 2980.000000 1462.000000 880.000000 96.000000 410.000000 0.000000 132.000000
301661 7.649007 7.649007 2886.000000 2886.000000 3020.000000 1394.000000 930.000000 97.000000 465.000000 0.000000 134.000000
302661 6.831490 6.831490 2937.000000 2937.000000 3074.000000 1374.000000 984.000000 73.000000 506.000000 0.000000 137.000000
303661 6.005057 6.005057 3029.000000 3029.000000 3164.000000 1465.000000 985.000000 55.000000 524.000000 0.000000 135.000000
304661 6.063404 6.063404 3112.000000 3112.000000 3249.000000 1528.000000 988.000000 60.000000 536.000000 0.000000 137.000000
305661 6.039869 6.039869 3227.000000 3227.000000 3361.000000 1642.000000 955.000000 69.000000 561.000000 0.000000 134.000000
306661 5.595616 5.595616 3329.000000 3329.000000 3467.000000 1737.000000 946.000000 56.000000 590.000000 0.000000 138.000000
307661 5.469411 5.469411 3405.000000 3405.000000 3547.000000 1787.000000 926.000000 52.000000 640.000000 0.000000 142.000000
308661 5.278912 5.278912 3530.000000 3530.000000 3675.000000 1944.000000 903.000000 49.000000 634.000000 0.000000 145.000000
309661 5.091488 5.091488 3622.000000 3622.000000 3771.000000 2065.000000 824.000000 43.000000 690.000000 0.000000 149.000000
310661 5.384615 5.384615 3746.000000 3746.000000 3900.000000 2224.000000 764.000000 56.000000 702.000000 0.000000 154.000000
311661 5.213739 5.213739 3889.000000 3889.000000 4047.000000 2416.000000 767.000000 53.000000 653.000000 0.000000 158.000000
312661 5.400864 5.400864 4007.000000 4007.000000 4166.000000 2549.000000 739.000000 66.000000 653.000000 0.000000 159.000000
313661 5.222663 5.222663 4127.000000 4127.000000 4289.000000 2681.000000 756.000000 62.000000 628.000000 0.000000 162.000000
314661 5.948880 5.948880 4259.000000 4259.000000 4421.000000 2776.000000 774.000000 101.000000 608.000000 0.000000 162.000000
315661 6.059943 6.059943 4403.000000 4403.000000 4571.000000 2886.000000 849.000000 109.000000 559.000000 0.000000 168.000000
316661 6.097561 6.097561 4497.000000 4497.000000 4674.000000 2906.000000 944.000000 108.000000 539.000000 0.000000 177.000000
317661 6.037184 6.037184 4601.000000 4601.000000 4787.000000 2947.000000 1033.000000 103.000000 518.000000 0.000000 186.000000
318661 6.162695 6.162695 4679.000000 4679.000000 4868.000000 2920.000000 1134.000000 111.000000 514.000000 0.000000 189.000000
319661 6.182256 6.182256 4789.000000 4789.000000 4982.000000 2940.000000 1235.000000 115.000000 499.000000 0.000000 193.000000
320661 6.470010 6.470010 4882.000000 4882.000000 5085.000000 2940.000000 1319.000000 126.000000 497.000000 0.000000 203.000000
321661 6.923226 6.923226 4961.000000 4961.000000 5171.000000 2859.000000 1405.000000 148.000000 549.000000 0.000000 210.000000
322661 6.970560 6.970560 5046.000000 5046.000000 5265.000000 2792.000000 1491.000000 148.000000 615.000000 0.000000 219.000000
323661 6.579439 6.579439 5124.000000 5124.000000 5350.000000 2747.000000 1565.000000 126.000000 686.000000 0.000000 226.000000
324661 6.921241 6.921241 5213.000000 5213.000000 5447.000000 2688.000000 1626.000000 143.000000 756.000000 0.000000 234.000000
325661 6.571840 6.571840 5319.000000 5319.000000 5554.000000 2658.000000 1695.000000 130.000000 836.000000 0.000000 235.000000
249349 2.134831 2.134831 890.000000 890.000000 890.000000 457.000000 295.000000 19.000000 119.000000 0.000000 0.000000
250349 1.754386 1.754386 911.000000 911.000000 912.000000 472.000000 291.000000 15.000000 133.000000 0.000000 1.000000
251349 4.403867 4.403867 928.000000 928.000000 931.000000 448.000000 296.000000 38.000000 146.000000 0.000000 3.000000
252349 2.830189 2.830189 950.000000 950.000000 954.000000 448.000000 329.000000 23.000000 150.000000 0.000000 4.000000
253349 4.343434 4.343434 981.000000 981.000000 990.000000 460.000000 327.000000 34.000000 160.000000 0.000000 9.000000
254349 2.967359 2.967359 996.000000 996.000000 1011.000000 469.000000 335.000000 15.000000 177.000000 0.000000 15.000000
255349 3.342884 3.342884 1031.000000 1031.000000 1047.000000 517.000000 310.000000 19.000000 185.000000 0.000000 16.000000
256349 2.976744 2.976744 1057.000000 1057.000000 1075.000000 545.000000 293.000000 14.000000 205.000000 0.000000 18.000000
257349 3.071364 3.071364 1087.000000 1087.000000 1107.000000 588.000000 274.000000 14.000000 211.000000 0.000000 20.000000
258349 3.301477 3.301477 1127.000000 1127.000000 1151.000000 646.000000 266.000000 14.000000 201.000000 0.000000 24.000000
259349 2.784810 2.784810 1159.000000 1159.000000 1185.000000 697.000000 231.000000 7.000000 224.000000 0.000000 26.000000
260349 3.091945 3.091945 1202.000000 1202.000000 1229.000000 761.000000 210.000000 11.000000 220.000000 0.000000 27.000000
261349 3.523884 3.523884 1250.000000 1250.000000 1277.000000 823.000000 196.000000 18.000000 213.000000 0.000000 27.000000
262349 4.331307 4.331307 1286.000000 1286.000000 1316.000000 853.000000 194.000000 27.000000 212.000000 0.000000 30.000000
263349 4.145078 4.145078 1320.000000 1320.000000 1351.000000 872.000000 221.000000 25.000000 202.000000 0.000000 31.000000
264349 4.139900 4.139900 1369.000000 1369.000000 1401.000000 924.000000 242.000000 26.000000 177.000000 0.000000 32.000000
265349 4.718945 4.718945 1407.000000 1407.000000 1441.000000 941.000000 269.000000 34.000000 163.000000 0.000000 34.000000
266349 4.704301 4.704301 1451.000000 1451.000000 1488.000000 983.000000 294.000000 33.000000 141.000000 0.000000 37.000000
267349 4.996713 4.996713 1482.000000 1482.000000 1521.000000 986.000000 331.000000 37.000000 128.000000 0.000000 39.000000
268349 4.721863 4.721863 1503.000000 1503.000000 1546.000000 977.000000 362.000000 30.000000 134.000000 0.000000 43.000000
269349 5.386565 5.386565 1535.000000 1535.000000 1578.000000 963.000000 399.000000 42.000000 131.000000 0.000000 43.000000
270349 5.427324 5.427324 1552.000000 1552.000000 1603.000000 936.000000 432.000000 36.000000 148.000000 0.000000 51.000000
271349 5.835381 5.835381 1574.000000 1574.000000 1628.000000 906.000000 443.000000 41.000000 184.000000 0.000000 54.000000
272349 6.355932 6.355932 1593.000000 1593.000000 1652.000000 860.000000 481.000000 46.000000 206.000000 0.000000 59.000000
273349 5.763518 5.763518 1623.000000 1623.000000 1683.000000 849.000000 509.000000 37.000000 228.000000 0.000000 60.000000
274349 5.614035 5.614035 1650.000000 1650.000000 1710.000000 834.000000 529.000000 36.000000 251.000000 0.000000 60.000000
275349 6.335616 6.335616 1685.000000 1685.000000 1752.000000 830.000000 540.000000 44.000000 271.000000 0.000000 67.000000
276349 7.119205 7.119205 1741.000000 1741.000000 1812.000000 864.000000 550.000000 58.000000 269.000000 0.000000 71.000000
277349 6.145553 6.145553 1785.000000 1785.000000 1855.000000 880.000000 572.000000 44.000000 289.000000 0.000000 70.000000
278349 5.160611 5.160611 1828.000000 1828.000000 1899.000000 913.000000 573.000000 27.000000 315.000000 0.000000 71.000000
279349 5.241521 5.241521 1879.000000 1879.000000 1946.000000 960.000000 546.000000 35.000000 338.000000 0.000000 67.000000
280349 5.391912 5.391912 1931.000000 1931.000000 2003.000000 1010.000000 511.000000 36.000000 374.000000 0.000000 72.000000
281349 5.077369 5.077369 1992.000000 1992.000000 2068.000000 1093.000000 509.000000 29.000000 361.000000 0.000000 76.000000
282349 5.100608 5.100608 2057.000000 2057.000000 2137.000000 1180.000000 475.000000 29.000000 373.000000 0.000000 80.000000
283349 4.879161 4.879161 2111.000000 2111.000000 2193.000000 1245.000000 461.000000 25.000000 380.000000 0.000000 82.000000
284349 4.749340 4.749340 2192.000000 2192.000000 2274.000000 1362.000000 426.000000 26.000000 378.000000 0.000000 82.000000
285349 5.301103 5.301103 2275.000000 2275.000000 2358.000000 1455.000000 407.000000 42.000000 371.000000 0.000000 83.000000
286349 5.528053 5.528053 2336.000000 2336.000000 2424.000000 1514.000000 409.000000 46.000000 367.000000 0.000000 88.000000
287349 6.122449 6.122449 2407.000000 2407.000000 2499.000000 1558.000000 438.000000 61.000000 350.000000 0.000000 92.000000
288349 5.859375 5.859375 2464.000000 2464.000000 2560.000000 1589.000000 484.000000 54.000000 337.000000 0.000000 96.000000
289349 5.839970 5.839970 2534.000000 2534.000000 2637.000000 1642.000000 527.000000 51.000000 314.000000 0.000000 103.000000
290349 6.238464 6.238464 2600.000000 2600.000000 2709.000000 1682.000000 570.000000 60.000000 288.000000 0.000000 109.000000
291349 6.000719 6.000719 2667.000000 2667.000000 2783.000000 1734.000000 621.000000 51.000000 261.000000 0.000000 116.000000
292349 6.836699 6.836699 2703.000000 2703.000000 2823.000000 1697.000000 651.000000 73.000000 282.000000 0.000000 120.000000
293349 6.909722 6.909722 2757.000000 2757.000000 2880.000000 1664.000000 719.000000 76.000000 298.000000 0.000000 123.000000
294349 6.337308 6.337308 2809.000000 2809.000000 2935.000000 1656.000000 786.000000 60.000000 307.000000 0.000000 126.000000
295349 6.975184 6.975184 2851.000000 2851.000000 2982.000000 1609.000000 810.000000 77.000000 355.000000 0.000000 131.000000
296349 7.133421 7.133421 2897.000000 2897.000000 3028.000000 1563.000000 855.000000 85.000000 394.000000 0.000000 131.000000
297349 7.041344 7.041344 2955.000000 2955.000000 3096.000000 1544.000000 907.000000 77.000000 427.000000 0.000000 141.000000
298349 7.106759 7.106759 3017.000000 3017.000000 3166.000000 1542.000000 958.000000 76.000000 441.000000 0.000000 149.000000
299349 6.906163 6.906163 3078.000000 3078.000000 3229.000000 1543.000000 991.000000 72.000000 472.000000 0.000000 151.000000
300349 6.742926 6.742926 3172.000000 3172.000000 3322.000000 1613.000000 986.000000 74.000000 499.000000 0.000000 150.000000
301349 6.776181 6.776181 3251.000000 3251.000000 3409.000000 1669.000000 974.000000 73.000000 535.000000 0.000000 158.000000
302349 6.863025 6.863025 3338.000000 3338.000000 3497.000000 1714.000000 985.000000 81.000000 558.000000 0.000000 159.000000
303349 6.171460 6.171460 3413.000000 3413.000000 3581.000000 1772.000000 974.000000 53.000000 614.000000 0.000000 168.000000
304349 6.093580 6.093580 3505.000000 3505.000000 3676.000000 1868.000000 925.000000 53.000000 659.000000 0.000000 171.000000
305349 6.087641 6.087641 3642.000000 3642.000000 3811.000000 2039.000000 887.000000 63.000000 653.000000 0.000000 169.000000
306349 5.532891 5.532891 3751.000000 3751.000000 3922.000000 2164.000000 865.000000 46.000000 676.000000 0.000000 171.000000
307349 5.536246 5.536246 3862.000000 3862.000000 4028.000000 2279.000000 825.000000 57.000000 701.000000 0.000000 166.000000
308349 6.040268 6.040268 4001.000000 4001.000000 4172.000000 2428.000000 825.000000 81.000000 667.000000 0.000000 171.000000
309349 6.136681 6.136681 4123.000000 4123.000000 4302.000000 2552.000000 836.000000 85.000000 650.000000 0.000000 179.000000
310349 5.958023 5.958023 4253.000000 4253.000000 4431.000000 2680.000000 841.000000 86.000000 646.000000 0.000000 178.000000
311349 6.088480 6.088480 4383.000000 4383.000000 4566.000000 2792.000000 893.000000 95.000000 603.000000 0.000000 183.000000
312349 6.200724 6.200724 4508.000000 4508.000000 4693.000000 2858.000000 964.000000 106.000000 580.000000 0.000000 185.000000
313349 6.162815 6.162815 4614.000000 4614.000000 4803.000000 2916.000000 1017.000000 107.000000 574.000000 0.000000 189.000000
314349 5.805663 5.805663 4716.000000 4716.000000 4909.000000 2961.000000 1099.000000 92.000000 564.000000 0.000000 193.000000
315349 6.175299 6.175299 4833.000000 4833.000000 5020.000000 3004.000000 1151.000000 123.000000 555.000000 0.000000 187.000000
316349 6.356015 6.356015 4931.000000 4931.000000 5129.000000 2997.000000 1235.000000 128.000000 571.000000 0.000000 198.000000
317349 6.684492 6.684492 5029.000000 5029.000000 5236.000000 2982.000000 1311.000000 143.000000 593.000000 0.000000 207.000000
318349 6.348315 6.348315 5127.000000 5127.000000 5340.000000 2963.000000 1425.000000 126.000000 613.000000 0.000000 213.000000
319349 6.272995 6.272995 5216.000000 5216.000000 5436.000000 2914.000000 1498.000000 121.000000 683.000000 0.000000 220.000000
320349 6.967509 6.967509 5312.000000 5312.000000 5540.000000 2843.000000 1562.000000 158.000000 749.000000 0.000000 228.000000
321349 6.581966 6.581966 5434.000000 5434.000000 5667.000000 2852.000000 1665.000000 140.000000 777.000000 0.000000 233.000000
