249987 0.000000 0.000000 882.000000 882.000000 882.000000 882.000000 0.000000 0.000000 0.000000 0.000000 0.000000
250987 0.000000 0.000000 882.000000 882.000000 882.000000 882.000000 0.000000 0.000000 0.000000 0.000000 0.000000
251987 70.068027 70.068027 264.000000 264.000000 882.000000 0.000000 264.000000 0.000000 0.000000 0.000000 618.000000
252987 70.068027 70.068027 264.000000 264.000000 882.000000 0.000000 264.000000 0.000000 0.000000 0.000000 618.000000
253987 70.068027 70.068027 264.000000 264.000000 882.000000 0.000000 264.000000 0.000000 0.000000 0.000000 618.000000
254987 70.068027 70.068027 264.000000 264.000000 882.000000 0.000000 264.000000 0.000000 0.000000 0.000000 618.000000
255987 70.068027 70.068027 264.000000 264.000000 882.000000 0.000000 264.000000 0.000000 0.000000 0.000000 618.000000
256987 70.068027 70.068027 264.000000 264.000000 882.000000 0.000000 264.000000 0.000000 0.000000 0.000000 618.000000
257987 70.068027 70.068027 264.000000 264.000000 882.000000 0.000000 264.000000 0.000000 0.000000 0.000000 618.000000
258987 70.068027 70.068027 264.000000 264.000000 882.000000 0.000000 0.000000 0.000000 264.000000 0.000000 618.000000
259987 70.068027 70.068027 264.000000 264.000000 882.000000 0.000000 0.000000 0.000000 264.000000 0.000000 618.000000
260987 70.068027 70.068027 264.000000 264.000000 882.000000 0.000000 0.000000 0.000000 264.000000 0.000000 618.000000
261987 70.068027 70.068027 264.000000 264.000000 882.000000 0.000000 0.000000 0.000000 264.000000 0.000000 618.000000
262987 70.068027 70.068027 264.000000 264.000000 882.000000 0.000000 0.000000 0.000000 264.000000 0.000000 618.000000
263987 51.627486 51.627486 535.000000 535.000000 1106.000000 510.000000 0.000000 0.000000 25.000000 0.000000 571.000000
264987 50.397878 50.397878 561.000000 561.000000 1131.000000 561.000000 0.000000 0.000000 0.000000 0.000000 570.000000
265987 50.397878 50.397878 561.000000 561.000000 1131.000000 561.000000 0.000000 0.000000 0.000000 0.000000 570.000000
266987 50.397878 50.397878 561.000000 561.000000 1131.000000 561.000000 0.000000 0.000000 0.000000 0.000000 570.000000
267987 50.397878 50.397878 561.000000 561.000000 1131.000000 561.000000 0.000000 0.000000 0.000000 0.000000 570.000000
268987 50.397878 50.397878 561.000000 561.000000 1131.000000 561.000000 0.000000 0.000000 0.000000 0.000000 570.000000
269987 50.397878 50.397878 561.000000 561.000000 1131.000000 561.000000 0.000000 0.000000 0.000000 0.000000 570.000000
270987 50.397878 50.397878 561.000000 561.000000 1131.000000 561.000000 0.000000 0.000000 0.000000 0.000000 570.000000
271987 50.397878 50.397878 561.000000 561.000000 1131.000000 561.000000 0.000000 0.000000 0.000000 0.000000 570.000000
272987 50.397878 50.397878 561.000000 561.000000 1131.000000 561.000000 0.000000 0.000000 0.000000 0.000000 570.000000
273987 50.397878 50.397878 561.000000 561.000000 1131.000000 561.000000 0.000000 0.000000 0.000000 0.000000 570.000000
274987 50.397878 50.397878 561.000000 561.000000 1131.000000 561.000000 0.000000 0.000000 0.000000 0.000000 570.000000
275987 71.301248 71.301248 161.000000 161.000000 561.000000 0.000000 161.000000 0.000000 0.000000 0.000000 400.000000
276987 71.301248 71.301248 161.000000 161.000000 561.000000 0.000000 161.000000 0.000000 0.000000 0.000000 400.000000
277987 71.301248 71.301248 161.000000 161.000000 561.000000 0.000000 161.000000 0.000000 0.000000 0.000000 400.000000
278987 71.301248 71.301248 161.000000 161.000000 561.000000 0.000000 161.000000 0.000000 0.000000 0.000000 400.000000
279987 71.301248 71.301248 161.000000 161.000000 561.000000 0.000000 161.000000 0.000000 0.000000 0.000000 400.000000
280987 71.301248 71.301248 161.000000 161.000000 561.000000 0.000000 161.000000 0.000000 0.000000 0.000000 400.000000
281987 71.301248 71.301248 161.000000 161.000000 561.000000 0.000000 161.000000 0.000000 0.000000 0.000000 400.000000
282987 71.301248 71.301248 161.000000 161.000000 561.000000 0.000000 0.000000 0.000000 161.000000 0.000000 400.000000
283987 71.301248 71.301248 161.000000 161.000000 561.000000 0.000000 0.000000 0.000000 161.000000 0.000000 400.000000
284987 71.301248 71.301248 161.000000 161.000000 561.000000 0.000000 0.000000 0.000000 161.000000 0.000000 400.000000
285987 71.301248 71.301248 161.000000 161.000000 561.000000 0.000000 0.000000 0.000000 161.000000 0.000000 400.000000
286987 71.301248 71.301248 161.000000 161.000000 561.000000 0.000000 0.000000 0.000000 161.000000 0.000000 400.000000
287987 55.401662 55.401662 322.000000 322.000000 722.000000 322.000000 0.000000 0.000000 0.000000 0.000000 400.000000
288987 55.401662 55.401662 322.000000 322.000000 722.000000 322.000000 0.000000 0.000000 0.000000 0.000000 400.000000
289987 55.401662 55.401662 322.000000 322.000000 722.000000 322.000000 0.000000 0.000000 0.000000 0.000000 400.000000
290987 55.401662 55.401662 322.000000 322.000000 722.000000 322.000000 0.000000 0.000000 0.000000 0.000000 400.000000
291987 55.401662 55.401662 322.000000 322.000000 722.000000 322.000000 0.000000 0.000000 0.000000 0.000000 400.000000
292987 55.401662 55.401662 322.000000 322.000000 722.000000 322.000000 0.000000 0.000000 0.000000 0.000000 400.000000
293987 55.401662 55.401662 322.000000 322.000000 722.000000 322.000000 0.000000 0.000000 0.000000 0.000000 400.000000
294987 55.401662 55.401662 322.000000 322.000000 722.000000 322.000000 0.000000 0.000000 0.000000 0.000000 400.000000
295987 55.401662 55.401662 322.000000 322.000000 722.000000 322.000000 0.000000 0.000000 0.000000 0.000000 400.000000
296987 55.401662 55.401662 322.000000 322.000000 722.000000 322.000000 0.000000 0.000000 0.000000 0.000000 400.000000
297987 55.401662 55.401662 322.000000 322.000000 722.000000 322.000000 0.000000 0.000000 0.000000 0.000000 400.000000
298987 55.401662 55.401662 322.000000 322.000000 722.000000 322.000000 0.000000 0.000000 0.000000 0.000000 400.000000
299987 72.981366 72.981366 87.000000 87.000000 322.000000 0.000000 87.000000 0.000000 0.000000 0.000000 235.000000
300987 72.981366 72.981366 87.000000 87.000000 322.000000 0.000000 87.000000 0.000000 0.000000 0.000000 235.000000
301987 72.981366 72.981366 87.000000 87.000000 322.000000 0.000000 87.000000 0.000000 0.000000 0.000000 235.000000
302987 72.981366 72.981366 87.000000 87.000000 322.000000 0.000000 87.000000 0.000000 0.000000 0.000000 235.000000
303987 72.981366 72.981366 87.000000 87.000000 322.000000 0.000000 87.000000 0.000000 0.000000 0.000000 235.000000
304987 72.981366 72.981366 87.000000 87.000000 322.000000 0.000000 87.000000 0.000000 0.000000 0.000000 235.000000
305987 72.981366 72.981366 87.000000 87.000000 322.000000 0.000000 87.000000 0.000000 0.000000 0.000000 235.000000
306987 72.981366 72.981366 87.000000 87.000000 322.000000 0.000000 0.000000 0.000000 87.000000 0.000000 235.000000
307987 72.981366 72.981366 87.000000 87.000000 322.000000 0.000000 0.000000 0.000000 87.000000 0.000000 235.000000
308987 72.981366 72.981366 87.000000 87.000000 322.000000 0.000000 0.000000 0.000000 87.000000 0.000000 235.000000
309987 72.981366 72.981366 87.000000 87.000000 322.000000 0.000000 0.000000 0.000000 87.000000 0.000000 235.000000
310987 72.981366 72.981366 87.000000 87.000000 322.000000 0.000000 0.000000 0.000000 87.000000 0.000000 235.000000
311987 57.457213 57.457213 174.000000 174.000000 409.000000 174.000000 0.000000 0.000000 0.000000 0.000000 235.000000
312987 57.457213 57.457213 174.000000 174.000000 409.000000 174.000000 0.000000 0.000000 0.000000 0.000000 235.000000
313987 57.457213 57.457213 174.000000 174.000000 409.000000 174.000000 0.000000 0.000000 0.000000 0.000000 235.000000
314987 57.457213 57.457213 174.000000 174.000000 409.000000 174.000000 0.000000 0.000000 0.000000 0.000000 235.000000
315987 57.457213 57.457213 174.000000 174.000000 409.000000 174.000000 0.000000 0.000000 0.000000 0.000000 235.000000
316987 57.457213 57.457213 174.000000 174.000000 409.000000 174.000000 0.000000 0.000000 0.000000 0.000000 235.000000
317987 57.457213 57.457213 174.000000 174.000000 409.000000 174.000000 0.000000 0.000000 0.000000 0.000000 235.000000
318987 57.457213 57.457213 174.000000 174.000000 409.000000 174.000000 0.000000 0.000000 0.000000 0.000000 235.000000
319987 57.457213 57.457213 174.000000 174.000000 409.000000 174.000000 0.000000 0.000000 0.000000 0.000000 235.000000
320987 57.457213 57.457213 174.000000 174.000000 409.000000 174.000000 0.000000 0.000000 0.000000 0.000000 235.000000
321987 57.457213 57.457213 174.000000 174.000000 409.000000 174.000000 0.000000 0.000000 0.000000 0.000000 235.000000
249987 0.000000 0.000000 912.000000 912.000000 912.000000 912.000000 0.000000 0.000000 0.000000 0.000000 0.000000
250987 0.000000 0.000000 912.000000 912.000000 912.000000 912.000000 0.000000 0.000000 0.000000 0.000000 0.000000
251987 72.697368 72.697368 249.000000 249.000000 912.000000 0.000000 249.000000 0.000000 0.000000 0.000000 663.000000
252987 72.697368 72.697368 249.000000 249.000000 912.000000 0.000000 249.000000 0.000000 0.000000 0.000000 663.000000
253987 72.697368 72.697368 249.000000 249.000000 912.000000 0.000000 249.000000 0.000000 0.000000 0.000000 663.000000
254987 72.697368 72.697368 249.000000 249.000000 912.000000 0.000000 249.000000 0.000000 0.000000 0.000000 663.000000
255987 72.697368 72.697368 249.000000 249.000000 912.000000 0.000000 249.000000 0.000000 0.000000 0.000000 663.000000
256987 72.697368 72.697368 249.000000 249.000000 912.000000 0.000000 249.000000 0.000000 0.000000 0.000000 663.000000
257987 72.697368 72.697368 249.000000 249.000000 912.000000 0.000000 249.000000 0.000000 0.000000 0.000000 663.000000
258987 72.697368 72.697368 249.000000 249.000000 912.000000 0.000000 0.000000 0.000000 249.000000 0.000000 663.000000
259987 72.697368 72.697368 249.000000 249.000000 912.000000 0.000000 0.000000 0.000000 249.000000 0.000000 663.000000
260987 72.697368 72.697368 249.000000 249.000000 912.000000 0.000000 0.000000 0.000000 249.000000 0.000000 663.000000
261987 72.697368 72.697368 249.000000 249.000000 912.000000 0.000000 0.000000 0.000000 249.000000 0.000000 663.000000
262987 72.697368 72.697368 249.000000 249.000000 912.000000 0.000000 0.000000 0.000000 249.000000 0.000000 663.000000
263987 55.246637 55.246637 499.000000 499.000000 1115.000000 464.000000 0.000000 0.000000 35.000000 0.000000 616.000000
264987 53.565217 53.565217 534.000000 534.000000 1150.000000 534.000000 0.000000 0.000000 0.000000 0.000000 616.000000
265987 53.565217 53.565217 534.000000 534.000000 1150.000000 534.000000 0.000000 0.000000 0.000000 0.000000 616.000000
266987 53.565217 53.565217 534.000000 534.000000 1150.000000 534.000000 0.000000 0.000000 0.000000 0.000000 616.000000
267987 53.565217 53.565217 534.000000 534.000000 1150.000000 534.000000 0.000000 0.000000 0.000000 0.000000 616.000000
268987 53.565217 53.565217 534.000000 534.000000 1150.000000 534.000000 0.000000 0.000000 0.000000 0.000000 616.000000
269987 53.565217 53.565217 534.000000 534.000000 1150.000000 534.000000 0.000000 0.000000 0.000000 0.000000 616.000000
270987 53.565217 53.565217 534.000000 534.000000 1150.000000 534.000000 0.000000 0.000000 0.000000 0.000000 616.000000
271987 53.565217 53.565217 534.000000 534.000000 1150.000000 534.000000 0.000000 0.000000 0.000000 0.000000 616.000000
272987 53.565217 53.565217 534.000000 534.000000 1150.000000 534.000000 0.000000 0.000000 0.000000 0.000000 616.000000
273987 53.565217 53.565217 534.000000 534.000000 1150.000000 534.000000 0.000000 0.000000 0.000000 0.000000 616.000000
274987 53.565217 53.565217 534.000000 534.000000 1150.000000 534.000000 0.000000 0.000000 0.000000 0.000000 616.000000
275987 70.599251 70.599251 157.000000 157.000000 534.000000 0.000000 157.000000 0.000000 0.000000 0.000000 377.000000
276987 70.599251 70.599251 157.000000 157.000000 534.000000 0.000000 157.000000 0.000000 0.000000 0.000000 377.000000
277987 70.599251 70.599251 157.000000 157.000000 534.000000 0.000000 157.000000 0.000000 0.000000 0.000000 377.000000
278987 70.599251 70.599251 157.000000 157.000000 534.000000 0.000000 157.000000 0.000000 0.000000 0.000000 377.000000
279987 70.599251 70.599251 157.000000 157.000000 534.000000 0.000000 157.000000 0.000000 0.000000 0.000000 377.000000
280987 70.599251 70.599251 157.000000 157.000000 534.000000 0.000000 157.000000 0.000000 0.000000 0.000000 377.000000
281987 70.599251 70.599251 157.000000 157.000000 534.000000 0.000000 157.000000 0.000000 0.000000 0.000000 377.000000
282987 70.599251 70.599251 157.000000 157.000000 534.000000 0.000000 0.000000 0.000000 157.000000 0.000000 377.000000
283987 70.599251 70.599251 157.000000 157.000000 534.000000 0.000000 0.000000 0.000000 157.000000 0.000000 377.000000
284987 70.599251 70.599251 157.000000 157.000000 534.000000 0.000000 0.000000 0.000000 157.000000 0.000000 377.000000
285987 70.599251 70.599251 157.000000 157.000000 534.000000 0.000000 0.000000 0.000000 157.000000 0.000000 377.000000
286987 70.599251 70.599251 157.000000 157.000000 534.000000 0.000000 0.000000 0.000000 157.000000 0.000000 377.000000
287987 54.558611 54.558611 314.000000 314.000000 691.000000 314.000000 0.000000 0.000000 0.000000 0.000000 377.000000
288987 54.558611 54.558611 314.000000 314.000000 691.000000 314.000000 0.000000 0.000000 0.000000 0.000000 377.000000
289987 54.558611 54.558611 314.000000 314.000000 691.000000 314.000000 0.000000 0.000000 0.000000 0.000000 377.000000
290987 54.558611 54.558611 314.000000 314.000000 691.000000 314.000000 0.000000 0.000000 0.000000 0.000000 377.000000
291987 54.558611 54.558611 314.000000 314.000000 691.000000 314.000000 0.000000 0.000000 0.000000 0.000000 377.000000
292987 54.558611 54.558611 314.000000 314.000000 691.000000 314.000000 0.000000 0.000000 0.000000 0.000000 377.000000
293987 54.558611 54.558611 314.000000 314.000000 691.000000 314.000000 0.000000 0.000000 0.000000 0.000000 377.000000
294987 54.558611 54.558611 314.000000 314.000000 691.000000 314.000000 0.000000 0.000000 0.000000 0.000000 377.000000
295987 54.558611 54.558611 314.000000 314.000000 691.000000 314.000000 0.000000 0.000000 0.000000 0.000000 377.000000
296987 54.558611 54.558611 314.000000 314.000000 691.000000 314.000000 0.000000 0.000000 0.000000 0.000000 377.000000
297987 54.558611 54.558611 314.000000 314.000000 691.000000 314.000000 0.000000 0.000000 0.000000 0.000000 377.000000
298987 54.558611 54.558611 314.000000 314.000000 691.000000 314.000000 0.000000 0.000000 0.000000 0.000000 377.000000
299987 71.974522 71.974522 88.000000 88.000000 314.000000 0.000000 88.000000 0.000000 0.000000 0.000000 226.000000
300987 71.974522 71.974522 88.000000 88.000000 314.000000 0.000000 88.000000 0.000000 0.000000 0.000000 226.000000
301987 71.974522 71.974522 88.000000 88.000000 314.000000 0.000000 88.000000 0.000000 0.000000 0.000000 226.000000
302987 71.974522 71.974522 88.000000 88.000000 314.000000 0.000000 88.000000 0.000000 0.000000 0.000000 226.000000
303987 71.974522 71.974522 88.000000 88.000000 314.000000 0.000000 88.000000 0.000000 0.000000 0.000000 226.000000
304987 71.974522 71.974522 88.000000 88.000000 314.000000 0.000000 88.000000 0.000000 0.000000 0.000000 226.000000
305987 71.974522 71.974522 88.000000 88.000000 314.000000 0.000000 88.000000 0.000000 0.000000 0.000000 226.000000
306987 71.974522 71.974522 88.000000 88.000000 314.000000 0.000000 0.000000 0.000000 88.000000 0.000000 226.000000
307987 71.974522 71.974522 88.000000 88.000000 314.000000 0.000000 0.000000 0.000000 88.000000 0.000000 226.000000
308987 71.974522 71.974522 88.000000 88.000000 314.000000 0.000000 0.000000 0.000000 88.000000 0.000000 226.000000
309987 71.974522 71.974522 88.000000 88.000000 314.000000 0.000000 0.000000 0.000000 88.000000 0.000000 226.000000
310987 71.974522 71.974522 88.000000 88.000000 314.000000 0.000000 0.000000 0.000000 88.000000 0.000000 226.000000
311987 56.218905 56.218905 176.000000 176.000000 402.000000 176.000000 0.000000 0.000000 0.000000 0.000000 226.000000
312987 56.218905 56.218905 176.000000 176.000000 402.000000 176.000000 0.000000 0.000000 0.000000 0.000000 226.000000
313987 56.218905 56.218905 176.000000 176.000000 402.000000 176.000000 0.000000 0.000000 0.000000 0.000000 226.000000
314987 56.218905 56.218905 176.000000 176.000000 402.000000 176.000000 0.000000 0.000000 0.000000 0.000000 226.000000
315987 56.218905 56.218905 176.000000 176.000000 402.000000 176.000000 0.000000 0.000000 0.000000 0.000000 226.000000
316987 56.218905 56.218905 176.000000 176.000000 402.000000 176.000000 0.000000 0.000000 0.000000 0.000000 226.000000
317987 56.218905 56.218905 176.000000 176.000000 402.000000 176.000000 0.000000 0.000000 0.000000 0.000000 226.000000
318987 56.218905 56.218905 176.000000 176.000000 402.000000 176.000000 0.000000 0.000000 0.000000 0.000000 226.000000
319987 56.218905 56.218905 176.000000 176.000000 402.000000 176.000000 0.000000 0.000000 0.000000 0.000000 226.000000
320987 56.218905 56.218905 176.000000 176.000000 402.000000 176.000000 0.000000 0.000000 0.000000 0.000000 226.000000
321987 56.218905 56.218905 176.000000 176.000000 402.000000 176.000000 0.000000 0.000000 0.000000 0.000000 226.000000
249987 0.000000 0.000000 881.000000 881.000000 881.000000 881.000000 0.000000 0.000000 0.000000 0.000000 0.000000
250987 0.000000 0.000000 881.000000 881.000000 881.000000 881.000000 0.000000 0.000000 0.000000 0.000000 0.000000
251987 71.282633 71.282633 253.000000 253.000000 881.000000 0.000000 253.000000 0.000000 0.000000 0.000000 628.000000
252987 71.282633 71.282633 253.000000 253.000000 881.000000 0.000000 253.000000 0.000000 0.000000 0.000000 628.000000
253987 71.282633 71.282633 253.000000 253.000000 881.000000 0.000000 253.000000 0.000000 0.000000 0.000000 628.000000
254987 71.282633 71.282633 253.000000 253.000000 881.000000 0.000000 253.000000 0.000000 0.000000 0.000000 628.000000
255987 71.282633 71.282633 253.000000 253.000000 881.000000 0.000000 253.000000 0.000000 0.000000 0.000000 628.000000
256987 71.282633 71.282633 253.000000 253.000000 881.000000 0.000000 253.000000 0.000000 0.000000 0.000000 628.000000
257987 71.282633 71.282633 253.000000 253.000000 881.000000 0.000000 253.000000 0.000000 0.000000 0.000000 628.000000
258987 71.282633 71.282633 253.000000 253.000000 881.000000 0.000000 0.000000 0.000000 253.000000 0.000000 628.000000
259987 71.282633 71.282633 253.000000 253.000000 881.000000 0.000000 0.000000 0.000000 253.000000 0.000000 628.000000
260987 71.282633 71.282633 253.000000 253.000000 881.000000 0.000000 0.000000 0.000000 253.000000 0.000000 628.000000
261987 71.282633 71.282633 253.000000 253.000000 881.000000 0.000000 0.000000 0.000000 253.000000 0.000000 628.000000
262987 71.282633 71.282633 253.000000 253.000000 881.000000 0.000000 0.000000 0.000000 253.000000 0.000000 628.000000
263987 53.247941 53.247941 511.000000 511.000000 1093.000000 488.000000 0.000000 0.000000 23.000000 0.000000 582.000000
264987 52.060932 52.060932 535.000000 535.000000 1116.000000 535.000000 0.000000 0.000000 0.000000 0.000000 581.000000
265987 52.060932 52.060932 535.000000 535.000000 1116.000000 535.000000 0.000000 0.000000 0.000000 0.000000 581.000000
266987 52.060932 52.060932 535.000000 535.000000 1116.000000 535.000000 0.000000 0.000000 0.000000 0.000000 581.000000
267987 52.060932 52.060932 535.000000 535.000000 1116.000000 535.000000 0.000000 0.000000 0.000000 0.000000 581.000000
268987 52.060932 52.060932 535.000000 535.000000 1116.000000 535.000000 0.000000 0.000000 0.000000 0.000000 581.000000
269987 52.060932 52.060932 535.000000 535.000000 1116.000000 535.000000 0.000000 0.000000 0.000000 0.000000 581.000000
270987 52.060932 52.060932 535.000000 535.000000 1116.000000 535.000000 0.000000 0.000000 0.000000 0.000000 581.000000
271987 52.060932 52.060932 535.000000 535.000000 1116.000000 535.000000 0.000000 0.000000 0.000000 0.000000 581.000000
272987 52.060932 52.060932 535.000000 535.000000 1116.000000 535.000000 0.000000 0.000000 0.000000 0.000000 581.000000
273987 52.060932 52.060932 535.000000 535.000000 1116.000000 535.000000 0.000000 0.000000 0.000000 0.000000 581.000000
274987 52.060932 52.060932 535.000000 535.000000 1116.000000 535.000000 0.000000 0.000000 0.000000 0.000000 581.000000
275987 73.831776 73.831776 140.000000 140.000000 535.000000 0.000000 140.000000 0.000000 0.000000 0.000000 395.000000
276987 73.831776 73.831776 140.000000 140.000000 535.000000 0.000000 140.000000 0.000000 0.000000 0.000000 395.000000
277987 73.831776 73.831776 140.000000 140.000000 535.000000 0.000000 140.000000 0.000000 0.000000 0.000000 395.000000
278987 73.831776 73.831776 140.000000 140.000000 535.000000 0.000000 140.000000 0.000000 0.000000 0.000000 395.000000
279987 73.831776 73.831776 140.000000 140.000000 535.000000 0.000000 140.000000 0.000000 0.000000 0.000000 395.000000
280987 73.831776 73.831776 140.000000 140.000000 535.000000 0.000000 140.000000 0.000000 0.000000 0.000000 395.000000
281987 73.831776 73.831776 140.000000 140.000000 535.000000 0.000000 140.000000 0.000000 0.000000 0.000000 395.000000
282987 73.831776 73.831776 140.000000 140.000000 535.000000 0.000000 0.000000 0.000000 140.000000 0.000000 395.000000
283987 73.831776 73.831776 140.000000 140.000000 535.000000 0.000000 0.000000 0.000000 140.000000 0.000000 395.000000
284987 73.831776 73.831776 140.000000 140.000000 535.000000 0.000000 0.000000 0.000000 140.000000 0.000000 395.000000
285987 73.831776 73.831776 140.000000 140.000000 535.000000 0.000000 0.000000 0.000000 140.000000 0.000000 395.000000
286987 73.831776 73.831776 140.000000 140.000000 535.000000 0.000000 0.000000 0.000000 140.000000 0.000000 395.000000
287987 58.518519 58.518519 280.000000 280.000000 675.000000 280.000000 0.000000 0.000000 0.000000 0.000000 395.000000
288987 58.518519 58.518519 280.000000 280.000000 675.000000 280.000000 0.000000 0.000000 0.000000 0.000000 395.000000
289987 58.518519 58.518519 280.000000 280.000000 675.000000 280.000000 0.000000 0.000000 0.000000 0.000000 395.000000
290987 58.518519 58.518519 280.000000 280.000000 675.000000 280.000000 0.000000 0.000000 0.000000 0.000000 395.000000
291987 58.518519 58.518519 280.000000 280.000000 675.000000 280.000000 0.000000 0.000000 0.000000 0.000000 395.000000
292987 58.518519 58.518519 280.000000 280.000000 675.000000 280.000000 0.000000 0.000000 0.000000 0.000000 395.000000
293987 58.518519 58.518519 280.000000 280.000000 675.000000 280.000000 0.000000 0.000000 0.000000 0.000000 395.000000
294987 58.518519 58.518519 280.000000 280.000000 675.000000 280.000000 0.000000 0.000000 0.000000 0.000000 395.000000
295987 58.518519 58.518519 280.000000 280.000000 675.000000 280.000000 0.000000 0.000000 0.000000 0.000000 395.000000
296987 58.518519 58.518519 280.000000 280.000000 675.000000 280.000000 0.000000 0.000000 0.000000 0.000000 395.000000
297987 58.518519 58.518519 280.000000 280.000000 675.000000 280.000000 0.000000 0.000000 0.000000 0.000000 395.000000
298987 58.518519 58.518519 280.000000 280.000000 675.000000 280.000000 0.000000 0.000000 0.000000 0.000000 395.000000
299987 76.071429 76.071429 67.000000 67.000000 280.000000 0.000000 67.000000 0.000000 0.000000 0.000000 213.000000
300987 76.071429 76.071429 67.000000 67.000000 280.000000 0.000000 67.000000 0.000000 0.000000 0.000000 213.000000
301987 76.071429 76.071429 67.000000 67.000000 280.000000 0.000000 67.000000 0.000000 0.000000 0.000000 213.000000
302987 76.071429 76.071429 67.000000 67.000000 280.000000 0.000000 67.000000 0.000000 0.000000 0.000000 213.000000
303987 76.071429 76.071429 67.000000 67.000000 280.000000 0.000000 67.000000 0.000000 0.000000 0.000000 213.000000
304987 76.071429 76.071429 67.000000 67.000000 280.000000 0.000000 67.000000 0.000000 0.000000 0.000000 213.000000
305987 76.071429 76.071429 67.000000 67.000000 280.000000 0.000000 67.000000 0.000000 0.000000 0.000000 213.000000
306987 76.071429 76.071429 67.000000 67.000000 280.000000 0.000000 0.000000 0.000000 67.000000 0.000000 213.000000
307987 76.071429 76.071429 67.000000 67.000000 280.000000 0.000000 0.000000 0.000000 67.000000 0.000000 213.000000
308987 76.071429 76.071429 67.000000 67.000000 280.000000 0.000000 0.000000 0.000000 67.000000 0.000000 213.000000
309987 76.071429 76.071429 67.000000 67.000000 280.000000 0.000000 0.000000 0.000000 67.000000 0.000000 213.000000
310987 76.071429 76.071429 67.000000 67.000000 280.000000 0.000000 0.000000 0.000000 67.000000 0.000000 213.000000
311987 61.383285 61.383285 134.000000 134.000000 347.000000 134.000000 0.000000 0.000000 0.000000 0.000000 213.000000
312987 61.383285 61.383285 134.000000 134.000000 347.000000 134.000000 0.000000 0.000000 0.000000 0.000000 213.000000
313987 61.383285 61.383285 134.000000 134.000000 347.000000 134.000000 0.000000 0.000000 0.000000 0.000000 213.000000
314987 61.383285 61.383285 134.000000 134.000000 347.000000 134.000000 0.000000 0.000000 0.000000 0.000000 213.000000
315987 61.383285 61.383285 134.000000 134.000000 347.000000 134.000000 0.000000 0.000000 0.000000 0.000000 213.000000
316987 61.383285 61.383285 134.000000 134.000000 347.000000 134.000000 0.000000 0.000000 0.000000 0.000000 213.000000
317987 61.383285 61.383285 134.000000 134.000000 347.000000 134.000000 0.000000 0.000000 0.000000 0.000000 213.000000
318987 61.383285 61.383285 134.000000 134.000000 347.000000 134.000000 0.000000 0.000000 0.000000 0.000000 213.000000
319987 61.383285 61.383285 134.000000 134.000000 347.000000 134.000000 0.000000 0.000000 0.000000 0.000000 213.000000
320987 61.383285 61.383285 134.000000 134.000000 347.000000 134.000000 0.000000 0.000000 0.000000 0.000000 213.000000
321987 61.383285 61.383285 134.000000 134.000000 347.000000 134.000000 0.000000 0.000000 0.000000 0.000000 213.000000
249988 0.000000 0.000000 894.000000 894.000000 894.000000 894.000000 0.000000 0.000000 0.000000 0.000000 0.000000
250988 0.000000 0.000000 894.000000 894.000000 894.000000 894.000000 0.000000 0.000000 0.000000 0.000000 0.000000
251988 74.608501 74.608501 227.000000 227.000000 894.000000 0.000000 227.000000 0.000000 0.000000 0.000000 667.000000
252988 74.608501 74.608501 227.000000 227.000000 894.000000 0.000000 227.000000 0.000000 0.000000 0.000000 667.000000
253988 74.608501 74.608501 227.000000 227.000000 894.000000 0.000000 227.000000 0.000000 0.000000 0.000000 667.000000
254988 74.608501 74.608501 227.000000 227.000000 894.000000 0.000000 227.000000 0.000000 0.000000 0.000000 667.000000
255988 74.608501 74.608501 227.000000 227.000000 894.000000 0.000000 227.000000 0.000000 0.000000 0.000000 667.000000
256988 74.608501 74.608501 227.000000 227.000000 894.000000 0.000000 227.000000 0.000000 0.000000 0.000000 667.000000
257988 74.608501 74.608501 227.000000 227.000000 894.000000 0.000000 227.000000 0.000000 0.000000 0.000000 667.000000
258988 74.608501 74.608501 227.000000 227.000000 894.000000 0.000000 0.000000 0.000000 227.000000 0.000000 667.000000
259988 74.608501 74.608501 227.000000 227.000000 894.000000 0.000000 0.000000 0.000000 227.000000 0.000000 667.000000
260988 74.608501 74.608501 227.000000 227.000000 894.000000 0.000000 0.000000 0.000000 227.000000 0.000000 667.000000
261988 74.608501 74.608501 227.000000 227.000000 894.000000 0.000000 0.000000 0.000000 227.000000 0.000000 667.000000
262988 74.608501 74.608501 227.000000 227.000000 894.000000 0.000000 0.000000 0.000000 227.000000 0.000000 667.000000
263988 56.368564 56.368564 483.000000 483.000000 1107.000000 483.000000 0.000000 0.000000 0.000000 0.000000 624.000000
264988 56.368564 56.368564 483.000000 483.000000 1107.000000 483.000000 0.000000 0.000000 0.000000 0.000000 624.000000
265988 56.368564 56.368564 483.000000 483.000000 1107.000000 483.000000 0.000000 0.000000 0.000000 0.000000 624.000000
266988 56.368564 56.368564 483.000000 483.000000 1107.000000 483.000000 0.000000 0.000000 0.000000 0.000000 624.000000
267988 56.368564 56.368564 483.000000 483.000000 1107.000000 483.000000 0.000000 0.000000 0.000000 0.000000 624.000000
268988 56.368564 56.368564 483.000000 483.000000 1107.000000 483.000000 0.000000 0.000000 0.000000 0.000000 624.000000
269988 56.368564 56.368564 483.000000 483.000000 1107.000000 483.000000 0.000000 0.000000 0.000000 0.000000 624.000000
270988 56.368564 56.368564 483.000000 483.000000 1107.000000 483.000000 0.000000 0.000000 0.000000 0.000000 624.000000
271988 56.368564 56.368564 483.000000 483.000000 1107.000000 483.000000 0.000000 0.000000 0.000000 0.000000 624.000000
272988 56.368564 56.368564 483.000000 483.000000 1107.000000 483.000000 0.000000 0.000000 0.000000 0.000000 624.000000
273988 56.368564 56.368564 483.000000 483.000000 1107.000000 483.000000 0.000000 0.000000 0.000000 0.000000 624.000000
274988 56.368564 56.368564 483.000000 483.000000 1107.000000 483.000000 0.000000 0.000000 0.000000 0.000000 624.000000
275988 67.701863 67.701863 156.000000 156.000000 483.000000 0.000000 156.000000 0.000000 0.000000 0.000000 327.000000
276988 67.701863 67.701863 156.000000 156.000000 483.000000 0.000000 156.000000 0.000000 0.000000 0.000000 327.000000
277988 67.701863 67.701863 156.000000 156.000000 483.000000 0.000000 156.000000 0.000000 0.000000 0.000000 327.000000
278988 67.701863 67.701863 156.000000 156.000000 483.000000 0.000000 156.000000 0.000000 0.000000 0.000000 327.000000
279988 67.701863 67.701863 156.000000 156.000000 483.000000 0.000000 156.000000 0.000000 0.000000 0.000000 327.000000
280988 67.701863 67.701863 156.000000 156.000000 483.000000 0.000000 156.000000 0.000000 0.000000 0.000000 327.000000
281988 67.701863 67.701863 156.000000 156.000000 483.000000 0.000000 156.000000 0.000000 0.000000 0.000000 327.000000
282988 67.701863 67.701863 156.000000 156.000000 483.000000 0.000000 0.000000 0.000000 156.000000 0.000000 327.000000
283988 67.701863 67.701863 156.000000 156.000000 483.000000 0.000000 0.000000 0.000000 156.000000 0.000000 327.000000
284988 67.701863 67.701863 156.000000 156.000000 483.000000 0.000000 0.000000 0.000000 156.000000 0.000000 327.000000
285988 67.701863 67.701863 156.000000 156.000000 483.000000 0.000000 0.000000 0.000000 156.000000 0.000000 327.000000
286988 67.701863 67.701863 156.000000 156.000000 483.000000 0.000000 0.000000 0.000000 156.000000 0.000000 327.000000
287988 51.173709 51.173709 312.000000 312.000000 639.000000 312.000000 0.000000 0.000000 0.000000 0.000000 327.000000
288988 51.173709 51.173709 312.000000 312.000000 639.000000 312.000000 0.000000 0.000000 0.000000 0.000000 327.000000
289988 51.173709 51.173709 312.000000 312.000000 639.000000 312.000000 0.000000 0.000000 0.000000 0.000000 327.000000
290988 51.173709 51.173709 312.000000 312.000000 639.000000 312.000000 0.000000 0.000000 0.000000 0.000000 327.000000
291988 51.173709 51.173709 312.000000 312.000000 639.000000 312.000000 0.000000 0.000000 0.000000 0.000000 327.000000
292988 51.173709 51.173709 312.000000 312.000000 639.000000 312.000000 0.000000 0.000000 0.000000 0.000000 327.000000
293988 51.173709 51.173709 312.000000 312.000000 639.000000 312.000000 0.000000 0.000000 0.000000 0.000000 327.000000
294988 51.173709 51.173709 312.000000 312.000000 639.000000 312.000000 0.000000 0.000000 0.000000 0.000000 327.000000
295988 51.173709 51.173709 312.000000 312.000000 639.000000 312.000000 0.000000 0.000000 0.000000 0.000000 327.000000
296988 51.173709 51.173709 312.000000 312.000000 639.000000 312.000000 0.000000 0.000000 0.000000 0.000000 327.000000
297988 51.173709 51.173709 312.000000 312.000000 639.000000 312.000000 0.000000 0.000000 0.000000 0.000000 327.000000
298988 51.173709 51.173709 312.000000 312.000000 639.000000 312.000000 0.000000 0.000000 0.000000 0.000000 327.000000
299988 75.961538 75.961538 75.000000 75.000000 312.000000 0.000000 75.000000 0.000000 0.000000 0.000000 237.000000
300988 75.961538 75.961538 75.000000 75.000000 312.000000 0.000000 75.000000 0.000000 0.000000 0.000000 237.000000
301988 75.961538 75.961538 75.000000 75.000000 312.000000 0.000000 75.000000 0.000000 0.000000 0.000000 237.000000
302988 75.961538 75.961538 75.000000 75.000000 312.000000 0.000000 75.000000 0.000000 0.000000 0.000000 237.000000
303988 75.961538 75.961538 75.000000 75.000000 312.000000 0.000000 75.000000 0.000000 0.000000 0.000000 237.000000
304988 75.961538 75.961538 75.000000 75.000000 312.000000 0.000000 75.000000 0.000000 0.000000 0.000000 237.000000
305988 75.961538 75.961538 75.000000 75.000000 312.000000 0.000000 75.000000 0.000000 0.000000 0.000000 237.000000
306988 75.961538 75.961538 75.000000 75.000000 312.000000 0.000000 0.000000 0.000000 75.000000 0.000000 237.000000
307988 75.961538 75.961538 75.000000 75.000000 312.000000 0.000000 0.000000 0.000000 75.000000 0.000000 237.000000
308988 75.961538 75.961538 75.000000 75.000000 312.000000 0.000000 0.000000 0.000000 75.000000 0.000000 237.000000
309988 75.961538 75.961538 75.000000 75.000000 312.000000 0.000000 0.000000 0.000000 75.000000 0.000000 237.000000
310988 75.961538 75.961538 75.000000 75.000000 312.000000 0.000000 0.000000 0.000000 75.000000 0.000000 237.000000
311988 61.240310 61.240310 150.000000 150.000000 387.000000 150.000000 0.000000 0.000000 0.000000 0.000000 237.000000
312988 61.240310 61.240310 150.000000 150.000000 387.000000 150.000000 0.000000 0.000000 0.000000 0.000000 237.000000
313988 61.240310 61.240310 150.000000 150.000000 387.000000 150.000000 0.000000 0.000000 0.000000 0.000000 237.000000
314988 61.240310 61.240310 150.000000 150.000000 387.000000 150.000000 0.000000 0.000000 0.000000 0.000000 237.000000
315988 61.240310 61.240310 150.000000 150.000000 387.000000 150.000000 0.000000 0.000000 0.000000 0.000000 237.000000
316988 61.240310 61.240310 150.000000 150.000000 387.000000 150.000000 0.000000 0.000000 0.000000 0.000000 237.000000
317988 61.240310 61.240310 150.000000 150.000000 387.000000 150.000000 0.000000 0.000000 0.000000 0.000000 237.000000
318988 61.240310 61.240310 150.000000 150.000000 387.000000 150.000000 0.000000 0.000000 0.000000 0.000000 237.000000
319988 61.240310 61.240310 150.000000 150.000000 387.000000 150.000000 0.000000 0.000000 0.000000 0.000000 237.000000
320988 61.240310 61.240310 150.000000 150.000000 387.000000 150.000000 0.000000 0.000000 0.000000 0.000000 237.000000
321988 61.240310 61.240310 150.000000 150.000000 387.000000 150.000000 0.000000 0.000000 0.000000 0.000000 237.000000
249988 0.000000 0.000000 877.000000 877.000000 877.000000 877.000000 0.000000 0.000000 0.000000 0.000000 0.000000
250988 0.000000 0.000000 877.000000 877.000000 877.000000 877.000000 0.000000 0.000000 0.000000 0.000000 0.000000
251988 72.976055 72.976055 237.000000 237.000000 877.000000 0.000000 237.000000 0.000000 0.000000 0.000000 640.000000
252988 72.976055 72.976055 237.000000 237.000000 877.000000 0.000000 237.000000 0.000000 0.000000 0.000000 640.000000
253988 72.976055 72.976055 237.000000 237.000000 877.000000 0.000000 237.000000 0.000000 0.000000 0.000000 640.000000
254988 72.976055 72.976055 237.000000 237.000000 877.000000 0.000000 237.000000 0.000000 0.000000 0.000000 640.000000
255988 72.976055 72.976055 237.000000 237.000000 877.000000 0.000000 237.000000 0.000000 0.000000 0.000000 640.000000
256988 72.976055 72.976055 237.000000 237.000000 877.000000 0.000000 237.000000 0.000000 0.000000 0.000000 640.000000
257988 72.976055 72.976055 237.000000 237.000000 877.000000 0.000000 237.000000 0.000000 0.000000 0.000000 640.000000
258988 72.976055 72.976055 237.000000 237.000000 877.000000 0.000000 0.000000 0.000000 237.000000 0.000000 640.000000
259988 72.976055 72.976055 237.000000 237.000000 877.000000 0.000000 0.000000 0.000000 237.000000 0.000000 640.000000
260988 72.976055 72.976055 237.000000 237.000000 877.000000 0.000000 0.000000 0.000000 237.000000 0.000000 640.000000
261988 72.976055 72.976055 237.000000 237.000000 877.000000 0.000000 0.000000 0.000000 237.000000 0.000000 640.000000
262988 72.976055 72.976055 237.000000 237.000000 877.000000 0.000000 0.000000 0.000000 237.000000 0.000000 640.000000
263988 54.429224 54.429224 499.000000 499.000000 1095.000000 499.000000 0.000000 0.000000 0.000000 0.000000 596.000000
264988 54.429224 54.429224 499.000000 499.000000 1095.000000 499.000000 0.000000 0.000000 0.000000 0.000000 596.000000
265988 54.429224 54.429224 499.000000 499.000000 1095.000000 499.000000 0.000000 0.000000 0.000000 0.000000 596.000000
266988 54.429224 54.429224 499.000000 499.000000 1095.000000 499.000000 0.000000 0.000000 0.000000 0.000000 596.000000
267988 54.429224 54.429224 499.000000 499.000000 1095.000000 499.000000 0.000000 0.000000 0.000000 0.000000 596.000000
268988 54.429224 54.429224 499.000000 499.000000 1095.000000 499.000000 0.000000 0.000000 0.000000 0.000000 596.000000
269988 54.429224 54.429224 499.000000 499.000000 1095.000000 499.000000 0.000000 0.000000 0.000000 0.000000 596.000000
270988 54.429224 54.429224 499.000000 499.000000 1095.000000 499.000000 0.000000 0.000000 0.000000 0.000000 596.000000
271988 54.429224 54.429224 499.000000 499.000000 1095.000000 499.000000 0.000000 0.000000 0.000000 0.000000 596.000000
272988 54.429224 54.429224 499.000000 499.000000 1095.000000 499.000000 0.000000 0.000000 0.000000 0.000000 596.000000
273988 54.429224 54.429224 499.000000 499.000000 1095.000000 499.000000 0.000000 0.000000 0.000000 0.000000 596.000000
274988 54.429224 54.429224 499.000000 499.000000 1095.000000 499.000000 0.000000 0.000000 0.000000 0.000000 596.000000
275988 73.947896 73.947896 130.000000 130.000000 499.000000 0.000000 130.000000 0.000000 0.000000 0.000000 369.000000
276988 73.947896 73.947896 130.000000 130.000000 499.000000 0.000000 130.000000 0.000000 0.000000 0.000000 369.000000
277988 73.947896 73.947896 130.000000 130.000000 499.000000 0.000000 130.000000 0.000000 0.000000 0.000000 369.000000
278988 73.947896 73.947896 130.000000 130.000000 499.000000 0.000000 130.000000 0.000000 0.000000 0.000000 369.000000
279988 73.947896 73.947896 130.000000 130.000000 499.000000 0.000000 130.000000 0.000000 0.000000 0.000000 369.000000
280988 73.947896 73.947896 130.000000 130.000000 499.000000 0.000000 130.000000 0.000000 0.000000 0.000000 369.000000
281988 73.947896 73.947896 130.000000 130.000000 499.000000 0.000000 130.000000 0.000000 0.000000 0.000000 369.000000
282988 73.947896 73.947896 130.000000 130.000000 499.000000 0.000000 0.000000 0.000000 130.000000 0.000000 369.000000
283988 73.947896 73.947896 130.000000 130.000000 499.000000 0.000000 0.000000 0.000000 130.000000 0.000000 369.000000
284988 73.947896 73.947896 130.000000 130.000000 499.000000 0.000000 0.000000 0.000000 130.000000 0.000000 369.000000
285988 73.947896 73.947896 130.000000 130.000000 499.000000 0.000000 0.000000 0.000000 130.000000 0.000000 369.000000
286988 73.947896 73.947896 130.000000 130.000000 499.000000 0.000000 0.000000 0.000000 130.000000 0.000000 369.000000
287988 58.664547 58.664547 260.000000 260.000000 629.000000 260.000000 0.000000 0.000000 0.000000 0.000000 369.000000
288988 58.664547 58.664547 260.000000 260.000000 629.000000 260.000000 0.000000 0.000000 0.000000 0.000000 369.000000
289988 58.664547 58.664547 260.000000 260.000000 629.000000 260.000000 0.000000 0.000000 0.000000 0.000000 369.000000
290988 58.664547 58.664547 260.000000 260.000000 629.000000 260.000000 0.000000 0.000000 0.000000 0.000000 369.000000
291988 58.664547 58.664547 260.000000 260.000000 629.000000 260.000000 0.000000 0.000000 0.000000 0.000000 369.000000
292988 58.664547 58.664547 260.000000 260.000000 629.000000 260.000000 0.000000 0.000000 0.000000 0.000000 369.000000
293988 58.664547 58.664547 260.000000 260.000000 629.000000 260.000000 0.000000 0.000000 0.000000 0.000000 369.000000
294988 58.664547 58.664547 260.000000 260.000000 629.000000 260.000000 0.000000 0.000000 0.000000 0.000000 369.000000
295988 58.664547 58.664547 260.000000 260.000000 629.000000 260.000000 0.000000 0.000000 0.000000 0.000000 369.000000
296988 58.664547 58.664547 260.000000 260.000000 629.000000 260.000000 0.000000 0.000000 0.000000 0.000000 369.000000
297988 58.664547 58.664547 260.000000 260.000000 629.000000 260.000000 0.000000 0.000000 0.000000 0.000000 369.000000
298988 58.664547 58.664547 260.000000 260.000000 629.000000 260.000000 0.000000 0.000000 0.000000 0.000000 369.000000
299988 77.692308 77.692308 58.000000 58.000000 260.000000 0.000000 58.000000 0.000000 0.000000 0.000000 202.000000
300988 77.692308 77.692308 58.000000 58.000000 260.000000 0.000000 58.000000 0.000000 0.000000 0.000000 202.000000
301988 77.692308 77.692308 58.000000 58.000000 260.000000 0.000000 58.000000 0.000000 0.000000 0.000000 202.000000
302988 77.692308 77.692308 58.000000 58.000000 260.000000 0.000000 58.000000 0.000000 0.000000 0.000000 202.000000
303988 77.692308 77.692308 58.000000 58.000000 260.000000 0.000000 58.000000 0.000000 0.000000 0.000000 202.000000
304988 77.692308 77.692308 58.000000 58.000000 260.000000 0.000000 58.000000 0.000000 0.000000 0.000000 202.000000
305988 77.692308 77.692308 58.000000 58.000000 260.000000 0.000000 58.000000 0.000000 0.000000 0.000000 202.000000
306988 77.692308 77.692308 58.000000 58.000000 260.000000 0.000000 0.000000 0.000000 58.000000 0.000000 202.000000
307988 77.692308 77.692308 58.000000 58.000000 260.000000 0.000000 0.000000 0.000000 58.000000 0.000000 202.000000
308988 77.692308 77.692308 58.000000 58.000000 260.000000 0.000000 0.000000 0.000000 58.000000 0.000000 202.000000
309988 77.692308 77.692308 58.000000 58.000000 260.000000 0.000000 0.000000 0.000000 58.000000 0.000000 202.000000
310988 77.692308 77.692308 58.000000 58.000000 260.000000 0.000000 0.000000 0.000000 58.000000 0.000000 202.000000
311988 63.522013 63.522013 116.000000 116.000000 318.000000 116.000000 0.000000 0.000000 0.000000 0.000000 202.000000
312988 63.522013 63.522013 116.000000 116.000000 318.000000 116.000000 0.000000 0.000000 0.000000 0.000000 202.000000
313988 63.522013 63.522013 116.000000 116.000000 318.000000 116.000000 0.000000 0.000000 0.000000 0.000000 202.000000
314988 63.522013 63.522013 116.000000 116.000000 318.000000 116.000000 0.000000 0.000000 0.000000 0.000000 202.000000
315988 63.522013 63.522013 116.000000 116.000000 318.000000 116.000000 0.000000 0.000000 0.000000 0.000000 202.000000
316988 63.522013 63.522013 116.000000 116.000000 318.000000 116.000000 0.000000 0.000000 0.000000 0.000000 202.000000
317988 63.522013 63.522013 116.000000 116.000000 318.000000 116.000000 0.000000 0.000000 0.000000 0.000000 202.000000
318988 63.522013 63.522013 116.000000 116.000000 318.000000 116.000000 0.000000 0.000000 0.000000 0.000000 202.000000
319988 63.522013 63.522013 116.000000 116.000000 318.000000 116.000000 0.000000 0.000000 0.000000 0.000000 202.000000
320988 63.522013 63.522013 116.000000 116.000000 318.000000 116.000000 0.000000 0.000000 0.000000 0.000000 202.000000
321988 63.522013 63.522013 116.000000 116.000000 318.000000 116.000000 0.000000 0.000000 0.000000 0.000000 202.000000
249987 0.000000 0.000000 881.000000 881.000000 881.000000 881.000000 0.000000 0.000000 0.000000 0.000000 0.000000
250987 0.000000 0.000000 881.000000 881.000000 881.000000 881.000000 0.000000 0.000000 0.000000 0.000000 0.000000
251987 74.914869 74.914869 221.000000 221.000000 881.000000 0.000000 221.000000 0.000000 0.000000 0.000000 660.000000
252987 74.914869 74.914869 221.000000 221.000000 881.000000 0.000000 221.000000 0.000000 0.000000 0.000000 660.000000
253987 74.914869 74.914869 221.000000 221.000000 881.000000 0.000000 221.000000 0.000000 0.000000 0.000000 660.000000
254987 74.914869 74.914869 221.000000 221.000000 881.000000 0.000000 221.000000 0.000000 0.000000 0.000000 660.000000
255987 74.914869 74.914869 221.000000 221.000000 881.000000 0.000000 221.000000 0.000000 0.000000 0.000000 660.000000
256987 74.914869 74.914869 221.000000 221.000000 881.000000 0.000000 221.000000 0.000000 0.000000 0.000000 660.000000
257987 74.914869 74.914869 221.000000 221.000000 881.000000 0.000000 221.000000 0.000000 0.000000 0.000000 660.000000
258987 74.914869 74.914869 221.000000 221.000000 881.000000 0.000000 0.000000 0.000000 221.000000 0.000000 660.000000
259987 74.914869 74.914869 221.000000 221.000000 881.000000 0.000000 0.000000 0.000000 221.000000 0.000000 660.000000
260987 74.914869 74.914869 221.000000 221.000000 881.000000 0.000000 0.000000 0.000000 221.000000 0.000000 660.000000
261987 74.914869 74.914869 221.000000 221.000000 881.000000 0.000000 0.000000 0.000000 221.000000 0.000000 660.000000
262987 74.914869 74.914869 221.000000 221.000000 881.000000 0.000000 0.000000 0.000000 221.000000 0.000000 660.000000
263987 58.451369 58.451369 440.000000 440.000000 1059.000000 409.000000 0.000000 0.000000 31.000000 0.000000 619.000000
264987 56.788991 56.788991 471.000000 471.000000 1090.000000 471.000000 0.000000 0.000000 0.000000 0.000000 619.000000
265987 56.788991 56.788991 471.000000 471.000000 1090.000000 471.000000 0.000000 0.000000 0.000000 0.000000 619.000000
266987 56.788991 56.788991 471.000000 471.000000 1090.000000 471.000000 0.000000 0.000000 0.000000 0.000000 619.000000
267987 56.788991 56.788991 471.000000 471.000000 1090.000000 471.000000 0.000000 0.000000 0.000000 0.000000 619.000000
268987 56.788991 56.788991 471.000000 471.000000 1090.000000 471.000000 0.000000 0.000000 0.000000 0.000000 619.000000
269987 56.788991 56.788991 471.000000 471.000000 1090.000000 471.000000 0.000000 0.000000 0.000000 0.000000 619.000000
270987 56.788991 56.788991 471.000000 471.000000 1090.000000 471.000000 0.000000 0.000000 0.000000 0.000000 619.000000
271987 56.788991 56.788991 471.000000 471.000000 1090.000000 471.000000 0.000000 0.000000 0.000000 0.000000 619.000000
272987 56.788991 56.788991 471.000000 471.000000 1090.000000 471.000000 0.000000 0.000000 0.000000 0.000000 619.000000
273987 56.788991 56.788991 471.000000 471.000000 1090.000000 471.000000 0.000000 0.000000 0.000000 0.000000 619.000000
274987 56.788991 56.788991 471.000000 471.000000 1090.000000 471.000000 0.000000 0.000000 0.000000 0.000000 619.000000
275987 73.460722 73.460722 125.000000 125.000000 471.000000 0.000000 125.000000 0.000000 0.000000 0.000000 346.000000
276987 73.460722 73.460722 125.000000 125.000000 471.000000 0.000000 125.000000 0.000000 0.000000 0.000000 346.000000
277987 73.460722 73.460722 125.000000 125.000000 471.000000 0.000000 125.000000 0.000000 0.000000 0.000000 346.000000
278987 73.460722 73.460722 125.000000 125.000000 471.000000 0.000000 125.000000 0.000000 0.000000 0.000000 346.000000
279987 73.460722 73.460722 125.000000 125.000000 471.000000 0.000000 125.000000 0.000000 0.000000 0.000000 346.000000
280987 73.460722 73.460722 125.000000 125.000000 471.000000 0.000000 125.000000 0.000000 0.000000 0.000000 346.000000
281987 73.460722 73.460722 125.000000 125.000000 471.000000 0.000000 125.000000 0.000000 0.000000 0.000000 346.000000
282987 73.460722 73.460722 125.000000 125.000000 471.000000 0.000000 0.000000 0.000000 125.000000 0.000000 346.000000
283987 73.460722 73.460722 125.000000 125.000000 471.000000 0.000000 0.000000 0.000000 125.000000 0.000000 346.000000
284987 73.460722 73.460722 125.000000 125.000000 471.000000 0.000000 0.000000 0.000000 125.000000 0.000000 346.000000
285987 73.460722 73.460722 125.000000 125.000000 471.000000 0.000000 0.000000 0.000000 125.000000 0.000000 346.000000
286987 73.460722 73.460722 125.000000 125.000000 471.000000 0.000000 0.000000 0.000000 125.000000 0.000000 346.000000
287987 58.053691 58.053691 250.000000 250.000000 596.000000 250.000000 0.000000 0.000000 0.000000 0.000000 346.000000
288987 58.053691 58.053691 250.000000 250.000000 596.000000 250.000000 0.000000 0.000000 0.000000 0.000000 346.000000
289987 58.053691 58.053691 250.000000 250.000000 596.000000 250.000000 0.000000 0.000000 0.000000 0.000000 346.000000
290987 58.053691 58.053691 250.000000 250.000000 596.000000 250.000000 0.000000 0.000000 0.000000 0.000000 346.000000
291987 58.053691 58.053691 250.000000 250.000000 596.000000 250.000000 0.000000 0.000000 0.000000 0.000000 346.000000
292987 58.053691 58.053691 250.000000 250.000000 596.000000 250.000000 0.000000 0.000000 0.000000 0.000000 346.000000
293987 58.053691 58.053691 250.000000 250.000000 596.000000 250.000000 0.000000 0.000000 0.000000 0.000000 346.000000
294987 58.053691 58.053691 250.000000 250.000000 596.000000 250.000000 0.000000 0.000000 0.000000 0.000000 346.000000
295987 58.053691 58.053691 250.000000 250.000000 596.000000 250.000000 0.000000 0.000000 0.000000 0.000000 346.000000
296987 58.053691 58.053691 250.000000 250.000000 596.000000 250.000000 0.000000 0.000000 0.000000 0.000000 346.000000
297987 58.053691 58.053691 250.000000 250.000000 596.000000 250.000000 0.000000 0.000000 0.000000 0.000000 346.000000
298987 58.053691 58.053691 250.000000 250.000000 596.000000 250.000000 0.000000 0.000000 0.000000 0.000000 346.000000
299987 74.000000 74.000000 65.000000 65.000000 250.000000 0.000000 65.000000 0.000000 0.000000 0.000000 185.000000
300987 74.000000 74.000000 65.000000 65.000000 250.000000 0.000000 65.000000 0.000000 0.000000 0.000000 185.000000
301987 74.000000 74.000000 65.000000 65.000000 250.000000 0.000000 65.000000 0.000000 0.000000 0.000000 185.000000
302987 74.000000 74.000000 65.000000 65.000000 250.000000 0.000000 65.000000 0.000000 0.000000 0.000000 185.000000
303987 74.000000 74.000000 65.000000 65.000000 250.000000 0.000000 65.000000 0.000000 0.000000 0.000000 185.000000
304987 74.000000 74.000000 65.000000 65.000000 250.000000 0.000000 65.000000 0.000000 0.000000 0.000000 185.000000
305987 74.000000 74.000000 65.000000 65.000000 250.000000 0.000000 65.000000 0.000000 0.000000 0.000000 185.000000
306987 74.000000 74.000000 65.000000 65.000000 250.000000 0.000000 0.000000 0.000000 65.000000 0.000000 185.000000
307987 74.000000 74.000000 65.000000 65.000000 250.000000 0.000000 0.000000 0.000000 65.000000 0.000000 185.000000
308987 74.000000 74.000000 65.000000 65.000000 250.000000 0.000000 0.000000 0.000000 65.000000 0.000000 185.000000
309987 74.000000 74.000000 65.000000 65.000000 250.000000 0.000000 0.000000 0.000000 65.000000 0.000000 185.000000
310987 74.000000 74.000000 65.000000 65.000000 250.000000 0.000000 0.000000 0.000000 65.000000 0.000000 185.000000
311987 58.730159 58.730159 130.000000 130.000000 315.000000 130.000000 0.000000 0.000000 0.000000 0.000000 185.000000
312987 58.730159 58.730159 130.000000 130.000000 315.000000 130.000000 0.000000 0.000000 0.000000 0.000000 185.000000
313987 58.730159 58.730159 130.000000 130.000000 315.000000 130.000000 0.000000 0.000000 0.000000 0.000000 185.000000
314987 58.730159 58.730159 130.000000 130.000000 315.000000 130.000000 0.000000 0.000000 0.000000 0.000000 185.000000
315987 58.730159 58.730159 130.000000 130.000000 315.000000 130.000000 0.000000 0.000000 0.000000 0.000000 185.000000
316987 58.730159 58.730159 130.000000 130.000000 315.000000 130.000000 0.000000 0.000000 0.000000 0.000000 185.000000
317987 58.730159 58.730159 130.000000 130.000000 315.000000 130.000000 0.000000 0.000000 0.000000 0.000000 185.000000
318987 58.730159 58.730159 130.000000 130.000000 315.000000 130.000000 0.000000 0.000000 0.000000 0.000000 185.000000
319987 58.730159 58.730159 130.000000 130.000000 315.000000 130.000000 0.000000 0.000000 0.000000 0.000000 185.000000
320987 58.730159 58.730159 130.000000 130.000000 315.000000 130.000000 0.000000 0.000000 0.000000 0.000000 185.000000
321987 58.730159 58.730159 130.000000 130.000000 315.000000 130.000000 0.000000 0.000000 0.000000 0.000000 185.000000
249987 0.000000 0.000000 907.000000 907.000000 907.000000 907.000000 0.000000 0.000000 0.000000 0.000000 0.000000
250987 0.000000 0.000000 907.000000 907.000000 907.000000 907.000000 0.000000 0.000000 0.000000 0.000000 0.000000
251987 74.310915 74.310915 233.000000 233.000000 907.000000 0.000000 233.000000 0.000000 0.000000 0.000000 674.000000
252987 74.310915 74.310915 233.000000 233.000000 907.000000 0.000000 233.000000 0.000000 0.000000 0.000000 674.000000
253987 74.310915 74.310915 233.000000 233.000000 907.000000 0.000000 233.000000 0.000000 0.000000 0.000000 674.000000
254987 74.310915 74.310915 233.000000 233.000000 907.000000 0.000000 233.000000 0.000000 0.000000 0.000000 674.000000
255987 74.310915 74.310915 233.000000 233.000000 907.000000 0.000000 233.000000 0.000000 0.000000 0.000000 674.000000
256987 74.310915 74.310915 233.000000 233.000000 907.000000 0.000000 233.000000 0.000000 0.000000 0.000000 674.000000
257987 74.310915 74.310915 233.000000 233.000000 907.000000 0.000000 233.000000 0.000000 0.000000 0.000000 674.000000
258987 74.310915 74.310915 233.000000 233.000000 907.000000 0.000000 0.000000 0.000000 233.000000 0.000000 674.000000
259987 74.310915 74.310915 233.000000 233.000000 907.000000 0.000000 0.000000 0.000000 233.000000 0.000000 674.000000
260987 74.310915 74.310915 233.000000 233.000000 907.000000 0.000000 0.000000 0.000000 233.000000 0.000000 674.000000
261987 74.310915 74.310915 233.000000 233.000000 907.000000 0.000000 0.000000 0.000000 233.000000 0.000000 674.000000
262987 74.310915 74.310915 233.000000 233.000000 907.000000 0.000000 0.000000 0.000000 233.000000 0.000000 674.000000
263987 56.669651 56.669651 484.000000 484.000000 1117.000000 476.000000 0.000000 0.000000 8.000000 0.000000 633.000000
264987 56.266667 56.266667 492.000000 492.000000 1125.000000 492.000000 0.000000 0.000000 0.000000 0.000000 633.000000
265987 56.266667 56.266667 492.000000 492.000000 1125.000000 492.000000 0.000000 0.000000 0.000000 0.000000 633.000000
266987 56.266667 56.266667 492.000000 492.000000 1125.000000 492.000000 0.000000 0.000000 0.000000 0.000000 633.000000
267987 56.266667 56.266667 492.000000 492.000000 1125.000000 492.000000 0.000000 0.000000 0.000000 0.000000 633.000000
268987 56.266667 56.266667 492.000000 492.000000 1125.000000 492.000000 0.000000 0.000000 0.000000 0.000000 633.000000
269987 56.266667 56.266667 492.000000 492.000000 1125.000000 492.000000 0.000000 0.000000 0.000000 0.000000 633.000000
270987 56.266667 56.266667 492.000000 492.000000 1125.000000 492.000000 0.000000 0.000000 0.000000 0.000000 633.000000
271987 56.266667 56.266667 492.000000 492.000000 1125.000000 492.000000 0.000000 0.000000 0.000000 0.000000 633.000000
272987 56.266667 56.266667 492.000000 492.000000 1125.000000 492.000000 0.000000 0.000000 0.000000 0.000000 633.000000
273987 56.266667 56.266667 492.000000 492.000000 1125.000000 492.000000 0.000000 0.000000 0.000000 0.000000 633.000000
274987 56.266667 56.266667 492.000000 492.000000 1125.000000 492.000000 0.000000 0.000000 0.000000 0.000000 633.000000
275987 73.170732 73.170732 132.000000 132.000000 492.000000 0.000000 132.000000 0.000000 0.000000 0.000000 360.000000
276987 73.170732 73.170732 132.000000 132.000000 492.000000 0.000000 132.000000 0.000000 0.000000 0.000000 360.000000
277987 73.170732 73.170732 132.000000 132.000000 492.000000 0.000000 132.000000 0.000000 0.000000 0.000000 360.000000
278987 73.170732 73.170732 132.000000 132.000000 492.000000 0.000000 132.000000 0.000000 0.000000 0.000000 360.000000
279987 73.170732 73.170732 132.000000 132.000000 492.000000 0.000000 132.000000 0.000000 0.000000 0.000000 360.000000
280987 73.170732 73.170732 132.000000 132.000000 492.000000 0.000000 132.000000 0.000000 0.000000 0.000000 360.000000
281987 73.170732 73.170732 132.000000 132.000000 492.000000 0.000000 132.000000 0.000000 0.000000 0.000000 360.000000
282987 73.170732 73.170732 132.000000 132.000000 492.000000 0.000000 0.000000 0.000000 132.000000 0.000000 360.000000
283987 73.170732 73.170732 132.000000 132.000000 492.000000 0.000000 0.000000 0.000000 132.000000 0.000000 360.000000
284987 73.170732 73.170732 132.000000 132.000000 492.000000 0.000000 0.000000 0.000000 132.000000 0.000000 360.000000
285987 73.170732 73.170732 132.000000 132.000000 492.000000 0.000000 0.000000 0.000000 132.000000 0.000000 360.000000
286987 73.170732 73.170732 132.000000 132.000000 492.000000 0.000000 0.000000 0.000000 132.000000 0.000000 360.000000
287987 57.692308 57.692308 264.000000 264.000000 624.000000 264.000000 0.000000 0.000000 0.000000 0.000000 360.000000
288987 57.692308 57.692308 264.000000 264.000000 624.000000 264.000000 0.000000 0.000000 0.000000 0.000000 360.000000
289987 57.692308 57.692308 264.000000 264.000000 624.000000 264.000000 0.000000 0.000000 0.000000 0.000000 360.000000
290987 57.692308 57.692308 264.000000 264.000000 624.000000 264.000000 0.000000 0.000000 0.000000 0.000000 360.000000
291987 57.692308 57.692308 264.000000 264.000000 624.000000 264.000000 0.000000 0.000000 0.000000 0.000000 360.000000
292987 57.692308 57.692308 264.000000 264.000000 624.000000 264.000000 0.000000 0.000000 0.000000 0.000000 360.000000
293987 57.692308 57.692308 264.000000 264.000000 624.000000 264.000000 0.000000 0.000000 0.000000 0.000000 360.000000
294987 57.692308 57.692308 264.000000 264.000000 624.000000 264.000000 0.000000 0.000000 0.000000 0.000000 360.000000
295987 57.692308 57.692308 264.000000 264.000000 624.000000 264.000000 0.000000 0.000000 0.000000 0.000000 360.000000
296987 57.692308 57.692308 264.000000 264.000000 624.000000 264.000000 0.000000 0.000000 0.000000 0.000000 360.000000
297987 57.692308 57.692308 264.000000 264.000000 624.000000 264.000000 0.000000 0.000000 0.000000 0.000000 360.000000
298987 57.692308 57.692308 264.000000 264.000000 624.000000 264.000000 0.000000 0.000000 0.000000 0.000000 360.000000
299987 73.484848 73.484848 70.000000 70.000000 264.000000 0.000000 70.000000 0.000000 0.000000 0.000000 194.000000
300987 73.484848 73.484848 70.000000 70.000000 264.000000 0.000000 70.000000 0.000000 0.000000 0.000000 194.000000
301987 73.484848 73.484848 70.000000 70.000000 264.000000 0.000000 70.000000 0.000000 0.000000 0.000000 194.000000
302987 73.484848 73.484848 70.000000 70.000000 264.000000 0.000000 70.000000 0.000000 0.000000 0.000000 194.000000
303987 73.484848 73.484848 70.000000 70.000000 264.000000 0.000000 70.000000 0.000000 0.000000 0.000000 194.000000
304987 73.484848 73.484848 70.000000 70.000000 264.000000 0.000000 70.000000 0.000000 0.000000 0.000000 194.000000
305987 73.484848 73.484848 70.000000 70.000000 264.000000 0.000000 70.000000 0.000000 0.000000 0.000000 194.000000
306987 73.484848 73.484848 70.000000 70.000000 264.000000 0.000000 0.000000 0.000000 70.000000 0.000000 194.000000
307987 73.484848 73.484848 70.000000 70.000000 264.000000 0.000000 0.000000 0.000000 70.000000 0.000000 194.000000
308987 73.484848 73.484848 70.000000 70.000000 264.000000 0.000000 0.000000 0.000000 70.000000 0.000000 194.000000
309987 73.484848 73.484848 70.000000 70.000000 264.000000 0.000000 0.000000 0.000000 70.000000 0.000000 194.000000
310987 73.484848 73.484848 70.000000 70.000000 264.000000 0.000000 0.000000 0.000000 70.000000 0.000000 194.000000
311987 58.083832 58.083832 140.000000 140.000000 334.000000 140.000000 0.000000 0.000000 0.000000 0.000000 194.000000
312987 58.083832 58.083832 140.000000 140.000000 334.000000 140.000000 0.000000 0.000000 0.000000 0.000000 194.000000
313987 58.083832 58.083832 140.000000 140.000000 334.000000 140.000000 0.000000 0.000000 0.000000 0.000000 194.000000
314987 58.083832 58.083832 140.000000 140.000000 334.000000 140.000000 0.000000 0.000000 0.000000 0.000000 194.000000
315987 58.083832 58.083832 140.000000 140.000000 334.000000 140.000000 0.000000 0.000000 0.000000 0.000000 194.000000
316987 58.083832 58.083832 140.000000 140.000000 334.000000 140.000000 0.000000 0.000000 0.000000 0.000000 194.000000
317987 58.083832 58.083832 140.000000 140.000000 334.000000 140.000000 0.000000 0.000000 0.000000 0.000000 194.000000
318987 58.083832 58.083832 140.000000 140.000000 334.000000 140.000000 0.000000 0.000000 0.000000 0.000000 194.000000
319987 58.083832 58.083832 140.000000 140.000000 334.000000 140.000000 0.000000 0.000000 0.000000 0.000000 194.000000
320987 58.083832 58.083832 140.000000 140.000000 334.000000 140.000000 0.000000 0.000000 0.000000 0.000000 194.000000
321987 58.083832 58.083832 140.000000 140.000000 334.000000 140.000000 0.000000 0.000000 0.000000 0.000000 194.000000
249988 0.000000 0.000000 885.000000 885.000000 885.000000 885.000000 0.000000 0.000000 0.000000 0.000000 0.000000
250988 0.000000 0.000000 885.000000 885.000000 885.000000 885.000000 0.000000 0.000000 0.000000 0.000000 0.000000
251988 73.785311 73.785311 232.000000 232.000000 885.000000 0.000000 232.000000 0.000000 0.000000 0.000000 653.000000
252988 73.785311 73.785311 232.000000 232.000000 885.000000 0.000000 232.000000 0.000000 0.000000 0.000000 653.000000
253988 73.785311 73.785311 232.000000 232.000000 885.000000 0.000000 232.000000 0.000000 0.000000 0.000000 653.000000
254988 73.785311 73.785311 232.000000 232.000000 885.000000 0.000000 232.000000 0.000000 0.000000 0.000000 653.000000
255988 73.785311 73.785311 232.000000 232.000000 885.000000 0.000000 232.000000 0.000000 0.000000 0.000000 653.000000
256988 73.785311 73.785311 232.000000 232.000000 885.000000 0.000000 232.000000 0.000000 0.000000 0.000000 653.000000
257988 73.785311 73.785311 232.000000 232.000000 885.000000 0.000000 232.000000 0.000000 0.000000 0.000000 653.000000
258988 73.785311 73.785311 232.000000 232.000000 885.000000 0.000000 0.000000 0.000000 232.000000 0.000000 653.000000
259988 73.785311 73.785311 232.000000 232.000000 885.000000 0.000000 0.000000 0.000000 232.000000 0.000000 653.000000
260988 73.785311 73.785311 232.000000 232.000000 885.000000 0.000000 0.000000 0.000000 232.000000 0.000000 653.000000
261988 73.785311 73.785311 232.000000 232.000000 885.000000 0.000000 0.000000 0.000000 232.000000 0.000000 653.000000
262988 73.785311 73.785311 232.000000 232.000000 885.000000 0.000000 0.000000 0.000000 232.000000 0.000000 653.000000
263988 55.131698 55.131698 494.000000 494.000000 1101.000000 494.000000 0.000000 0.000000 0.000000 0.000000 607.000000
264988 55.131698 55.131698 494.000000 494.000000 1101.000000 494.000000 0.000000 0.000000 0.000000 0.000000 607.000000
265988 55.131698 55.131698 494.000000 494.000000 1101.000000 494.000000 0.000000 0.000000 0.000000 0.000000 607.000000
266988 55.131698 55.131698 494.000000 494.000000 1101.000000 494.000000 0.000000 0.000000 0.000000 0.000000 607.000000
267988 55.131698 55.131698 494.000000 494.000000 1101.000000 494.000000 0.000000 0.000000 0.000000 0.000000 607.000000
268988 55.131698 55.131698 494.000000 494.000000 1101.000000 494.000000 0.000000 0.000000 0.000000 0.000000 607.000000
269988 55.131698 55.131698 494.000000 494.000000 1101.000000 494.000000 0.000000 0.000000 0.000000 0.000000 607.000000
270988 55.131698 55.131698 494.000000 494.000000 1101.000000 494.000000 0.000000 0.000000 0.000000 0.000000 607.000000
271988 55.131698 55.131698 494.000000 494.000000 1101.000000 494.000000 0.000000 0.000000 0.000000 0.000000 607.000000
272988 55.131698 55.131698 494.000000 494.000000 1101.000000 494.000000 0.000000 0.000000 0.000000 0.000000 607.000000
273988 55.131698 55.131698 494.000000 494.000000 1101.000000 494.000000 0.000000 0.000000 0.000000 0.000000 607.000000
274988 55.131698 55.131698 494.000000 494.000000 1101.000000 494.000000 0.000000 0.000000 0.000000 0.000000 607.000000
275988 69.635628 69.635628 150.000000 150.000000 494.000000 0.000000 150.000000 0.000000 0.000000 0.000000 344.000000
276988 69.635628 69.635628 150.000000 150.000000 494.000000 0.000000 150.000000 0.000000 0.000000 0.000000 344.000000
277988 69.635628 69.635628 150.000000 150.000000 494.000000 0.000000 150.000000 0.000000 0.000000 0.000000 344.000000
278988 69.635628 69.635628 150.000000 150.000000 494.000000 0.000000 150.000000 0.000000 0.000000 0.000000 344.000000
279988 69.635628 69.635628 150.000000 150.000000 494.000000 0.000000 150.000000 0.000000 0.000000 0.000000 344.000000
280988 69.635628 69.635628 150.000000 150.000000 494.000000 0.000000 150.000000 0.000000 0.000000 0.000000 344.000000
281988 69.635628 69.635628 150.000000 150.000000 494.000000 0.000000 150.000000 0.000000 0.000000 0.000000 344.000000
282988 69.635628 69.635628 150.000000 150.000000 494.000000 0.000000 0.000000 0.000000 150.000000 0.000000 344.000000
283988 69.635628 69.635628 150.000000 150.000000 494.000000 0.000000 0.000000 0.000000 150.000000 0.000000 344.000000
284988 69.635628 69.635628 150.000000 150.000000 494.000000 0.000000 0.000000 0.000000 150.000000 0.000000 344.000000
285988 69.635628 69.635628 150.000000 150.000000 494.000000 0.000000 0.000000 0.000000 150.000000 0.000000 344.000000
286988 69.635628 69.635628 150.000000 150.000000 494.000000 0.000000 0.000000 0.000000 150.000000 0.000000 344.000000
287988 53.416149 53.416149 300.000000 300.000000 644.000000 300.000000 0.000000 0.000000 0.000000 0.000000 344.000000
288988 53.416149 53.416149 300.000000 300.000000 644.000000 300.000000 0.000000 0.000000 0.000000 0.000000 344.000000
289988 53.416149 53.416149 300.000000 300.000000 644.000000 300.000000 0.000000 0.000000 0.000000 0.000000 344.000000
290988 53.416149 53.416149 300.000000 300.000000 644.000000 300.000000 0.000000 0.000000 0.000000 0.000000 344.000000
291988 53.416149 53.416149 300.000000 300.000000 644.000000 300.000000 0.000000 0.000000 0.000000 0.000000 344.000000
292988 53.416149 53.416149 300.000000 300.000000 644.000000 300.000000 0.000000 0.000000 0.000000 0.000000 344.000000
293988 53.416149 53.416149 300.000000 300.000000 644.000000 300.000000 0.000000 0.000000 0.000000 0.000000 344.000000
294988 53.416149 53.416149 300.000000 300.000000 644.000000 300.000000 0.000000 0.000000 0.000000 0.000000 344.000000
295988 53.416149 53.416149 300.000000 300.000000 644.000000 300.000000 0.000000 0.000000 0.000000 0.000000 344.000000
296988 53.416149 53.416149 300.000000 300.000000 644.000000 300.000000 0.000000 0.000000 0.000000 0.000000 344.000000
297988 53.416149 53.416149 300.000000 300.000000 644.000000 300.000000 0.000000 0.000000 0.000000 0.000000 344.000000
298988 53.416149 53.416149 300.000000 300.000000 644.000000 300.000000 0.000000 0.000000 0.000000 0.000000 344.000000
299988 77.000000 77.000000 69.000000 69.000000 300.000000 0.000000 69.000000 0.000000 0.000000 0.000000 231.000000
300988 77.000000 77.000000 69.000000 69.000000 300.000000 0.000000 69.000000 0.000000 0.000000 0.000000 231.000000
301988 77.000000 77.000000 69.000000 69.000000 300.000000 0.000000 69.000000 0.000000 0.000000 0.000000 231.000000
302988 77.000000 77.000000 69.000000 69.000000 300.000000 0.000000 69.000000 0.000000 0.000000 0.000000 231.000000
303988 77.000000 77.000000 69.000000 69.000000 300.000000 0.000000 69.000000 0.000000 0.000000 0.000000 231.000000
304988 77.000000 77.000000 69.000000 69.000000 300.000000 0.000000 69.000000 0.000000 0.000000 0.000000 231.000000
305988 77.000000 77.000000 69.000000 69.000000 300.000000 0.000000 69.000000 0.000000 0.000000 0.000000 231.000000
306988 77.000000 77.000000 69.000000 69.000000 300.000000 0.000000 0.000000 0.000000 69.000000 0.000000 231.000000
307988 77.000000 77.000000 69.000000 69.000000 300.000000 0.000000 0.000000 0.000000 69.000000 0.000000 231.000000
308988 77.000000 77.000000 69.000000 69.000000 300.000000 0.000000 0.000000 0.000000 69.000000 0.000000 231.000000
309988 77.000000 77.000000 69.000000 69.000000 300.000000 0.000000 0.000000 0.000000 69.000000 0.000000 231.000000
310988 77.000000 77.000000 69.000000 69.000000 300.000000 0.000000 0.000000 0.000000 69.000000 0.000000 231.000000
311988 62.601626 62.601626 138.000000 138.000000 369.000000 138.000000 0.000000 0.000000 0.000000 0.000000 231.000000
312988 62.601626 62.601626 138.000000 138.000000 369.000000 138.000000 0.000000 0.000000 0.000000 0.000000 231.000000
313988 62.601626 62.601626 138.000000 138.000000 369.000000 138.000000 0.000000 0.000000 0.000000 0.000000 231.000000
314988 62.601626 62.601626 138.000000 138.000000 369.000000 138.000000 0.000000 0.000000 0.000000 0.000000 231.000000
315988 62.601626 62.601626 138.000000 138.000000 369.000000 138.000000 0.000000 0.000000 0.000000 0.000000 231.000000
316988 62.601626 62.601626 138.000000 138.000000 369.000000 138.000000 0.000000 0.000000 0.000000 0.000000 231.000000
317988 62.601626 62.601626 138.000000 138.000000 369.000000 138.000000 0.000000 0.000000 0.000000 0.000000 231.000000
318988 62.601626 62.601626 138.000000 138.000000 369.000000 138.000000 0.000000 0.000000 0.000000 0.000000 231.000000
319988 62.601626 62.601626 138.000000 138.000000 369.000000 138.000000 0.000000 0.000000 0.000000 0.000000 231.000000
320988 62.601626 62.601626 138.000000 138.000000 369.000000 138.000000 0.000000 0.000000 0.000000 0.000000 231.000000
321988 62.601626 62.601626 138.000000 138.000000 369.000000 138.000000 0.000000 0.000000 0.000000 0.000000 231.000000
249987 0.000000 0.000000 895.000000 895.000000 895.000000 895.000000 0.000000 0.000000 0.000000 0.000000 0.000000
250987 0.000000 0.000000 895.000000 895.000000 895.000000 895.000000 0.000000 0.000000 0.000000 0.000000 0.000000
251987 72.960894 72.960894 242.000000 242.000000 895.000000 0.000000 242.000000 0.000000 0.000000 0.000000 653.000000
252987 72.960894 72.960894 242.000000 242.000000 895.000000 0.000000 242.000000 0.000000 0.000000 0.000000 653.000000
253987 72.960894 72.960894 242.000000 242.000000 895.000000 0.000000 242.000000 0.000000 0.000000 0.000000 653.000000
254987 72.960894 72.960894 242.000000 242.000000 895.000000 0.000000 242.000000 0.000000 0.000000 0.000000 653.000000
255987 72.960894 72.960894 242.000000 242.000000 895.000000 0.000000 242.000000 0.000000 0.000000 0.000000 653.000000
256987 72.960894 72.960894 242.000000 242.000000 895.000000 0.000000 242.000000 0.000000 0.000000 0.000000 653.000000
257987 72.960894 72.960894 242.000000 242.000000 895.000000 0.000000 242.000000 0.000000 0.000000 0.000000 653.000000
258987 72.960894 72.960894 242.000000 242.000000 895.000000 0.000000 0.000000 0.000000 242.000000 0.000000 653.000000
259987 72.960894 72.960894 242.000000 242.000000 895.000000 0.000000 0.000000 0.000000 242.000000 0.000000 653.000000
260987 72.960894 72.960894 242.000000 242.000000 895.000000 0.000000 0.000000 0.000000 242.000000 0.000000 653.000000
261987 72.960894 72.960894 242.000000 242.000000 895.000000 0.000000 0.000000 0.000000 242.000000 0.000000 653.000000
262987 72.960894 72.960894 242.000000 242.000000 895.000000 0.000000 0.000000 0.000000 242.000000 0.000000 653.000000
263987 55.575703 55.575703 490.000000 490.000000 1103.000000 474.000000 0.000000 0.000000 16.000000 0.000000 613.000000
264987 54.781055 54.781055 506.000000 506.000000 1119.000000 506.000000 0.000000 0.000000 0.000000 0.000000 613.000000
265987 54.781055 54.781055 506.000000 506.000000 1119.000000 506.000000 0.000000 0.000000 0.000000 0.000000 613.000000
266987 54.781055 54.781055 506.000000 506.000000 1119.000000 506.000000 0.000000 0.000000 0.000000 0.000000 613.000000
267987 54.781055 54.781055 506.000000 506.000000 1119.000000 506.000000 0.000000 0.000000 0.000000 0.000000 613.000000
268987 54.781055 54.781055 506.000000 506.000000 1119.000000 506.000000 0.000000 0.000000 0.000000 0.000000 613.000000
269987 54.781055 54.781055 506.000000 506.000000 1119.000000 506.000000 0.000000 0.000000 0.000000 0.000000 613.000000
270987 54.781055 54.781055 506.000000 506.000000 1119.000000 506.000000 0.000000 0.000000 0.000000 0.000000 613.000000
271987 54.781055 54.781055 506.000000 506.000000 1119.000000 506.000000 0.000000 0.000000 0.000000 0.000000 613.000000
272987 54.781055 54.781055 506.000000 506.000000 1119.000000 506.000000 0.000000 0.000000 0.000000 0.000000 613.000000
273987 54.781055 54.781055 506.000000 506.000000 1119.000000 506.000000 0.000000 0.000000 0.000000 0.000000 613.000000
274987 54.781055 54.781055 506.000000 506.000000 1119.000000 506.000000 0.000000 0.000000 0.000000 0.000000 613.000000
275987 73.715415 73.715415 133.000000 133.000000 506.000000 0.000000 133.000000 0.000000 0.000000 0.000000 373.000000
276987 73.715415 73.715415 133.000000 133.000000 506.000000 0.000000 133.000000 0.000000 0.000000 0.000000 373.000000
277987 73.715415 73.715415 133.000000 133.000000 506.000000 0.000000 133.000000 0.000000 0.000000 0.000000 373.000000
278987 73.715415 73.715415 133.000000 133.000000 506.000000 0.000000 133.000000 0.000000 0.000000 0.000000 373.000000
279987 73.715415 73.715415 133.000000 133.000000 506.000000 0.000000 133.000000 0.000000 0.000000 0.000000 373.000000
280987 73.715415 73.715415 133.000000 133.000000 506.000000 0.000000 133.000000 0.000000 0.000000 0.000000 373.000000
281987 73.715415 73.715415 133.000000 133.000000 506.000000 0.000000 133.000000 0.000000 0.000000 0.000000 373.000000
282987 73.715415 73.715415 133.000000 133.000000 506.000000 0.000000 0.000000 0.000000 133.000000 0.000000 373.000000
283987 73.715415 73.715415 133.000000 133.000000 506.000000 0.000000 0.000000 0.000000 133.000000 0.000000 373.000000
284987 73.715415 73.715415 133.000000 133.000000 506.000000 0.000000 0.000000 0.000000 133.000000 0.000000 373.000000
285987 73.715415 73.715415 133.000000 133.000000 506.000000 0.000000 0.000000 0.000000 133.000000 0.000000 373.000000
286987 73.715415 73.715415 133.000000 133.000000 506.000000 0.000000 0.000000 0.000000 133.000000 0.000000 373.000000
287987 58.372457 58.372457 266.000000 266.000000 639.000000 266.000000 0.000000 0.000000 0.000000 0.000000 373.000000
288987 58.372457 58.372457 266.000000 266.000000 639.000000 266.000000 0.000000 0.000000 0.000000 0.000000 373.000000
289987 58.372457 58.372457 266.000000 266.000000 639.000000 266.000000 0.000000 0.000000 0.000000 0.000000 373.000000
290987 58.372457 58.372457 266.000000 266.000000 639.000000 266.000000 0.000000 0.000000 0.000000 0.000000 373.000000
291987 58.372457 58.372457 266.000000 266.000000 639.000000 266.000000 0.000000 0.000000 0.000000 0.000000 373.000000
292987 58.372457 58.372457 266.000000 266.000000 639.000000 266.000000 0.000000 0.000000 0.000000 0.000000 373.000000
293987 58.372457 58.372457 266.000000 266.000000 639.000000 266.000000 0.000000 0.000000 0.000000 0.000000 373.000000
294987 58.372457 58.372457 266.000000 266.000000 639.000000 266.000000 0.000000 0.000000 0.000000 0.000000 373.000000
295987 58.372457 58.372457 266.000000 266.000000 639.000000 266.000000 0.000000 0.000000 0.000000 0.000000 373.000000
296987 58.372457 58.372457 266.000000 266.000000 639.000000 266.000000 0.000000 0.000000 0.000000 0.000000 373.000000
297987 58.372457 58.372457 266.000000 266.000000 639.000000 266.000000 0.000000 0.000000 0.000000 0.000000 373.000000
298987 58.372457 58.372457 266.000000 266.000000 639.000000 266.000000 0.000000 0.000000 0.000000 0.000000 373.000000
299987 72.556391 72.556391 73.000000 73.000000 266.000000 0.000000 73.000000 0.000000 0.000000 0.000000 193.000000
300987 72.556391 72.556391 73.000000 73.000000 266.000000 0.000000 73.000000 0.000000 0.000000 0.000000 193.000000
301987 72.556391 72.556391 73.000000 73.000000 266.000000 0.000000 73.000000 0.000000 0.000000 0.000000 193.000000
302987 72.556391 72.556391 73.000000 73.000000 266.000000 0.000000 73.000000 0.000000 0.000000 0.000000 193.000000
303987 72.556391 72.556391 73.000000 73.000000 266.000000 0.000000 73.000000 0.000000 0.000000 0.000000 193.000000
304987 72.556391 72.556391 73.000000 73.000000 266.000000 0.000000 73.000000 0.000000 0.000000 0.000000 193.000000
305987 72.556391 72.556391 73.000000 73.000000 266.000000 0.000000 73.000000 0.000000 0.000000 0.000000 193.000000
306987 72.556391 72.556391 73.000000 73.000000 266.000000 0.000000 0.000000 0.000000 73.000000 0.000000 193.000000
307987 72.556391 72.556391 73.000000 73.000000 266.000000 0.000000 0.000000 0.000000 73.000000 0.000000 193.000000
308987 72.556391 72.556391 73.000000 73.000000 266.000000 0.000000 0.000000 0.000000 73.000000 0.000000 193.000000
309987 72.556391 72.556391 73.000000 73.000000 266.000000 0.000000 0.000000 0.000000 73.000000 0.000000 193.000000
310987 72.556391 72.556391 73.000000 73.000000 266.000000 0.000000 0.000000 0.000000 73.000000 0.000000 193.000000
311987 56.932153 56.932153 146.000000 146.000000 339.000000 146.000000 0.000000 0.000000 0.000000 0.000000 193.000000
312987 56.932153 56.932153 146.000000 146.000000 339.000000 146.000000 0.000000 0.000000 0.000000 0.000000 193.000000
313987 56.932153 56.932153 146.000000 146.000000 339.000000 146.000000 0.000000 0.000000 0.000000 0.000000 193.000000
314987 56.932153 56.932153 146.000000 146.000000 339.000000 146.000000 0.000000 0.000000 0.000000 0.000000 193.000000
315987 56.932153 56.932153 146.000000 146.000000 339.000000 146.000000 0.000000 0.000000 0.000000 0.000000 193.000000
316987 56.932153 56.932153 146.000000 146.000000 339.000000 146.000000 0.000000 0.000000 0.000000 0.000000 193.000000
317987 56.932153 56.932153 146.000000 146.000000 339.000000 146.000000 0.000000 0.000000 0.000000 0.000000 193.000000
318987 56.932153 56.932153 146.000000 146.000000 339.000000 146.000000 0.000000 0.000000 0.000000 0.000000 193.000000
319987 56.932153 56.932153 146.000000 146.000000 339.000000 146.000000 0.000000 0.000000 0.000000 0.000000 193.000000
320987 56.932153 56.932153 146.000000 146.000000 339.000000 146.000000 0.000000 0.000000 0.000000 0.000000 193.000000
321987 56.932153 56.932153 146.000000 146.000000 339.000000 146.000000 0.000000 0.000000 0.000000 0.000000 193.000000
249987 0.000000 0.000000 899.000000 899.000000 899.000000 899.000000 0.000000 0.000000 0.000000 0.000000 0.000000
250987 0.000000 0.000000 899.000000 899.000000 899.000000 899.000000 0.000000 0.000000 0.000000 0.000000 0.000000
251987 75.750834 75.750834 218.000000 218.000000 899.000000 0.000000 218.000000 0.000000 0.000000 0.000000 681.000000
252987 75.750834 75.750834 218.000000 218.000000 899.000000 0.000000 218.000000 0.000000 0.000000 0.000000 681.000000
253987 75.750834 75.750834 218.000000 218.000000 899.000000 0.000000 218.000000 0.000000 0.000000 0.000000 681.000000
254987 75.750834 75.750834 218.000000 218.000000 899.000000 0.000000 218.000000 0.000000 0.000000 0.000000 681.000000
255987 75.750834 75.750834 218.000000 218.000000 899.000000 0.000000 218.000000 0.000000 0.000000 0.000000 681.000000
256987 75.750834 75.750834 218.000000 218.000000 899.000000 0.000000 218.000000 0.000000 0.000000 0.000000 681.000000
257987 75.750834 75.750834 218.000000 218.000000 899.000000 0.000000 218.000000 0.000000 0.000000 0.000000 681.000000
258987 75.750834 75.750834 218.000000 218.000000 899.000000 0.000000 0.000000 0.000000 218.000000 0.000000 681.000000
259987 75.750834 75.750834 218.000000 218.000000 899.000000 0.000000 0.000000 0.000000 218.000000 0.000000 681.000000
260987 75.750834 75.750834 218.000000 218.000000 899.000000 0.000000 0.000000 0.000000 218.000000 0.000000 681.000000
261987 75.750834 75.750834 218.000000 218.000000 899.000000 0.000000 0.000000 0.000000 218.000000 0.000000 681.000000
262987 75.750834 75.750834 218.000000 218.000000 899.000000 0.000000 0.000000 0.000000 218.000000 0.000000 681.000000
263987 59.242144 59.242144 441.000000 441.000000 1082.000000 424.000000 0.000000 0.000000 17.000000 0.000000 641.000000
264987 58.052775 58.052775 461.000000 461.000000 1099.000000 461.000000 0.000000 0.000000 0.000000 0.000000 638.000000
265987 58.052775 58.052775 461.000000 461.000000 1099.000000 461.000000 0.000000 0.000000 0.000000 0.000000 638.000000
266987 58.052775 58.052775 461.000000 461.000000 1099.000000 461.000000 0.000000 0.000000 0.000000 0.000000 638.000000
267987 58.052775 58.052775 461.000000 461.000000 1099.000000 461.000000 0.000000 0.000000 0.000000 0.000000 638.000000
268987 58.052775 58.052775 461.000000 461.000000 1099.000000 461.000000 0.000000 0.000000 0.000000 0.000000 638.000000
269987 58.052775 58.052775 461.000000 461.000000 1099.000000 461.000000 0.000000 0.000000 0.000000 0.000000 638.000000
270987 58.052775 58.052775 461.000000 461.000000 1099.000000 461.000000 0.000000 0.000000 0.000000 0.000000 638.000000
271987 58.052775 58.052775 461.000000 461.000000 1099.000000 461.000000 0.000000 0.000000 0.000000 0.000000 638.000000
272987 58.052775 58.052775 461.000000 461.000000 1099.000000 461.000000 0.000000 0.000000 0.000000 0.000000 638.000000
273987 58.052775 58.052775 461.000000 461.000000 1099.000000 461.000000 0.000000 0.000000 0.000000 0.000000 638.000000
274987 58.052775 58.052775 461.000000 461.000000 1099.000000 461.000000 0.000000 0.000000 0.000000 0.000000 638.000000
275987 75.488069 75.488069 113.000000 113.000000 461.000000 0.000000 113.000000 0.000000 0.000000 0.000000 348.000000
276987 75.488069 75.488069 113.000000 113.000000 461.000000 0.000000 113.000000 0.000000 0.000000 0.000000 348.000000
277987 75.488069 75.488069 113.000000 113.000000 461.000000 0.000000 113.000000 0.000000 0.000000 0.000000 348.000000
278987 75.488069 75.488069 113.000000 113.000000 461.000000 0.000000 113.000000 0.000000 0.000000 0.000000 348.000000
279987 75.488069 75.488069 113.000000 113.000000 461.000000 0.000000 113.000000 0.000000 0.000000 0.000000 348.000000
280987 75.488069 75.488069 113.000000 113.000000 461.000000 0.000000 113.000000 0.000000 0.000000 0.000000 348.000000
281987 75.488069 75.488069 113.000000 113.000000 461.000000 0.000000 113.000000 0.000000 0.000000 0.000000 348.000000
282987 75.488069 75.488069 113.000000 113.000000 461.000000 0.000000 0.000000 0.000000 113.000000 0.000000 348.000000
283987 75.488069 75.488069 113.000000 113.000000 461.000000 0.000000 0.000000 0.000000 113.000000 0.000000 348.000000
284987 75.488069 75.488069 113.000000 113.000000 461.000000 0.000000 0.000000 0.000000 113.000000 0.000000 348.000000
285987 75.488069 75.488069 113.000000 113.000000 461.000000 0.000000 0.000000 0.000000 113.000000 0.000000 348.000000
286987 75.488069 75.488069 113.000000 113.000000 461.000000 0.000000 0.000000 0.000000 113.000000 0.000000 348.000000
287987 60.627178 60.627178 226.000000 226.000000 574.000000 226.000000 0.000000 0.000000 0.000000 0.000000 348.000000
288987 60.627178 60.627178 226.000000 226.000000 574.000000 226.000000 0.000000 0.000000 0.000000 0.000000 348.000000
289987 60.627178 60.627178 226.000000 226.000000 574.000000 226.000000 0.000000 0.000000 0.000000 0.000000 348.000000
290987 60.627178 60.627178 226.000000 226.000000 574.000000 226.000000 0.000000 0.000000 0.000000 0.000000 348.000000
291987 60.627178 60.627178 226.000000 226.000000 574.000000 226.000000 0.000000 0.000000 0.000000 0.000000 348.000000
292987 60.627178 60.627178 226.000000 226.000000 574.000000 226.000000 0.000000 0.000000 0.000000 0.000000 348.000000
293987 60.627178 60.627178 226.000000 226.000000 574.000000 226.000000 0.000000 0.000000 0.000000 0.000000 348.000000
294987 60.627178 60.627178 226.000000 226.000000 574.000000 226.000000 0.000000 0.000000 0.000000 0.000000 348.000000
295987 60.627178 60.627178 226.000000 226.000000 574.000000 226.000000 0.000000 0.000000 0.000000 0.000000 348.000000
296987 60.627178 60.627178 226.000000 226.000000 574.000000 226.000000 0.000000 0.000000 0.000000 0.000000 348.000000
297987 60.627178 60.627178 226.000000 226.000000 574.000000 226.000000 0.000000 0.000000 0.000000 0.000000 348.000000
298987 60.627178 60.627178 226.000000 226.000000 574.000000 226.000000 0.000000 0.000000 0.000000 0.000000 348.000000
299987 71.238938 71.238938 65.000000 65.000000 226.000000 0.000000 65.000000 0.000000 0.000000 0.000000 161.000000
300987 71.238938 71.238938 65.000000 65.000000 226.000000 0.000000 65.000000 0.000000 0.000000 0.000000 161.000000
301987 71.238938 71.238938 65.000000 65.000000 226.000000 0.000000 65.000000 0.000000 0.000000 0.000000 161.000000
302987 71.238938 71.238938 65.000000 65.000000 226.000000 0.000000 65.000000 0.000000 0.000000 0.000000 161.000000
303987 71.238938 71.238938 65.000000 65.000000 226.000000 0.000000 65.000000 0.000000 0.000000 0.000000 161.000000
304987 71.238938 71.238938 65.000000 65.000000 226.000000 0.000000 65.000000 0.000000 0.000000 0.000000 161.000000
305987 71.238938 71.238938 65.000000 65.000000 226.000000 0.000000 65.000000 0.000000 0.000000 0.000000 161.000000
306987 71.238938 71.238938 65.000000 65.000000 226.000000 0.000000 0.000000 0.000000 65.000000 0.000000 161.000000
307987 71.238938 71.238938 65.000000 65.000000 226.000000 0.000000 0.000000 0.000000 65.000000 0.000000 161.000000
308987 71.238938 71.238938 65.000000 65.000000 226.000000 0.000000 0.000000 0.000000 65.000000 0.000000 161.000000
309987 71.238938 71.238938 65.000000 65.000000 226.000000 0.000000 0.000000 0.000000 65.000000 0.000000 161.000000
310987 71.238938 71.238938 65.000000 65.000000 226.000000 0.000000 0.000000 0.000000 65.000000 0.000000 161.000000
311987 55.326460 55.326460 130.000000 130.000000 291.000000 130.000000 0.000000 0.000000 0.000000 0.000000 161.000000
312987 55.326460 55.326460 130.000000 130.000000 291.000000 130.000000 0.000000 0.000000 0.000000 0.000000 161.000000
313987 55.326460 55.326460 130.000000 130.000000 291.000000 130.000000 0.000000 0.000000 0.000000 0.000000 161.000000
314987 55.326460 55.326460 130.000000 130.000000 291.000000 130.000000 0.000000 0.000000 0.000000 0.000000 161.000000
315987 55.326460 55.326460 130.000000 130.000000 291.000000 130.000000 0.000000 0.000000 0.000000 0.000000 161.000000
316987 55.326460 55.326460 130.000000 130.000000 291.000000 130.000000 0.000000 0.000000 0.000000 0.000000 161.000000
317987 55.326460 55.326460 130.000000 130.000000 291.000000 130.000000 0.000000 0.000000 0.000000 0.000000 161.000000
318987 55.326460 55.326460 130.000000 130.000000 291.000000 130.000000 0.000000 0.000000 0.000000 0.000000 161.000000
319987 55.326460 55.326460 130.000000 130.000000 291.000000 130.000000 0.000000 0.000000 0.000000 0.000000 161.000000
320987 55.326460 55.326460 130.000000 130.000000 291.000000 130.000000 0.000000 0.000000 0.000000 0.000000 161.000000
321987 55.326460 55.326460 130.000000 130.000000 291.000000 130.000000 0.000000 0.000000 0.000000 0.000000 161.000000
