249988 0.000000 0.000000 900.000000 900.000000 900.000000 900.000000 0.000000 0.000000 0.000000 0.000000 0.000000
250988 0.000000 0.000000 900.000000 900.000000 900.000000 900.000000 0.000000 0.000000 0.000000 0.000000 0.000000
251988 73.444444 73.444444 239.000000 239.000000 900.000000 0.000000 239.000000 0.000000 0.000000 0.000000 661.000000
252988 73.444444 73.444444 239.000000 239.000000 900.000000 0.000000 239.000000 0.000000 0.000000 0.000000 661.000000
253988 73.444444 73.444444 239.000000 239.000000 900.000000 0.000000 239.000000 0.000000 0.000000 0.000000 661.000000
254988 73.444444 73.444444 239.000000 239.000000 900.000000 0.000000 239.000000 0.000000 0.000000 0.000000 661.000000
255988 73.444444 73.444444 239.000000 239.000000 900.000000 0.000000 239.000000 0.000000 0.000000 0.000000 661.000000
256988 73.444444 73.444444 239.000000 239.000000 900.000000 0.000000 239.000000 0.000000 0.000000 0.000000 661.000000
257988 73.444444 73.444444 239.000000 239.000000 900.000000 0.000000 239.000000 0.000000 0.000000 0.000000 661.000000
258988 73.444444 73.444444 239.000000 239.000000 900.000000 0.000000 0.000000 0.000000 239.000000 0.000000 661.000000
259988 73.444444 73.444444 239.000000 239.000000 900.000000 0.000000 0.000000 0.000000 239.000000 0.000000 661.000000
260988 73.444444 73.444444 239.000000 239.000000 900.000000 0.000000 0.000000 0.000000 239.000000 0.000000 661.000000
261988 73.444444 73.444444 239.000000 239.000000 900.000000 0.000000 0.000000 0.000000 239.000000 0.000000 661.000000
262988 73.444444 73.444444 239.000000 239.000000 900.000000 0.000000 0.000000 0.000000 239.000000 0.000000 661.000000
263988 55.953447 55.953447 492.000000 492.000000 1117.000000 492.000000 0.000000 0.000000 0.000000 0.000000 625.000000
264988 55.953447 55.953447 492.000000 492.000000 1117.000000 492.000000 0.000000 0.000000 0.000000 0.000000 625.000000
265988 55.953447 55.953447 492.000000 492.000000 1117.000000 492.000000 0.000000 0.000000 0.000000 0.000000 625.000000
266988 55.953447 55.953447 492.000000 492.000000 1117.000000 492.000000 0.000000 0.000000 0.000000 0.000000 625.000000
267988 55.953447 55.953447 492.000000 492.000000 1117.000000 492.000000 0.000000 0.000000 0.000000 0.000000 625.000000
268988 55.953447 55.953447 492.000000 492.000000 1117.000000 492.000000 0.000000 0.000000 0.000000 0.000000 625.000000
269988 55.953447 55.953447 492.000000 492.000000 1117.000000 492.000000 0.000000 0.000000 0.000000 0.000000 625.000000
270988 55.953447 55.953447 492.000000 492.000000 1117.000000 492.000000 0.000000 0.000000 0.000000 0.000000 625.000000
271988 55.953447 55.953447 492.000000 492.000000 1117.000000 492.000000 0.000000 0.000000 0.000000 0.000000 625.000000
272988 55.953447 55.953447 492.000000 492.000000 1117.000000 492.000000 0.000000 0.000000 0.000000 0.000000 625.000000
273988 55.953447 55.953447 492.000000 492.000000 1117.000000 492.000000 0.000000 0.000000 0.000000 0.000000 625.000000
274988 55.953447 55.953447 492.000000 492.000000 1117.000000 492.000000 0.000000 0.000000 0.000000 0.000000 625.000000
275988 73.983740 73.983740 128.000000 128.000000 492.000000 0.000000 128.000000 0.000000 0.000000 0.000000 364.000000
276988 73.983740 73.983740 128.000000 128.000000 492.000000 0.000000 128.000000 0.000000 0.000000 0.000000 364.000000
277988 73.983740 73.983740 128.000000 128.000000 492.000000 0.000000 128.000000 0.000000 0.000000 0.000000 364.000000
278988 73.983740 73.983740 128.000000 128.000000 492.000000 0.000000 128.000000 0.000000 0.000000 0.000000 364.000000
279988 73.983740 73.983740 128.000000 128.000000 492.000000 0.000000 128.000000 0.000000 0.000000 0.000000 364.000000
280988 73.983740 73.983740 128.000000 128.000000 492.000000 0.000000 128.000000 0.000000 0.000000 0.000000 364.000000
281988 73.983740 73.983740 128.000000 128.000000 492.000000 0.000000 128.000000 0.000000 0.000000 0.000000 364.000000
282988 73.983740 73.983740 128.000000 128.000000 492.000000 0.000000 0.000000 0.000000 128.000000 0.000000 364.000000
283988 73.983740 73.983740 128.000000 128.000000 492.000000 0.000000 0.000000 0.000000 128.000000 0.000000 364.000000
284988 73.983740 73.983740 128.000000 128.000000 492.000000 0.000000 0.000000 0.000000 128.000000 0.000000 364.000000
285988 73.983740 73.983740 128.000000 128.000000 492.000000 0.000000 0.000000 0.000000 128.000000 0.000000 364.000000
286988 73.983740 73.983740 128.000000 128.000000 492.000000 0.000000 0.000000 0.000000 128.000000 0.000000 364.000000
287988 58.709677 58.709677 256.000000 256.000000 620.000000 256.000000 0.000000 0.000000 0.000000 0.000000 364.000000
288988 58.709677 58.709677 256.000000 256.000000 620.000000 256.000000 0.000000 0.000000 0.000000 0.000000 364.000000
289988 58.709677 58.709677 256.000000 256.000000 620.000000 256.000000 0.000000 0.000000 0.000000 0.000000 364.000000
290988 58.709677 58.709677 256.000000 256.000000 620.000000 256.000000 0.000000 0.000000 0.000000 0.000000 364.000000
291988 58.709677 58.709677 256.000000 256.000000 620.000000 256.000000 0.000000 0.000000 0.000000 0.000000 364.000000
292988 58.709677 58.709677 256.000000 256.000000 620.000000 256.000000 0.000000 0.000000 0.000000 0.000000 364.000000
293988 58.709677 58.709677 256.000000 256.000000 620.000000 256.000000 0.000000 0.000000 0.000000 0.000000 364.000000
294988 58.709677 58.709677 256.000000 256.000000 620.000000 256.000000 0.000000 0.000000 0.000000 0.000000 364.000000
295988 58.709677 58.709677 256.000000 256.000000 620.000000 256.000000 0.000000 0.000000 0.000000 0.000000 364.000000
296988 58.709677 58.709677 256.000000 256.000000 620.000000 256.000000 0.000000 0.000000 0.000000 0.000000 364.000000
297988 58.709677 58.709677 256.000000 256.000000 620.000000 256.000000 0.000000 0.000000 0.000000 0.000000 364.000000
298988 58.709677 58.709677 256.000000 256.000000 620.000000 256.000000 0.000000 0.000000 0.000000 0.000000 364.000000
299988 73.437500 73.437500 68.000000 68.000000 256.000000 0.000000 68.000000 0.000000 0.000000 0.000000 188.000000
300988 73.437500 73.437500 68.000000 68.000000 256.000000 0.000000 68.000000 0.000000 0.000000 0.000000 188.000000
301988 73.437500 73.437500 68.000000 68.000000 256.000000 0.000000 68.000000 0.000000 0.000000 0.000000 188.000000
302988 73.437500 73.437500 68.000000 68.000000 256.000000 0.000000 68.000000 0.000000 0.000000 0.000000 188.000000
303988 73.437500 73.437500 68.000000 68.000000 256.000000 0.000000 68.000000 0.000000 0.000000 0.000000 188.000000
304988 73.437500 73.437500 68.000000 68.000000 256.000000 0.000000 68.000000 0.000000 0.000000 0.000000 188.000000
305988 73.437500 73.437500 68.000000 68.000000 256.000000 0.000000 68.000000 0.000000 0.000000 0.000000 188.000000
306988 73.437500 73.437500 68.000000 68.000000 256.000000 0.000000 0.000000 0.000000 68.000000 0.000000 188.000000
307988 73.437500 73.437500 68.000000 68.000000 256.000000 0.000000 0.000000 0.000000 68.000000 0.000000 188.000000
308988 73.437500 73.437500 68.000000 68.000000 256.000000 0.000000 0.000000 0.000000 68.000000 0.000000 188.000000
309988 73.437500 73.437500 68.000000 68.000000 256.000000 0.000000 0.000000 0.000000 68.000000 0.000000 188.000000
310988 73.437500 73.437500 68.000000 68.000000 256.000000 0.000000 0.000000 0.000000 68.000000 0.000000 188.000000
311988 58.024691 58.024691 136.000000 136.000000 324.000000 136.000000 0.000000 0.000000 0.000000 0.000000 188.000000
312988 58.024691 58.024691 136.000000 136.000000 324.000000 136.000000 0.000000 0.000000 0.000000 0.000000 188.000000
313988 58.024691 58.024691 136.000000 136.000000 324.000000 136.000000 0.000000 0.000000 0.000000 0.000000 188.000000
314988 58.024691 58.024691 136.000000 136.000000 324.000000 136.000000 0.000000 0.000000 0.000000 0.000000 188.000000
315988 58.024691 58.024691 136.000000 136.000000 324.000000 136.000000 0.000000 0.000000 0.000000 0.000000 188.000000
316988 58.024691 58.024691 136.000000 136.000000 324.000000 136.000000 0.000000 0.000000 0.000000 0.000000 188.000000
317988 58.024691 58.024691 136.000000 136.000000 324.000000 136.000000 0.000000 0.000000 0.000000 0.000000 188.000000
318988 58.024691 58.024691 136.000000 136.000000 324.000000 136.000000 0.000000 0.000000 0.000000 0.000000 188.000000
319988 58.024691 58.024691 136.000000 136.000000 324.000000 136.000000 0.000000 0.000000 0.000000 0.000000 188.000000
320988 58.024691 58.024691 136.000000 136.000000 324.000000 136.000000 0.000000 0.000000 0.000000 0.000000 188.000000
321988 58.024691 58.024691 136.000000 136.000000 324.000000 136.000000 0.000000 0.000000 0.000000 0.000000 188.000000
249987 0.000000 0.000000 881.000000 881.000000 881.000000 881.000000 0.000000 0.000000 0.000000 0.000000 0.000000
250987 0.000000 0.000000 881.000000 881.000000 881.000000 881.000000 0.000000 0.000000 0.000000 0.000000 0.000000
251987 73.779796 73.779796 231.000000 231.000000 881.000000 0.000000 231.000000 0.000000 0.000000 0.000000 650.000000
252987 73.779796 73.779796 231.000000 231.000000 881.000000 0.000000 231.000000 0.000000 0.000000 0.000000 650.000000
253987 73.779796 73.779796 231.000000 231.000000 881.000000 0.000000 231.000000 0.000000 0.000000 0.000000 650.000000
254987 73.779796 73.779796 231.000000 231.000000 881.000000 0.000000 231.000000 0.000000 0.000000 0.000000 650.000000
255987 73.779796 73.779796 231.000000 231.000000 881.000000 0.000000 231.000000 0.000000 0.000000 0.000000 650.000000
256987 73.779796 73.779796 231.000000 231.000000 881.000000 0.000000 231.000000 0.000000 0.000000 0.000000 650.000000
257987 73.779796 73.779796 231.000000 231.000000 881.000000 0.000000 231.000000 0.000000 0.000000 0.000000 650.000000
258987 73.779796 73.779796 231.000000 231.000000 881.000000 0.000000 0.000000 0.000000 231.000000 0.000000 650.000000
259987 73.779796 73.779796 231.000000 231.000000 881.000000 0.000000 0.000000 0.000000 231.000000 0.000000 650.000000
260987 73.779796 73.779796 231.000000 231.000000 881.000000 0.000000 0.000000 0.000000 231.000000 0.000000 650.000000
261987 73.779796 73.779796 231.000000 231.000000 881.000000 0.000000 0.000000 0.000000 231.000000 0.000000 650.000000
262987 73.779796 73.779796 231.000000 231.000000 881.000000 0.000000 0.000000 0.000000 231.000000 0.000000 650.000000
263987 54.553734 54.553734 499.000000 499.000000 1098.000000 494.000000 0.000000 0.000000 5.000000 0.000000 599.000000
264987 54.306437 54.306437 504.000000 504.000000 1103.000000 504.000000 0.000000 0.000000 0.000000 0.000000 599.000000
265987 54.306437 54.306437 504.000000 504.000000 1103.000000 504.000000 0.000000 0.000000 0.000000 0.000000 599.000000
266987 54.306437 54.306437 504.000000 504.000000 1103.000000 504.000000 0.000000 0.000000 0.000000 0.000000 599.000000
267987 54.306437 54.306437 504.000000 504.000000 1103.000000 504.000000 0.000000 0.000000 0.000000 0.000000 599.000000
268987 54.306437 54.306437 504.000000 504.000000 1103.000000 504.000000 0.000000 0.000000 0.000000 0.000000 599.000000
269987 54.306437 54.306437 504.000000 504.000000 1103.000000 504.000000 0.000000 0.000000 0.000000 0.000000 599.000000
270987 54.306437 54.306437 504.000000 504.000000 1103.000000 504.000000 0.000000 0.000000 0.000000 0.000000 599.000000
271987 54.306437 54.306437 504.000000 504.000000 1103.000000 504.000000 0.000000 0.000000 0.000000 0.000000 599.000000
272987 54.306437 54.306437 504.000000 504.000000 1103.000000 504.000000 0.000000 0.000000 0.000000 0.000000 599.000000
273987 54.306437 54.306437 504.000000 504.000000 1103.000000 504.000000 0.000000 0.000000 0.000000 0.000000 599.000000
274987 54.306437 54.306437 504.000000 504.000000 1103.000000 504.000000 0.000000 0.000000 0.000000 0.000000 599.000000
275987 74.404762 74.404762 129.000000 129.000000 504.000000 0.000000 129.000000 0.000000 0.000000 0.000000 375.000000
276987 74.404762 74.404762 129.000000 129.000000 504.000000 0.000000 129.000000 0.000000 0.000000 0.000000 375.000000
277987 74.404762 74.404762 129.000000 129.000000 504.000000 0.000000 129.000000 0.000000 0.000000 0.000000 375.000000
278987 74.404762 74.404762 129.000000 129.000000 504.000000 0.000000 129.000000 0.000000 0.000000 0.000000 375.000000
279987 74.404762 74.404762 129.000000 129.000000 504.000000 0.000000 129.000000 0.000000 0.000000 0.000000 375.000000
280987 74.404762 74.404762 129.000000 129.000000 504.000000 0.000000 129.000000 0.000000 0.000000 0.000000 375.000000
281987 74.404762 74.404762 129.000000 129.000000 504.000000 0.000000 129.000000 0.000000 0.000000 0.000000 375.000000
282987 74.404762 74.404762 129.000000 129.000000 504.000000 0.000000 0.000000 0.000000 129.000000 0.000000 375.000000
283987 74.404762 74.404762 129.000000 129.000000 504.000000 0.000000 0.000000 0.000000 129.000000 0.000000 375.000000
284987 74.404762 74.404762 129.000000 129.000000 504.000000 0.000000 0.000000 0.000000 129.000000 0.000000 375.000000
285987 74.404762 74.404762 129.000000 129.000000 504.000000 0.000000 0.000000 0.000000 129.000000 0.000000 375.000000
286987 74.404762 74.404762 129.000000 129.000000 504.000000 0.000000 0.000000 0.000000 129.000000 0.000000 375.000000
287987 59.241706 59.241706 258.000000 258.000000 633.000000 258.000000 0.000000 0.000000 0.000000 0.000000 375.000000
288987 59.241706 59.241706 258.000000 258.000000 633.000000 258.000000 0.000000 0.000000 0.000000 0.000000 375.000000
289987 59.241706 59.241706 258.000000 258.000000 633.000000 258.000000 0.000000 0.000000 0.000000 0.000000 375.000000
290987 59.241706 59.241706 258.000000 258.000000 633.000000 258.000000 0.000000 0.000000 0.000000 0.000000 375.000000
291987 59.241706 59.241706 258.000000 258.000000 633.000000 258.000000 0.000000 0.000000 0.000000 0.000000 375.000000
292987 59.241706 59.241706 258.000000 258.000000 633.000000 258.000000 0.000000 0.000000 0.000000 0.000000 375.000000
293987 59.241706 59.241706 258.000000 258.000000 633.000000 258.000000 0.000000 0.000000 0.000000 0.000000 375.000000
294987 59.241706 59.241706 258.000000 258.000000 633.000000 258.000000 0.000000 0.000000 0.000000 0.000000 375.000000
295987 59.241706 59.241706 258.000000 258.000000 633.000000 258.000000 0.000000 0.000000 0.000000 0.000000 375.000000
296987 59.241706 59.241706 258.000000 258.000000 633.000000 258.000000 0.000000 0.000000 0.000000 0.000000 375.000000
297987 59.241706 59.241706 258.000000 258.000000 633.000000 258.000000 0.000000 0.000000 0.000000 0.000000 375.000000
298987 59.241706 59.241706 258.000000 258.000000 633.000000 258.000000 0.000000 0.000000 0.000000 0.000000 375.000000
299987 71.705426 71.705426 73.000000 73.000000 258.000000 0.000000 73.000000 0.000000 0.000000 0.000000 185.000000
300987 71.705426 71.705426 73.000000 73.000000 258.000000 0.000000 73.000000 0.000000 0.000000 0.000000 185.000000
301987 71.705426 71.705426 73.000000 73.000000 258.000000 0.000000 73.000000 0.000000 0.000000 0.000000 185.000000
302987 71.705426 71.705426 73.000000 73.000000 258.000000 0.000000 73.000000 0.000000 0.000000 0.000000 185.000000
303987 71.705426 71.705426 73.000000 73.000000 258.000000 0.000000 73.000000 0.000000 0.000000 0.000000 185.000000
304987 71.705426 71.705426 73.000000 73.000000 258.000000 0.000000 73.000000 0.000000 0.000000 0.000000 185.000000
305987 71.705426 71.705426 73.000000 73.000000 258.000000 0.000000 73.000000 0.000000 0.000000 0.000000 185.000000
306987 71.705426 71.705426 73.000000 73.000000 258.000000 0.000000 0.000000 0.000000 73.000000 0.000000 185.000000
307987 71.705426 71.705426 73.000000 73.000000 258.000000 0.000000 0.000000 0.000000 73.000000 0.000000 185.000000
308987 71.705426 71.705426 73.000000 73.000000 258.000000 0.000000 0.000000 0.000000 73.000000 0.000000 185.000000
309987 71.705426 71.705426 73.000000 73.000000 258.000000 0.000000 0.000000 0.000000 73.000000 0.000000 185.000000
310987 71.705426 71.705426 73.000000 73.000000 258.000000 0.000000 0.000000 0.000000 73.000000 0.000000 185.000000
311987 55.891239 55.891239 146.000000 146.000000 331.000000 146.000000 0.000000 0.000000 0.000000 0.000000 185.000000
312987 55.891239 55.891239 146.000000 146.000000 331.000000 146.000000 0.000000 0.000000 0.000000 0.000000 185.000000
313987 55.891239 55.891239 146.000000 146.000000 331.000000 146.000000 0.000000 0.000000 0.000000 0.000000 185.000000
314987 55.891239 55.891239 146.000000 146.000000 331.000000 146.000000 0.000000 0.000000 0.000000 0.000000 185.000000
315987 55.891239 55.891239 146.000000 146.000000 331.000000 146.000000 0.000000 0.000000 0.000000 0.000000 185.000000
316987 55.891239 55.891239 146.000000 146.000000 331.000000 146.000000 0.000000 0.000000 0.000000 0.000000 185.000000
317987 55.891239 55.891239 146.000000 146.000000 331.000000 146.000000 0.000000 0.000000 0.000000 0.000000 185.000000
318987 55.891239 55.891239 146.000000 146.000000 331.000000 146.000000 0.000000 0.000000 0.000000 0.000000 185.000000
319987 55.891239 55.891239 146.000000 146.000000 331.000000 146.000000 0.000000 0.000000 0.000000 0.000000 185.000000
320987 55.891239 55.891239 146.000000 146.000000 331.000000 146.000000 0.000000 0.000000 0.000000 0.000000 185.000000
321987 55.891239 55.891239 146.000000 146.000000 331.000000 146.000000 0.000000 0.000000 0.000000 0.000000 185.000000
249988 0.000000 0.000000 898.000000 898.000000 898.000000 898.000000 0.000000 0.000000 0.000000 0.000000 0.000000
250988 0.000000 0.000000 898.000000 898.000000 898.000000 898.000000 0.000000 0.000000 0.000000 0.000000 0.000000
251988 74.276169 74.276169 231.000000 231.000000 898.000000 0.000000 231.000000 0.000000 0.000000 0.000000 667.000000
252988 74.276169 74.276169 231.000000 231.000000 898.000000 0.000000 231.000000 0.000000 0.000000 0.000000 667.000000
253988 74.276169 74.276169 231.000000 231.000000 898.000000 0.000000 231.000000 0.000000 0.000000 0.000000 667.000000
254988 74.276169 74.276169 231.000000 231.000000 898.000000 0.000000 231.000000 0.000000 0.000000 0.000000 667.000000
255988 74.276169 74.276169 231.000000 231.000000 898.000000 0.000000 231.000000 0.000000 0.000000 0.000000 667.000000
256988 74.276169 74.276169 231.000000 231.000000 898.000000 0.000000 231.000000 0.000000 0.000000 0.000000 667.000000
257988 74.276169 74.276169 231.000000 231.000000 898.000000 0.000000 231.000000 0.000000 0.000000 0.000000 667.000000
258988 74.276169 74.276169 231.000000 231.000000 898.000000 0.000000 0.000000 0.000000 231.000000 0.000000 667.000000
259988 74.276169 74.276169 231.000000 231.000000 898.000000 0.000000 0.000000 0.000000 231.000000 0.000000 667.000000
260988 74.276169 74.276169 231.000000 231.000000 898.000000 0.000000 0.000000 0.000000 231.000000 0.000000 667.000000
261988 74.276169 74.276169 231.000000 231.000000 898.000000 0.000000 0.000000 0.000000 231.000000 0.000000 667.000000
262988 74.276169 74.276169 231.000000 231.000000 898.000000 0.000000 0.000000 0.000000 231.000000 0.000000 667.000000
263988 55.913978 55.913978 492.000000 492.000000 1116.000000 492.000000 0.000000 0.000000 0.000000 0.000000 624.000000
264988 55.913978 55.913978 492.000000 492.000000 1116.000000 492.000000 0.000000 0.000000 0.000000 0.000000 624.000000
265988 55.913978 55.913978 492.000000 492.000000 1116.000000 492.000000 0.000000 0.000000 0.000000 0.000000 624.000000
266988 55.913978 55.913978 492.000000 492.000000 1116.000000 492.000000 0.000000 0.000000 0.000000 0.000000 624.000000
267988 55.913978 55.913978 492.000000 492.000000 1116.000000 492.000000 0.000000 0.000000 0.000000 0.000000 624.000000
268988 55.913978 55.913978 492.000000 492.000000 1116.000000 492.000000 0.000000 0.000000 0.000000 0.000000 624.000000
269988 55.913978 55.913978 492.000000 492.000000 1116.000000 492.000000 0.000000 0.000000 0.000000 0.000000 624.000000
270988 55.913978 55.913978 492.000000 492.000000 1116.000000 492.000000 0.000000 0.000000 0.000000 0.000000 624.000000
271988 55.913978 55.913978 492.000000 492.000000 1116.000000 492.000000 0.000000 0.000000 0.000000 0.000000 624.000000
272988 55.913978 55.913978 492.000000 492.000000 1116.000000 492.000000 0.000000 0.000000 0.000000 0.000000 624.000000
273988 55.913978 55.913978 492.000000 492.000000 1116.000000 492.000000 0.000000 0.000000 0.000000 0.000000 624.000000
274988 55.913978 55.913978 492.000000 492.000000 1116.000000 492.000000 0.000000 0.000000 0.000000 0.000000 624.000000
275988 69.512195 69.512195 150.000000 150.000000 492.000000 0.000000 150.000000 0.000000 0.000000 0.000000 342.000000
276988 69.512195 69.512195 150.000000 150.000000 492.000000 0.000000 150.000000 0.000000 0.000000 0.000000 342.000000
277988 69.512195 69.512195 150.000000 150.000000 492.000000 0.000000 150.000000 0.000000 0.000000 0.000000 342.000000
278988 69.512195 69.512195 150.000000 150.000000 492.000000 0.000000 150.000000 0.000000 0.000000 0.000000 342.000000
279988 69.512195 69.512195 150.000000 150.000000 492.000000 0.000000 150.000000 0.000000 0.000000 0.000000 342.000000
280988 69.512195 69.512195 150.000000 150.000000 492.000000 0.000000 150.000000 0.000000 0.000000 0.000000 342.000000
281988 69.512195 69.512195 150.000000 150.000000 492.000000 0.000000 150.000000 0.000000 0.000000 0.000000 342.000000
282988 69.512195 69.512195 150.000000 150.000000 492.000000 0.000000 0.000000 0.000000 150.000000 0.000000 342.000000
283988 69.512195 69.512195 150.000000 150.000000 492.000000 0.000000 0.000000 0.000000 150.000000 0.000000 342.000000
284988 69.512195 69.512195 150.000000 150.000000 492.000000 0.000000 0.000000 0.000000 150.000000 0.000000 342.000000
285988 69.512195 69.512195 150.000000 150.000000 492.000000 0.000000 0.000000 0.000000 150.000000 0.000000 342.000000
286988 69.512195 69.512195 150.000000 150.000000 492.000000 0.000000 0.000000 0.000000 150.000000 0.000000 342.000000
287988 53.271028 53.271028 300.000000 300.000000 642.000000 300.000000 0.000000 0.000000 0.000000 0.000000 342.000000
288988 53.271028 53.271028 300.000000 300.000000 642.000000 300.000000 0.000000 0.000000 0.000000 0.000000 342.000000
289988 53.271028 53.271028 300.000000 300.000000 642.000000 300.000000 0.000000 0.000000 0.000000 0.000000 342.000000
290988 53.271028 53.271028 300.000000 300.000000 642.000000 300.000000 0.000000 0.000000 0.000000 0.000000 342.000000
291988 53.271028 53.271028 300.000000 300.000000 642.000000 300.000000 0.000000 0.000000 0.000000 0.000000 342.000000
292988 53.271028 53.271028 300.000000 300.000000 642.000000 300.000000 0.000000 0.000000 0.000000 0.000000 342.000000
293988 53.271028 53.271028 300.000000 300.000000 642.000000 300.000000 0.000000 0.000000 0.000000 0.000000 342.000000
294988 53.271028 53.271028 300.000000 300.000000 642.000000 300.000000 0.000000 0.000000 0.000000 0.000000 342.000000
295988 53.271028 53.271028 300.000000 300.000000 642.000000 300.000000 0.000000 0.000000 0.000000 0.000000 342.000000
296988 53.271028 53.271028 300.000000 300.000000 642.000000 300.000000 0.000000 0.000000 0.000000 0.000000 342.000000
297988 53.271028 53.271028 300.000000 300.000000 642.000000 300.000000 0.000000 0.000000 0.000000 0.000000 342.000000
298988 53.271028 53.271028 300.000000 300.000000 642.000000 300.000000 0.000000 0.000000 0.000000 0.000000 342.000000
299988 72.666667 72.666667 82.000000 82.000000 300.000000 0.000000 82.000000 0.000000 0.000000 0.000000 218.000000
300988 72.666667 72.666667 82.000000 82.000000 300.000000 0.000000 82.000000 0.000000 0.000000 0.000000 218.000000
301988 72.666667 72.666667 82.000000 82.000000 300.000000 0.000000 82.000000 0.000000 0.000000 0.000000 218.000000
302988 72.666667 72.666667 82.000000 82.000000 300.000000 0.000000 82.000000 0.000000 0.000000 0.000000 218.000000
303988 72.666667 72.666667 82.000000 82.000000 300.000000 0.000000 82.000000 0.000000 0.000000 0.000000 218.000000
304988 72.666667 72.666667 82.000000 82.000000 300.000000 0.000000 82.000000 0.000000 0.000000 0.000000 218.000000
305988 72.666667 72.666667 82.000000 82.000000 300.000000 0.000000 82.000000 0.000000 0.000000 0.000000 218.000000
306988 72.666667 72.666667 82.000000 82.000000 300.000000 0.000000 0.000000 0.000000 82.000000 0.000000 218.000000
307988 72.666667 72.666667 82.000000 82.000000 300.000000 0.000000 0.000000 0.000000 82.000000 0.000000 218.000000
308988 72.666667 72.666667 82.000000 82.000000 300.000000 0.000000 0.000000 0.000000 82.000000 0.000000 218.000000
309988 72.666667 72.666667 82.000000 82.000000 300.000000 0.000000 0.000000 0.000000 82.000000 0.000000 218.000000
310988 72.666667 72.666667 82.000000 82.000000 300.000000 0.000000 0.000000 0.000000 82.000000 0.000000 218.000000
311988 57.068063 57.068063 164.000000 164.000000 382.000000 164.000000 0.000000 0.000000 0.000000 0.000000 218.000000
312988 57.068063 57.068063 164.000000 164.000000 382.000000 164.000000 0.000000 0.000000 0.000000 0.000000 218.000000
313988 57.068063 57.068063 164.000000 164.000000 382.000000 164.000000 0.000000 0.000000 0.000000 0.000000 218.000000
314988 57.068063 57.068063 164.000000 164.000000 382.000000 164.000000 0.000000 0.000000 0.000000 0.000000 218.000000
315988 57.068063 57.068063 164.000000 164.000000 382.000000 164.000000 0.000000 0.000000 0.000000 0.000000 218.000000
316988 57.068063 57.068063 164.000000 164.000000 382.000000 164.000000 0.000000 0.000000 0.000000 0.000000 218.000000
317988 57.068063 57.068063 164.000000 164.000000 382.000000 164.000000 0.000000 0.000000 0.000000 0.000000 218.000000
318988 57.068063 57.068063 164.000000 164.000000 382.000000 164.000000 0.000000 0.000000 0.000000 0.000000 218.000000
319988 57.068063 57.068063 164.000000 164.000000 382.000000 164.000000 0.000000 0.000000 0.000000 0.000000 218.000000
320988 57.068063 57.068063 164.000000 164.000000 382.000000 164.000000 0.000000 0.000000 0.000000 0.000000 218.000000
321988 57.068063 57.068063 164.000000 164.000000 382.000000 164.000000 0.000000 0.000000 0.000000 0.000000 218.000000
249988 0.000000 0.000000 895.000000 895.000000 895.000000 895.000000 0.000000 0.000000 0.000000 0.000000 0.000000
250988 0.000000 0.000000 895.000000 895.000000 895.000000 895.000000 0.000000 0.000000 0.000000 0.000000 0.000000
251988 75.307263 75.307263 221.000000 221.000000 895.000000 0.000000 221.000000 0.000000 0.000000 0.000000 674.000000
252988 75.307263 75.307263 221.000000 221.000000 895.000000 0.000000 221.000000 0.000000 0.000000 0.000000 674.000000
253988 75.307263 75.307263 221.000000 221.000000 895.000000 0.000000 221.000000 0.000000 0.000000 0.000000 674.000000
254988 75.307263 75.307263 221.000000 221.000000 895.000000 0.000000 221.000000 0.000000 0.000000 0.000000 674.000000
255988 75.307263 75.307263 221.000000 221.000000 895.000000 0.000000 221.000000 0.000000 0.000000 0.000000 674.000000
256988 75.307263 75.307263 221.000000 221.000000 895.000000 0.000000 221.000000 0.000000 0.000000 0.000000 674.000000
257988 75.307263 75.307263 221.000000 221.000000 895.000000 0.000000 221.000000 0.000000 0.000000 0.000000 674.000000
258988 75.307263 75.307263 221.000000 221.000000 895.000000 0.000000 0.000000 0.000000 221.000000 0.000000 674.000000
259988 75.307263 75.307263 221.000000 221.000000 895.000000 0.000000 0.000000 0.000000 221.000000 0.000000 674.000000
260988 75.307263 75.307263 221.000000 221.000000 895.000000 0.000000 0.000000 0.000000 221.000000 0.000000 674.000000
261988 75.307263 75.307263 221.000000 221.000000 895.000000 0.000000 0.000000 0.000000 221.000000 0.000000 674.000000
262988 75.307263 75.307263 221.000000 221.000000 895.000000 0.000000 0.000000 0.000000 221.000000 0.000000 674.000000
263988 57.584015 57.584015 467.000000 467.000000 1101.000000 467.000000 0.000000 0.000000 0.000000 0.000000 634.000000
264988 57.584015 57.584015 467.000000 467.000000 1101.000000 467.000000 0.000000 0.000000 0.000000 0.000000 634.000000
265988 57.584015 57.584015 467.000000 467.000000 1101.000000 467.000000 0.000000 0.000000 0.000000 0.000000 634.000000
266988 57.584015 57.584015 467.000000 467.000000 1101.000000 467.000000 0.000000 0.000000 0.000000 0.000000 634.000000
267988 57.584015 57.584015 467.000000 467.000000 1101.000000 467.000000 0.000000 0.000000 0.000000 0.000000 634.000000
268988 57.584015 57.584015 467.000000 467.000000 1101.000000 467.000000 0.000000 0.000000 0.000000 0.000000 634.000000
269988 57.584015 57.584015 467.000000 467.000000 1101.000000 467.000000 0.000000 0.000000 0.000000 0.000000 634.000000
270988 57.584015 57.584015 467.000000 467.000000 1101.000000 467.000000 0.000000 0.000000 0.000000 0.000000 634.000000
271988 57.584015 57.584015 467.000000 467.000000 1101.000000 467.000000 0.000000 0.000000 0.000000 0.000000 634.000000
272988 57.584015 57.584015 467.000000 467.000000 1101.000000 467.000000 0.000000 0.000000 0.000000 0.000000 634.000000
273988 57.584015 57.584015 467.000000 467.000000 1101.000000 467.000000 0.000000 0.000000 0.000000 0.000000 634.000000
274988 57.584015 57.584015 467.000000 467.000000 1101.000000 467.000000 0.000000 0.000000 0.000000 0.000000 634.000000
275988 74.518201 74.518201 119.000000 119.000000 467.000000 0.000000 119.000000 0.000000 0.000000 0.000000 348.000000
276988 74.518201 74.518201 119.000000 119.000000 467.000000 0.000000 119.000000 0.000000 0.000000 0.000000 348.000000
277988 74.518201 74.518201 119.000000 119.000000 467.000000 0.000000 119.000000 0.000000 0.000000 0.000000 348.000000
278988 74.518201 74.518201 119.000000 119.000000 467.000000 0.000000 119.000000 0.000000 0.000000 0.000000 348.000000
279988 74.518201 74.518201 119.000000 119.000000 467.000000 0.000000 119.000000 0.000000 0.000000 0.000000 348.000000
280988 74.518201 74.518201 119.000000 119.000000 467.000000 0.000000 119.000000 0.000000 0.000000 0.000000 348.000000
281988 74.518201 74.518201 119.000000 119.000000 467.000000 0.000000 119.000000 0.000000 0.000000 0.000000 348.000000
282988 74.518201 74.518201 119.000000 119.000000 467.000000 0.000000 0.000000 0.000000 119.000000 0.000000 348.000000
283988 74.518201 74.518201 119.000000 119.000000 467.000000 0.000000 0.000000 0.000000 119.000000 0.000000 348.000000
284988 74.518201 74.518201 119.000000 119.000000 467.000000 0.000000 0.000000 0.000000 119.000000 0.000000 348.000000
285988 74.518201 74.518201 119.000000 119.000000 467.000000 0.000000 0.000000 0.000000 119.000000 0.000000 348.000000
286988 74.518201 74.518201 119.000000 119.000000 467.000000 0.000000 0.000000 0.000000 119.000000 0.000000 348.000000
287988 59.385666 59.385666 238.000000 238.000000 586.000000 238.000000 0.000000 0.000000 0.000000 0.000000 348.000000
288988 59.385666 59.385666 238.000000 238.000000 586.000000 238.000000 0.000000 0.000000 0.000000 0.000000 348.000000
289988 59.385666 59.385666 238.000000 238.000000 586.000000 238.000000 0.000000 0.000000 0.000000 0.000000 348.000000
290988 59.385666 59.385666 238.000000 238.000000 586.000000 238.000000 0.000000 0.000000 0.000000 0.000000 348.000000
291988 59.385666 59.385666 238.000000 238.000000 586.000000 238.000000 0.000000 0.000000 0.000000 0.000000 348.000000
292988 59.385666 59.385666 238.000000 238.000000 586.000000 238.000000 0.000000 0.000000 0.000000 0.000000 348.000000
293988 59.385666 59.385666 238.000000 238.000000 586.000000 238.000000 0.000000 0.000000 0.000000 0.000000 348.000000
294988 59.385666 59.385666 238.000000 238.000000 586.000000 238.000000 0.000000 0.000000 0.000000 0.000000 348.000000
295988 59.385666 59.385666 238.000000 238.000000 586.000000 238.000000 0.000000 0.000000 0.000000 0.000000 348.000000
296988 59.385666 59.385666 238.000000 238.000000 586.000000 238.000000 0.000000 0.000000 0.000000 0.000000 348.000000
297988 59.385666 59.385666 238.000000 238.000000 586.000000 238.000000 0.000000 0.000000 0.000000 0.000000 348.000000
298988 59.385666 59.385666 238.000000 238.000000 586.000000 238.000000 0.000000 0.000000 0.000000 0.000000 348.000000
299988 75.630252 75.630252 58.000000 58.000000 238.000000 0.000000 58.000000 0.000000 0.000000 0.000000 180.000000
300988 75.630252 75.630252 58.000000 58.000000 238.000000 0.000000 58.000000 0.000000 0.000000 0.000000 180.000000
301988 75.630252 75.630252 58.000000 58.000000 238.000000 0.000000 58.000000 0.000000 0.000000 0.000000 180.000000
302988 75.630252 75.630252 58.000000 58.000000 238.000000 0.000000 58.000000 0.000000 0.000000 0.000000 180.000000
303988 75.630252 75.630252 58.000000 58.000000 238.000000 0.000000 58.000000 0.000000 0.000000 0.000000 180.000000
304988 75.630252 75.630252 58.000000 58.000000 238.000000 0.000000 58.000000 0.000000 0.000000 0.000000 180.000000
305988 75.630252 75.630252 58.000000 58.000000 238.000000 0.000000 58.000000 0.000000 0.000000 0.000000 180.000000
306988 75.630252 75.630252 58.000000 58.000000 238.000000 0.000000 0.000000 0.000000 58.000000 0.000000 180.000000
307988 75.630252 75.630252 58.000000 58.000000 238.000000 0.000000 0.000000 0.000000 58.000000 0.000000 180.000000
308988 75.630252 75.630252 58.000000 58.000000 238.000000 0.000000 0.000000 0.000000 58.000000 0.000000 180.000000
309988 75.630252 75.630252 58.000000 58.000000 238.000000 0.000000 0.000000 0.000000 58.000000 0.000000 180.000000
310988 75.630252 75.630252 58.000000 58.000000 238.000000 0.000000 0.000000 0.000000 58.000000 0.000000 180.000000
311988 60.810811 60.810811 116.000000 116.000000 296.000000 116.000000 0.000000 0.000000 0.000000 0.000000 180.000000
312988 60.810811 60.810811 116.000000 116.000000 296.000000 116.000000 0.000000 0.000000 0.000000 0.000000 180.000000
313988 60.810811 60.810811 116.000000 116.000000 296.000000 116.000000 0.000000 0.000000 0.000000 0.000000 180.000000
314988 60.810811 60.810811 116.000000 116.000000 296.000000 116.000000 0.000000 0.000000 0.000000 0.000000 180.000000
315988 60.810811 60.810811 116.000000 116.000000 296.000000 116.000000 0.000000 0.000000 0.000000 0.000000 180.000000
316988 60.810811 60.810811 116.000000 116.000000 296.000000 116.000000 0.000000 0.000000 0.000000 0.000000 180.000000
317988 60.810811 60.810811 116.000000 116.000000 296.000000 116.000000 0.000000 0.000000 0.000000 0.000000 180.000000
318988 60.810811 60.810811 116.000000 116.000000 296.000000 116.000000 0.000000 0.000000 0.000000 0.000000 180.000000
319988 60.810811 60.810811 116.000000 116.000000 296.000000 116.000000 0.000000 0.000000 0.000000 0.000000 180.000000
320988 60.810811 60.810811 116.000000 116.000000 296.000000 116.000000 0.000000 0.000000 0.000000 0.000000 180.000000
321988 60.810811 60.810811 116.000000 116.000000 296.000000 116.000000 0.000000 0.000000 0.000000 0.000000 180.000000
249988 0.000000 0.000000 897.000000 897.000000 897.000000 897.000000 0.000000 0.000000 0.000000 0.000000 0.000000
250988 0.000000 0.000000 897.000000 897.000000 897.000000 897.000000 0.000000 0.000000 0.000000 0.000000 0.000000
251988 74.136009 74.136009 232.000000 232.000000 897.000000 0.000000 232.000000 0.000000 0.000000 0.000000 665.000000
252988 74.136009 74.136009 232.000000 232.000000 897.000000 0.000000 232.000000 0.000000 0.000000 0.000000 665.000000
253988 74.136009 74.136009 232.000000 232.000000 897.000000 0.000000 232.000000 0.000000 0.000000 0.000000 665.000000
254988 74.136009 74.136009 232.000000 232.000000 897.000000 0.000000 232.000000 0.000000 0.000000 0.000000 665.000000
255988 74.136009 74.136009 232.000000 232.000000 897.000000 0.000000 232.000000 0.000000 0.000000 0.000000 665.000000
256988 74.136009 74.136009 232.000000 232.000000 897.000000 0.000000 232.000000 0.000000 0.000000 0.000000 665.000000
257988 74.136009 74.136009 232.000000 232.000000 897.000000 0.000000 232.000000 0.000000 0.000000 0.000000 665.000000
258988 74.136009 74.136009 232.000000 232.000000 897.000000 0.000000 0.000000 0.000000 232.000000 0.000000 665.000000
259988 74.136009 74.136009 232.000000 232.000000 897.000000 0.000000 0.000000 0.000000 232.000000 0.000000 665.000000
260988 74.136009 74.136009 232.000000 232.000000 897.000000 0.000000 0.000000 0.000000 232.000000 0.000000 665.000000
261988 74.136009 74.136009 232.000000 232.000000 897.000000 0.000000 0.000000 0.000000 232.000000 0.000000 665.000000
262988 74.136009 74.136009 232.000000 232.000000 897.000000 0.000000 0.000000 0.000000 232.000000 0.000000 665.000000
263988 56.384892 56.384892 485.000000 485.000000 1112.000000 485.000000 0.000000 0.000000 0.000000 0.000000 627.000000
264988 56.384892 56.384892 485.000000 485.000000 1112.000000 485.000000 0.000000 0.000000 0.000000 0.000000 627.000000
265988 56.384892 56.384892 485.000000 485.000000 1112.000000 485.000000 0.000000 0.000000 0.000000 0.000000 627.000000
266988 56.384892 56.384892 485.000000 485.000000 1112.000000 485.000000 0.000000 0.000000 0.000000 0.000000 627.000000
267988 56.384892 56.384892 485.000000 485.000000 1112.000000 485.000000 0.000000 0.000000 0.000000 0.000000 627.000000
268988 56.384892 56.384892 485.000000 485.000000 1112.000000 485.000000 0.000000 0.000000 0.000000 0.000000 627.000000
269988 56.384892 56.384892 485.000000 485.000000 1112.000000 485.000000 0.000000 0.000000 0.000000 0.000000 627.000000
270988 56.384892 56.384892 485.000000 485.000000 1112.000000 485.000000 0.000000 0.000000 0.000000 0.000000 627.000000
271988 56.384892 56.384892 485.000000 485.000000 1112.000000 485.000000 0.000000 0.000000 0.000000 0.000000 627.000000
272988 56.384892 56.384892 485.000000 485.000000 1112.000000 485.000000 0.000000 0.000000 0.000000 0.000000 627.000000
273988 56.384892 56.384892 485.000000 485.000000 1112.000000 485.000000 0.000000 0.000000 0.000000 0.000000 627.000000
274988 56.384892 56.384892 485.000000 485.000000 1112.000000 485.000000 0.000000 0.000000 0.000000 0.000000 627.000000
275988 73.195876 73.195876 130.000000 130.000000 485.000000 0.000000 130.000000 0.000000 0.000000 0.000000 355.000000
276988 73.195876 73.195876 130.000000 130.000000 485.000000 0.000000 130.000000 0.000000 0.000000 0.000000 355.000000
277988 73.195876 73.195876 130.000000 130.000000 485.000000 0.000000 130.000000 0.000000 0.000000 0.000000 355.000000
278988 73.195876 73.195876 130.000000 130.000000 485.000000 0.000000 130.000000 0.000000 0.000000 0.000000 355.000000
279988 73.195876 73.195876 130.000000 130.000000 485.000000 0.000000 130.000000 0.000000 0.000000 0.000000 355.000000
280988 73.195876 73.195876 130.000000 130.000000 485.000000 0.000000 130.000000 0.000000 0.000000 0.000000 355.000000
281988 73.195876 73.195876 130.000000 130.000000 485.000000 0.000000 130.000000 0.000000 0.000000 0.000000 355.000000
282988 73.195876 73.195876 130.000000 130.000000 485.000000 0.000000 0.000000 0.000000 130.000000 0.000000 355.000000
283988 73.195876 73.195876 130.000000 130.000000 485.000000 0.000000 0.000000 0.000000 130.000000 0.000000 355.000000
284988 73.195876 73.195876 130.000000 130.000000 485.000000 0.000000 0.000000 0.000000 130.000000 0.000000 355.000000
285988 73.195876 73.195876 130.000000 130.000000 485.000000 0.000000 0.000000 0.000000 130.000000 0.000000 355.000000
286988 73.195876 73.195876 130.000000 130.000000 485.000000 0.000000 0.000000 0.000000 130.000000 0.000000 355.000000
287988 57.723577 57.723577 260.000000 260.000000 615.000000 260.000000 0.000000 0.000000 0.000000 0.000000 355.000000
288988 57.723577 57.723577 260.000000 260.000000 615.000000 260.000000 0.000000 0.000000 0.000000 0.000000 355.000000
289988 57.723577 57.723577 260.000000 260.000000 615.000000 260.000000 0.000000 0.000000 0.000000 0.000000 355.000000
290988 57.723577 57.723577 260.000000 260.000000 615.000000 260.000000 0.000000 0.000000 0.000000 0.000000 355.000000
291988 57.723577 57.723577 260.000000 260.000000 615.000000 260.000000 0.000000 0.000000 0.000000 0.000000 355.000000
292988 57.723577 57.723577 260.000000 260.000000 615.000000 260.000000 0.000000 0.000000 0.000000 0.000000 355.000000
293988 57.723577 57.723577 260.000000 260.000000 615.000000 260.000000 0.000000 0.000000 0.000000 0.000000 355.000000
294988 57.723577 57.723577 260.000000 260.000000 615.000000 260.000000 0.000000 0.000000 0.000000 0.000000 355.000000
295988 57.723577 57.723577 260.000000 260.000000 615.000000 260.000000 0.000000 0.000000 0.000000 0.000000 355.000000
296988 57.723577 57.723577 260.000000 260.000000 615.000000 260.000000 0.000000 0.000000 0.000000 0.000000 355.000000
297988 57.723577 57.723577 260.000000 260.000000 615.000000 260.000000 0.000000 0.000000 0.000000 0.000000 355.000000
298988 57.723577 57.723577 260.000000 260.000000 615.000000 260.000000 0.000000 0.000000 0.000000 0.000000 355.000000
299988 70.769231 70.769231 76.000000 76.000000 260.000000 0.000000 76.000000 0.000000 0.000000 0.000000 184.000000
300988 70.769231 70.769231 76.000000 76.000000 260.000000 0.000000 76.000000 0.000000 0.000000 0.000000 184.000000
301988 70.769231 70.769231 76.000000 76.000000 260.000000 0.000000 76.000000 0.000000 0.000000 0.000000 184.000000
302988 70.769231 70.769231 76.000000 76.000000 260.000000 0.000000 76.000000 0.000000 0.000000 0.000000 184.000000
303988 70.769231 70.769231 76.000000 76.000000 260.000000 0.000000 76.000000 0.000000 0.000000 0.000000 184.000000
304988 70.769231 70.769231 76.000000 76.000000 260.000000 0.000000 76.000000 0.000000 0.000000 0.000000 184.000000
305988 70.769231 70.769231 76.000000 76.000000 260.000000 0.000000 76.000000 0.000000 0.000000 0.000000 184.000000
306988 70.769231 70.769231 76.000000 76.000000 260.000000 0.000000 0.000000 0.000000 76.000000 0.000000 184.000000
307988 70.769231 70.769231 76.000000 76.000000 260.000000 0.000000 0.000000 0.000000 76.000000 0.000000 184.000000
308988 70.769231 70.769231 76.000000 76.000000 260.000000 0.000000 0.000000 0.000000 76.000000 0.000000 184.000000
309988 70.769231 70.769231 76.000000 76.000000 260.000000 0.000000 0.000000 0.000000 76.000000 0.000000 184.000000
310988 70.769231 70.769231 76.000000 76.000000 260.000000 0.000000 0.000000 0.000000 76.000000 0.000000 184.000000
311988 54.761905 54.761905 152.000000 152.000000 336.000000 152.000000 0.000000 0.000000 0.000000 0.000000 184.000000
312988 54.761905 54.761905 152.000000 152.000000 336.000000 152.000000 0.000000 0.000000 0.000000 0.000000 184.000000
313988 54.761905 54.761905 152.000000 152.000000 336.000000 152.000000 0.000000 0.000000 0.000000 0.000000 184.000000
314988 54.761905 54.761905 152.000000 152.000000 336.000000 152.000000 0.000000 0.000000 0.000000 0.000000 184.000000
315988 54.761905 54.761905 152.000000 152.000000 336.000000 152.000000 0.000000 0.000000 0.000000 0.000000 184.000000
316988 54.761905 54.761905 152.000000 152.000000 336.000000 152.000000 0.000000 0.000000 0.000000 0.000000 184.000000
317988 54.761905 54.761905 152.000000 152.000000 336.000000 152.000000 0.000000 0.000000 0.000000 0.000000 184.000000
318988 54.761905 54.761905 152.000000 152.000000 336.000000 152.000000 0.000000 0.000000 0.000000 0.000000 184.000000
319988 54.761905 54.761905 152.000000 152.000000 336.000000 152.000000 0.000000 0.000000 0.000000 0.000000 184.000000
320988 54.761905 54.761905 152.000000 152.000000 336.000000 152.000000 0.000000 0.000000 0.000000 0.000000 184.000000
321988 54.761905 54.761905 152.000000 152.000000 336.000000 152.000000 0.000000 0.000000 0.000000 0.000000 184.000000
249987 0.000000 0.000000 884.000000 884.000000 884.000000 884.000000 0.000000 0.000000 0.000000 0.000000 0.000000
250987 0.000000 0.000000 884.000000 884.000000 884.000000 884.000000 0.000000 0.000000 0.000000 0.000000 0.000000
251987 72.737557 72.737557 241.000000 241.000000 884.000000 0.000000 241.000000 0.000000 0.000000 0.000000 643.000000
252987 72.737557 72.737557 241.000000 241.000000 884.000000 0.000000 241.000000 0.000000 0.000000 0.000000 643.000000
253987 72.737557 72.737557 241.000000 241.000000 884.000000 0.000000 241.000000 0.000000 0.000000 0.000000 643.000000
254987 72.737557 72.737557 241.000000 241.000000 884.000000 0.000000 241.000000 0.000000 0.000000 0.000000 643.000000
255987 72.737557 72.737557 241.000000 241.000000 884.000000 0.000000 241.000000 0.000000 0.000000 0.000000 643.000000
256987 72.737557 72.737557 241.000000 241.000000 884.000000 0.000000 241.000000 0.000000 0.000000 0.000000 643.000000
257987 72.737557 72.737557 241.000000 241.000000 884.000000 0.000000 241.000000 0.000000 0.000000 0.000000 643.000000
258987 72.737557 72.737557 241.000000 241.000000 884.000000 0.000000 0.000000 0.000000 241.000000 0.000000 643.000000
259987 72.737557 72.737557 241.000000 241.000000 884.000000 0.000000 0.000000 0.000000 241.000000 0.000000 643.000000
260987 72.737557 72.737557 241.000000 241.000000 884.000000 0.000000 0.000000 0.000000 241.000000 0.000000 643.000000
261987 72.737557 72.737557 241.000000 241.000000 884.000000 0.000000 0.000000 0.000000 241.000000 0.000000 643.000000
262987 72.737557 72.737557 241.000000 241.000000 884.000000 0.000000 0.000000 0.000000 241.000000 0.000000 643.000000
263987 55.473781 55.473781 484.000000 484.000000 1087.000000 465.000000 0.000000 0.000000 19.000000 0.000000 603.000000
264987 54.520796 54.520796 503.000000 503.000000 1106.000000 503.000000 0.000000 0.000000 0.000000 0.000000 603.000000
265987 54.520796 54.520796 503.000000 503.000000 1106.000000 503.000000 0.000000 0.000000 0.000000 0.000000 603.000000
266987 54.520796 54.520796 503.000000 503.000000 1106.000000 503.000000 0.000000 0.000000 0.000000 0.000000 603.000000
267987 54.520796 54.520796 503.000000 503.000000 1106.000000 503.000000 0.000000 0.000000 0.000000 0.000000 603.000000
268987 54.520796 54.520796 503.000000 503.000000 1106.000000 503.000000 0.000000 0.000000 0.000000 0.000000 603.000000
269987 54.520796 54.520796 503.000000 503.000000 1106.000000 503.000000 0.000000 0.000000 0.000000 0.000000 603.000000
270987 54.520796 54.520796 503.000000 503.000000 1106.000000 503.000000 0.000000 0.000000 0.000000 0.000000 603.000000
271987 54.520796 54.520796 503.000000 503.000000 1106.000000 503.000000 0.000000 0.000000 0.000000 0.000000 603.000000
272987 54.520796 54.520796 503.000000 503.000000 1106.000000 503.000000 0.000000 0.000000 0.000000 0.000000 603.000000
273987 54.520796 54.520796 503.000000 503.000000 1106.000000 503.000000 0.000000 0.000000 0.000000 0.000000 603.000000
274987 54.520796 54.520796 503.000000 503.000000 1106.000000 503.000000 0.000000 0.000000 0.000000 0.000000 603.000000
275987 73.558648 73.558648 133.000000 133.000000 503.000000 0.000000 133.000000 0.000000 0.000000 0.000000 370.000000
276987 73.558648 73.558648 133.000000 133.000000 503.000000 0.000000 133.000000 0.000000 0.000000 0.000000 370.000000
277987 73.558648 73.558648 133.000000 133.000000 503.000000 0.000000 133.000000 0.000000 0.000000 0.000000 370.000000
278987 73.558648 73.558648 133.000000 133.000000 503.000000 0.000000 133.000000 0.000000 0.000000 0.000000 370.000000
279987 73.558648 73.558648 133.000000 133.000000 503.000000 0.000000 133.000000 0.000000 0.000000 0.000000 370.000000
280987 73.558648 73.558648 133.000000 133.000000 503.000000 0.000000 133.000000 0.000000 0.000000 0.000000 370.000000
281987 73.558648 73.558648 133.000000 133.000000 503.000000 0.000000 133.000000 0.000000 0.000000 0.000000 370.000000
282987 73.558648 73.558648 133.000000 133.000000 503.000000 0.000000 0.000000 0.000000 133.000000 0.000000 370.000000
283987 73.558648 73.558648 133.000000 133.000000 503.000000 0.000000 0.000000 0.000000 133.000000 0.000000 370.000000
284987 73.558648 73.558648 133.000000 133.000000 503.000000 0.000000 0.000000 0.000000 133.000000 0.000000 370.000000
285987 73.558648 73.558648 133.000000 133.000000 503.000000 0.000000 0.000000 0.000000 133.000000 0.000000 370.000000
286987 73.558648 73.558648 133.000000 133.000000 503.000000 0.000000 0.000000 0.000000 133.000000 0.000000 370.000000
287987 58.176101 58.176101 266.000000 266.000000 636.000000 266.000000 0.000000 0.000000 0.000000 0.000000 370.000000
288987 58.176101 58.176101 266.000000 266.000000 636.000000 266.000000 0.000000 0.000000 0.000000 0.000000 370.000000
289987 58.176101 58.176101 266.000000 266.000000 636.000000 266.000000 0.000000 0.000000 0.000000 0.000000 370.000000
290987 58.176101 58.176101 266.000000 266.000000 636.000000 266.000000 0.000000 0.000000 0.000000 0.000000 370.000000
291987 58.176101 58.176101 266.000000 266.000000 636.000000 266.000000 0.000000 0.000000 0.000000 0.000000 370.000000
292987 58.176101 58.176101 266.000000 266.000000 636.000000 266.000000 0.000000 0.000000 0.000000 0.000000 370.000000
293987 58.176101 58.176101 266.000000 266.000000 636.000000 266.000000 0.000000 0.000000 0.000000 0.000000 370.000000
294987 58.176101 58.176101 266.000000 266.000000 636.000000 266.000000 0.000000 0.000000 0.000000 0.000000 370.000000
295987 58.176101 58.176101 266.000000 266.000000 636.000000 266.000000 0.000000 0.000000 0.000000 0.000000 370.000000
296987 58.176101 58.176101 266.000000 266.000000 636.000000 266.000000 0.000000 0.000000 0.000000 0.000000 370.000000
297987 58.176101 58.176101 266.000000 266.000000 636.000000 266.000000 0.000000 0.000000 0.000000 0.000000 370.000000
298987 58.176101 58.176101 266.000000 266.000000 636.000000 266.000000 0.000000 0.000000 0.000000 0.000000 370.000000
299987 71.804511 71.804511 75.000000 75.000000 266.000000 0.000000 75.000000 0.000000 0.000000 0.000000 191.000000
300987 71.804511 71.804511 75.000000 75.000000 266.000000 0.000000 75.000000 0.000000 0.000000 0.000000 191.000000
301987 71.804511 71.804511 75.000000 75.000000 266.000000 0.000000 75.000000 0.000000 0.000000 0.000000 191.000000
302987 71.804511 71.804511 75.000000 75.000000 266.000000 0.000000 75.000000 0.000000 0.000000 0.000000 191.000000
303987 71.804511 71.804511 75.000000 75.000000 266.000000 0.000000 75.000000 0.000000 0.000000 0.000000 191.000000
304987 71.804511 71.804511 75.000000 75.000000 266.000000 0.000000 75.000000 0.000000 0.000000 0.000000 191.000000
305987 71.804511 71.804511 75.000000 75.000000 266.000000 0.000000 75.000000 0.000000 0.000000 0.000000 191.000000
306987 71.804511 71.804511 75.000000 75.000000 266.000000 0.000000 0.000000 0.000000 75.000000 0.000000 191.000000
307987 71.804511 71.804511 75.000000 75.000000 266.000000 0.000000 0.000000 0.000000 75.000000 0.000000 191.000000
308987 71.804511 71.804511 75.000000 75.000000 266.000000 0.000000 0.000000 0.000000 75.000000 0.000000 191.000000
309987 71.804511 71.804511 75.000000 75.000000 266.000000 0.000000 0.000000 0.000000 75.000000 0.000000 191.000000
310987 71.804511 71.804511 75.000000 75.000000 266.000000 0.000000 0.000000 0.000000 75.000000 0.000000 191.000000
311987 56.011730 56.011730 150.000000 150.000000 341.000000 150.000000 0.000000 0.000000 0.000000 0.000000 191.000000
312987 56.011730 56.011730 150.000000 150.000000 341.000000 150.000000 0.000000 0.000000 0.000000 0.000000 191.000000
313987 56.011730 56.011730 150.000000 150.000000 341.000000 150.000000 0.000000 0.000000 0.000000 0.000000 191.000000
314987 56.011730 56.011730 150.000000 150.000000 341.000000 150.000000 0.000000 0.000000 0.000000 0.000000 191.000000
315987 56.011730 56.011730 150.000000 150.000000 341.000000 150.000000 0.000000 0.000000 0.000000 0.000000 191.000000
316987 56.011730 56.011730 150.000000 150.000000 341.000000 150.000000 0.000000 0.000000 0.000000 0.000000 191.000000
317987 56.011730 56.011730 150.000000 150.000000 341.000000 150.000000 0.000000 0.000000 0.000000 0.000000 191.000000
318987 56.011730 56.011730 150.000000 150.000000 341.000000 150.000000 0.000000 0.000000 0.000000 0.000000 191.000000
319987 56.011730 56.011730 150.000000 150.000000 341.000000 150.000000 0.000000 0.000000 0.000000 0.000000 191.000000
320987 56.011730 56.011730 150.000000 150.000000 341.000000 150.000000 0.000000 0.000000 0.000000 0.000000 191.000000
321987 56.011730 56.011730 150.000000 150.000000 341.000000 150.000000 0.000000 0.000000 0.000000 0.000000 191.000000
249987 0.000000 0.000000 885.000000 885.000000 885.000000 885.000000 0.000000 0.000000 0.000000 0.000000 0.000000
250987 0.000000 0.000000 885.000000 885.000000 885.000000 885.000000 0.000000 0.000000 0.000000 0.000000 0.000000
251987 74.350282 74.350282 227.000000 227.000000 885.000000 0.000000 227.000000 0.000000 0.000000 0.000000 658.000000
252987 74.350282 74.350282 227.000000 227.000000 885.000000 0.000000 227.000000 0.000000 0.000000 0.000000 658.000000
253987 74.350282 74.350282 227.000000 227.000000 885.000000 0.000000 227.000000 0.000000 0.000000 0.000000 658.000000
254987 74.350282 74.350282 227.000000 227.000000 885.000000 0.000000 227.000000 0.000000 0.000000 0.000000 658.000000
255987 74.350282 74.350282 227.000000 227.000000 885.000000 0.000000 227.000000 0.000000 0.000000 0.000000 658.000000
256987 74.350282 74.350282 227.000000 227.000000 885.000000 0.000000 227.000000 0.000000 0.000000 0.000000 658.000000
257987 74.350282 74.350282 227.000000 227.000000 885.000000 0.000000 227.000000 0.000000 0.000000 0.000000 658.000000
258987 74.350282 74.350282 227.000000 227.000000 885.000000 0.000000 0.000000 0.000000 227.000000 0.000000 658.000000
259987 74.350282 74.350282 227.000000 227.000000 885.000000 0.000000 0.000000 0.000000 227.000000 0.000000 658.000000
260987 74.350282 74.350282 227.000000 227.000000 885.000000 0.000000 0.000000 0.000000 227.000000 0.000000 658.000000
261987 74.350282 74.350282 227.000000 227.000000 885.000000 0.000000 0.000000 0.000000 227.000000 0.000000 658.000000
262987 74.350282 74.350282 227.000000 227.000000 885.000000 0.000000 0.000000 0.000000 227.000000 0.000000 658.000000
263987 56.824513 56.824513 465.000000 465.000000 1077.000000 446.000000 0.000000 0.000000 19.000000 0.000000 612.000000
264987 55.656934 55.656934 486.000000 486.000000 1096.000000 486.000000 0.000000 0.000000 0.000000 0.000000 610.000000
265987 55.656934 55.656934 486.000000 486.000000 1096.000000 486.000000 0.000000 0.000000 0.000000 0.000000 610.000000
266987 55.656934 55.656934 486.000000 486.000000 1096.000000 486.000000 0.000000 0.000000 0.000000 0.000000 610.000000
267987 55.656934 55.656934 486.000000 486.000000 1096.000000 486.000000 0.000000 0.000000 0.000000 0.000000 610.000000
268987 55.656934 55.656934 486.000000 486.000000 1096.000000 486.000000 0.000000 0.000000 0.000000 0.000000 610.000000
269987 55.656934 55.656934 486.000000 486.000000 1096.000000 486.000000 0.000000 0.000000 0.000000 0.000000 610.000000
270987 55.656934 55.656934 486.000000 486.000000 1096.000000 486.000000 0.000000 0.000000 0.000000 0.000000 610.000000
271987 55.656934 55.656934 486.000000 486.000000 1096.000000 486.000000 0.000000 0.000000 0.000000 0.000000 610.000000
272987 55.656934 55.656934 486.000000 486.000000 1096.000000 486.000000 0.000000 0.000000 0.000000 0.000000 610.000000
273987 55.656934 55.656934 486.000000 486.000000 1096.000000 486.000000 0.000000 0.000000 0.000000 0.000000 610.000000
274987 55.656934 55.656934 486.000000 486.000000 1096.000000 486.000000 0.000000 0.000000 0.000000 0.000000 610.000000
275987 72.016461 72.016461 136.000000 136.000000 486.000000 0.000000 136.000000 0.000000 0.000000 0.000000 350.000000
276987 72.016461 72.016461 136.000000 136.000000 486.000000 0.000000 136.000000 0.000000 0.000000 0.000000 350.000000
277987 72.016461 72.016461 136.000000 136.000000 486.000000 0.000000 136.000000 0.000000 0.000000 0.000000 350.000000
278987 72.016461 72.016461 136.000000 136.000000 486.000000 0.000000 136.000000 0.000000 0.000000 0.000000 350.000000
279987 72.016461 72.016461 136.000000 136.000000 486.000000 0.000000 136.000000 0.000000 0.000000 0.000000 350.000000
280987 72.016461 72.016461 136.000000 136.000000 486.000000 0.000000 136.000000 0.000000 0.000000 0.000000 350.000000
281987 72.016461 72.016461 136.000000 136.000000 486.000000 0.000000 136.000000 0.000000 0.000000 0.000000 350.000000
282987 72.016461 72.016461 136.000000 136.000000 486.000000 0.000000 0.000000 0.000000 136.000000 0.000000 350.000000
283987 72.016461 72.016461 136.000000 136.000000 486.000000 0.000000 0.000000 0.000000 136.000000 0.000000 350.000000
284987 72.016461 72.016461 136.000000 136.000000 486.000000 0.000000 0.000000 0.000000 136.000000 0.000000 350.000000
285987 72.016461 72.016461 136.000000 136.000000 486.000000 0.000000 0.000000 0.000000 136.000000 0.000000 350.000000
286987 72.016461 72.016461 136.000000 136.000000 486.000000 0.000000 0.000000 0.000000 136.000000 0.000000 350.000000
287987 56.270096 56.270096 272.000000 272.000000 622.000000 272.000000 0.000000 0.000000 0.000000 0.000000 350.000000
288987 56.270096 56.270096 272.000000 272.000000 622.000000 272.000000 0.000000 0.000000 0.000000 0.000000 350.000000
289987 56.270096 56.270096 272.000000 272.000000 622.000000 272.000000 0.000000 0.000000 0.000000 0.000000 350.000000
290987 56.270096 56.270096 272.000000 272.000000 622.000000 272.000000 0.000000 0.000000 0.000000 0.000000 350.000000
291987 56.270096 56.270096 272.000000 272.000000 622.000000 272.000000 0.000000 0.000000 0.000000 0.000000 350.000000
292987 56.270096 56.270096 272.000000 272.000000 622.000000 272.000000 0.000000 0.000000 0.000000 0.000000 350.000000
293987 56.270096 56.270096 272.000000 272.000000 622.000000 272.000000 0.000000 0.000000 0.000000 0.000000 350.000000
294987 56.270096 56.270096 272.000000 272.000000 622.000000 272.000000 0.000000 0.000000 0.000000 0.000000 350.000000
295987 56.270096 56.270096 272.000000 272.000000 622.000000 272.000000 0.000000 0.000000 0.000000 0.000000 350.000000
296987 56.270096 56.270096 272.000000 272.000000 622.000000 272.000000 0.000000 0.000000 0.000000 0.000000 350.000000
297987 56.270096 56.270096 272.000000 272.000000 622.000000 272.000000 0.000000 0.000000 0.000000 0.000000 350.000000
298987 56.270096 56.270096 272.000000 272.000000 622.000000 272.000000 0.000000 0.000000 0.000000 0.000000 350.000000
299987 75.735294 75.735294 66.000000 66.000000 272.000000 0.000000 66.000000 0.000000 0.000000 0.000000 206.000000
300987 75.735294 75.735294 66.000000 66.000000 272.000000 0.000000 66.000000 0.000000 0.000000 0.000000 206.000000
301987 75.735294 75.735294 66.000000 66.000000 272.000000 0.000000 66.000000 0.000000 0.000000 0.000000 206.000000
302987 75.735294 75.735294 66.000000 66.000000 272.000000 0.000000 66.000000 0.000000 0.000000 0.000000 206.000000
303987 75.735294 75.735294 66.000000 66.000000 272.000000 0.000000 66.000000 0.000000 0.000000 0.000000 206.000000
304987 75.735294 75.735294 66.000000 66.000000 272.000000 0.000000 66.000000 0.000000 0.000000 0.000000 206.000000
305987 75.735294 75.735294 66.000000 66.000000 272.000000 0.000000 66.000000 0.000000 0.000000 0.000000 206.000000
306987 75.735294 75.735294 66.000000 66.000000 272.000000 0.000000 0.000000 0.000000 66.000000 0.000000 206.000000
307987 75.735294 75.735294 66.000000 66.000000 272.000000 0.000000 0.000000 0.000000 66.000000 0.000000 206.000000
308987 75.735294 75.735294 66.000000 66.000000 272.000000 0.000000 0.000000 0.000000 66.000000 0.000000 206.000000
309987 75.735294 75.735294 66.000000 66.000000 272.000000 0.000000 0.000000 0.000000 66.000000 0.000000 206.000000
310987 75.735294 75.735294 66.000000 66.000000 272.000000 0.000000 0.000000 0.000000 66.000000 0.000000 206.000000
311987 60.946746 60.946746 132.000000 132.000000 338.000000 132.000000 0.000000 0.000000 0.000000 0.000000 206.000000
312987 60.946746 60.946746 132.000000 132.000000 338.000000 132.000000 0.000000 0.000000 0.000000 0.000000 206.000000
313987 60.946746 60.946746 132.000000 132.000000 338.000000 132.000000 0.000000 0.000000 0.000000 0.000000 206.000000
314987 60.946746 60.946746 132.000000 132.000000 338.000000 132.000000 0.000000 0.000000 0.000000 0.000000 206.000000
315987 60.946746 60.946746 132.000000 132.000000 338.000000 132.000000 0.000000 0.000000 0.000000 0.000000 206.000000
316987 60.946746 60.946746 132.000000 132.000000 338.000000 132.000000 0.000000 0.000000 0.000000 0.000000 206.000000
317987 60.946746 60.946746 132.000000 132.000000 338.000000 132.000000 0.000000 0.000000 0.000000 0.000000 206.000000
318987 60.946746 60.946746 132.000000 132.000000 338.000000 132.000000 0.000000 0.000000 0.000000 0.000000 206.000000
319987 60.946746 60.946746 132.000000 132.000000 338.000000 132.000000 0.000000 0.000000 0.000000 0.000000 206.000000
320987 60.946746 60.946746 132.000000 132.000000 338.000000 132.000000 0.000000 0.000000 0.000000 0.000000 206.000000
321987 60.946746 60.946746 132.000000 132.000000 338.000000 132.000000 0.000000 0.000000 0.000000 0.000000 206.000000
249988 0.000000 0.000000 871.000000 871.000000 871.000000 871.000000 0.000000 0.000000 0.000000 0.000000 0.000000
250988 0.000000 0.000000 871.000000 871.000000 871.000000 871.000000 0.000000 0.000000 0.000000 0.000000 0.000000
251988 74.282434 74.282434 224.000000 224.000000 871.000000 0.000000 224.000000 0.000000 0.000000 0.000000 647.000000
252988 74.282434 74.282434 224.000000 224.000000 871.000000 0.000000 224.000000 0.000000 0.000000 0.000000 647.000000
253988 74.282434 74.282434 224.000000 224.000000 871.000000 0.000000 224.000000 0.000000 0.000000 0.000000 647.000000
254988 74.282434 74.282434 224.000000 224.000000 871.000000 0.000000 224.000000 0.000000 0.000000 0.000000 647.000000
255988 74.282434 74.282434 224.000000 224.000000 871.000000 0.000000 224.000000 0.000000 0.000000 0.000000 647.000000
256988 74.282434 74.282434 224.000000 224.000000 871.000000 0.000000 224.000000 0.000000 0.000000 0.000000 647.000000
257988 74.282434 74.282434 224.000000 224.000000 871.000000 0.000000 224.000000 0.000000 0.000000 0.000000 647.000000
258988 74.282434 74.282434 224.000000 224.000000 871.000000 0.000000 0.000000 0.000000 224.000000 0.000000 647.000000
259988 74.282434 74.282434 224.000000 224.000000 871.000000 0.000000 0.000000 0.000000 224.000000 0.000000 647.000000
260988 74.282434 74.282434 224.000000 224.000000 871.000000 0.000000 0.000000 0.000000 224.000000 0.000000 647.000000
261988 74.282434 74.282434 224.000000 224.000000 871.000000 0.000000 0.000000 0.000000 224.000000 0.000000 647.000000
262988 74.282434 74.282434 224.000000 224.000000 871.000000 0.000000 0.000000 0.000000 224.000000 0.000000 647.000000
263988 55.555556 55.555556 480.000000 480.000000 1080.000000 480.000000 0.000000 0.000000 0.000000 0.000000 600.000000
264988 55.555556 55.555556 480.000000 480.000000 1080.000000 480.000000 0.000000 0.000000 0.000000 0.000000 600.000000
265988 55.555556 55.555556 480.000000 480.000000 1080.000000 480.000000 0.000000 0.000000 0.000000 0.000000 600.000000
266988 55.555556 55.555556 480.000000 480.000000 1080.000000 480.000000 0.000000 0.000000 0.000000 0.000000 600.000000
267988 55.555556 55.555556 480.000000 480.000000 1080.000000 480.000000 0.000000 0.000000 0.000000 0.000000 600.000000
268988 55.555556 55.555556 480.000000 480.000000 1080.000000 480.000000 0.000000 0.000000 0.000000 0.000000 600.000000
269988 55.555556 55.555556 480.000000 480.000000 1080.000000 480.000000 0.000000 0.000000 0.000000 0.000000 600.000000
270988 55.555556 55.555556 480.000000 480.000000 1080.000000 480.000000 0.000000 0.000000 0.000000 0.000000 600.000000
271988 55.555556 55.555556 480.000000 480.000000 1080.000000 480.000000 0.000000 0.000000 0.000000 0.000000 600.000000
272988 55.555556 55.555556 480.000000 480.000000 1080.000000 480.000000 0.000000 0.000000 0.000000 0.000000 600.000000
273988 55.555556 55.555556 480.000000 480.000000 1080.000000 480.000000 0.000000 0.000000 0.000000 0.000000 600.000000
274988 55.555556 55.555556 480.000000 480.000000 1080.000000 480.000000 0.000000 0.000000 0.000000 0.000000 600.000000
275988 71.458333 71.458333 137.000000 137.000000 480.000000 0.000000 137.000000 0.000000 0.000000 0.000000 343.000000
276988 71.458333 71.458333 137.000000 137.000000 480.000000 0.000000 137.000000 0.000000 0.000000 0.000000 343.000000
277988 71.458333 71.458333 137.000000 137.000000 480.000000 0.000000 137.000000 0.000000 0.000000 0.000000 343.000000
278988 71.458333 71.458333 137.000000 137.000000 480.000000 0.000000 137.000000 0.000000 0.000000 0.000000 343.000000
279988 71.458333 71.458333 137.000000 137.000000 480.000000 0.000000 137.000000 0.000000 0.000000 0.000000 343.000000
280988 71.458333 71.458333 137.000000 137.000000 480.000000 0.000000 137.000000 0.000000 0.000000 0.000000 343.000000
281988 71.458333 71.458333 137.000000 137.000000 480.000000 0.000000 137.000000 0.000000 0.000000 0.000000 343.000000
282988 71.458333 71.458333 137.000000 137.000000 480.000000 0.000000 0.000000 0.000000 137.000000 0.000000 343.000000
283988 71.458333 71.458333 137.000000 137.000000 480.000000 0.000000 0.000000 0.000000 137.000000 0.000000 343.000000
284988 71.458333 71.458333 137.000000 137.000000 480.000000 0.000000 0.000000 0.000000 137.000000 0.000000 343.000000
285988 71.458333 71.458333 137.000000 137.000000 480.000000 0.000000 0.000000 0.000000 137.000000 0.000000 343.000000
286988 71.458333 71.458333 137.000000 137.000000 480.000000 0.000000 0.000000 0.000000 137.000000 0.000000 343.000000
287988 55.591572 55.591572 274.000000 274.000000 617.000000 274.000000 0.000000 0.000000 0.000000 0.000000 343.000000
288988 55.591572 55.591572 274.000000 274.000000 617.000000 274.000000 0.000000 0.000000 0.000000 0.000000 343.000000
289988 55.591572 55.591572 274.000000 274.000000 617.000000 274.000000 0.000000 0.000000 0.000000 0.000000 343.000000
290988 55.591572 55.591572 274.000000 274.000000 617.000000 274.000000 0.000000 0.000000 0.000000 0.000000 343.000000
291988 55.591572 55.591572 274.000000 274.000000 617.000000 274.000000 0.000000 0.000000 0.000000 0.000000 343.000000
292988 55.591572 55.591572 274.000000 274.000000 617.000000 274.000000 0.000000 0.000000 0.000000 0.000000 343.000000
293988 55.591572 55.591572 274.000000 274.000000 617.000000 274.000000 0.000000 0.000000 0.000000 0.000000 343.000000
294988 55.591572 55.591572 274.000000 274.000000 617.000000 274.000000 0.000000 0.000000 0.000000 0.000000 343.000000
295988 55.591572 55.591572 274.000000 274.000000 617.000000 274.000000 0.000000 0.000000 0.000000 0.000000 343.000000
296988 55.591572 55.591572 274.000000 274.000000 617.000000 274.000000 0.000000 0.000000 0.000000 0.000000 343.000000
297988 55.591572 55.591572 274.000000 274.000000 617.000000 274.000000 0.000000 0.000000 0.000000 0.000000 343.000000
298988 55.591572 55.591572 274.000000 274.000000 617.000000 274.000000 0.000000 0.000000 0.000000 0.000000 343.000000
299988 70.437956 70.437956 81.000000 81.000000 274.000000 0.000000 81.000000 0.000000 0.000000 0.000000 193.000000
300988 70.437956 70.437956 81.000000 81.000000 274.000000 0.000000 81.000000 0.000000 0.000000 0.000000 193.000000
301988 70.437956 70.437956 81.000000 81.000000 274.000000 0.000000 81.000000 0.000000 0.000000 0.000000 193.000000
302988 70.437956 70.437956 81.000000 81.000000 274.000000 0.000000 81.000000 0.000000 0.000000 0.000000 193.000000
303988 70.437956 70.437956 81.000000 81.000000 274.000000 0.000000 81.000000 0.000000 0.000000 0.000000 193.000000
304988 70.437956 70.437956 81.000000 81.000000 274.000000 0.000000 81.000000 0.000000 0.000000 0.000000 193.000000
305988 70.437956 70.437956 81.000000 81.000000 274.000000 0.000000 81.000000 0.000000 0.000000 0.000000 193.000000
306988 70.437956 70.437956 81.000000 81.000000 274.000000 0.000000 0.000000 0.000000 81.000000 0.000000 193.000000
307988 70.437956 70.437956 81.000000 81.000000 274.000000 0.000000 0.000000 0.000000 81.000000 0.000000 193.000000
308988 70.437956 70.437956 81.000000 81.000000 274.000000 0.000000 0.000000 0.000000 81.000000 0.000000 193.000000
309988 70.437956 70.437956 81.000000 81.000000 274.000000 0.000000 0.000000 0.000000 81.000000 0.000000 193.000000
310988 70.437956 70.437956 81.000000 81.000000 274.000000 0.000000 0.000000 0.000000 81.000000 0.000000 193.000000
311988 54.366197 54.366197 162.000000 162.000000 355.000000 162.000000 0.000000 0.000000 0.000000 0.000000 193.000000
312988 54.366197 54.366197 162.000000 162.000000 355.000000 162.000000 0.000000 0.000000 0.000000 0.000000 193.000000
313988 54.366197 54.366197 162.000000 162.000000 355.000000 162.000000 0.000000 0.000000 0.000000 0.000000 193.000000
314988 54.366197 54.366197 162.000000 162.000000 355.000000 162.000000 0.000000 0.000000 0.000000 0.000000 193.000000
315988 54.366197 54.366197 162.000000 162.000000 355.000000 162.000000 0.000000 0.000000 0.000000 0.000000 193.000000
316988 54.366197 54.366197 162.000000 162.000000 355.000000 162.000000 0.000000 0.000000 0.000000 0.000000 193.000000
317988 54.366197 54.366197 162.000000 162.000000 355.000000 162.000000 0.000000 0.000000 0.000000 0.000000 193.000000
318988 54.366197 54.366197 162.000000 162.000000 355.000000 162.000000 0.000000 0.000000 0.000000 0.000000 193.000000
319988 54.366197 54.366197 162.000000 162.000000 355.000000 162.000000 0.000000 0.000000 0.000000 0.000000 193.000000
320988 54.366197 54.366197 162.000000 162.000000 355.000000 162.000000 0.000000 0.000000 0.000000 0.000000 193.000000
321988 54.366197 54.366197 162.000000 162.000000 355.000000 162.000000 0.000000 0.000000 0.000000 0.000000 193.000000
249988 0.000000 0.000000 893.000000 893.000000 893.000000 893.000000 0.000000 0.000000 0.000000 0.000000 0.000000
250988 0.000000 0.000000 893.000000 893.000000 893.000000 893.000000 0.000000 0.000000 0.000000 0.000000 0.000000
251988 74.020157 74.020157 232.000000 232.000000 893.000000 0.000000 232.000000 0.000000 0.000000 0.000000 661.000000
252988 74.020157 74.020157 232.000000 232.000000 893.000000 0.000000 232.000000 0.000000 0.000000 0.000000 661.000000
253988 74.020157 74.020157 232.000000 232.000000 893.000000 0.000000 232.000000 0.000000 0.000000 0.000000 661.000000
254988 74.020157 74.020157 232.000000 232.000000 893.000000 0.000000 232.000000 0.000000 0.000000 0.000000 661.000000
255988 74.020157 74.020157 232.000000 232.000000 893.000000 0.000000 232.000000 0.000000 0.000000 0.000000 661.000000
256988 74.020157 74.020157 232.000000 232.000000 893.000000 0.000000 232.000000 0.000000 0.000000 0.000000 661.000000
257988 74.020157 74.020157 232.000000 232.000000 893.000000 0.000000 232.000000 0.000000 0.000000 0.000000 661.000000
258988 74.020157 74.020157 232.000000 232.000000 893.000000 0.000000 0.000000 0.000000 232.000000 0.000000 661.000000
259988 74.020157 74.020157 232.000000 232.000000 893.000000 0.000000 0.000000 0.000000 232.000000 0.000000 661.000000
260988 74.020157 74.020157 232.000000 232.000000 893.000000 0.000000 0.000000 0.000000 232.000000 0.000000 661.000000
261988 74.020157 74.020157 232.000000 232.000000 893.000000 0.000000 0.000000 0.000000 232.000000 0.000000 661.000000
262988 74.020157 74.020157 232.000000 232.000000 893.000000 0.000000 0.000000 0.000000 232.000000 0.000000 661.000000
263988 54.856115 54.856115 502.000000 502.000000 1112.000000 502.000000 0.000000 0.000000 0.000000 0.000000 610.000000
264988 54.856115 54.856115 502.000000 502.000000 1112.000000 502.000000 0.000000 0.000000 0.000000 0.000000 610.000000
265988 54.856115 54.856115 502.000000 502.000000 1112.000000 502.000000 0.000000 0.000000 0.000000 0.000000 610.000000
266988 54.856115 54.856115 502.000000 502.000000 1112.000000 502.000000 0.000000 0.000000 0.000000 0.000000 610.000000
267988 54.856115 54.856115 502.000000 502.000000 1112.000000 502.000000 0.000000 0.000000 0.000000 0.000000 610.000000
268988 54.856115 54.856115 502.000000 502.000000 1112.000000 502.000000 0.000000 0.000000 0.000000 0.000000 610.000000
269988 54.856115 54.856115 502.000000 502.000000 1112.000000 502.000000 0.000000 0.000000 0.000000 0.000000 610.000000
270988 54.856115 54.856115 502.000000 502.000000 1112.000000 502.000000 0.000000 0.000000 0.000000 0.000000 610.000000
271988 54.856115 54.856115 502.000000 502.000000 1112.000000 502.000000 0.000000 0.000000 0.000000 0.000000 610.000000
272988 54.856115 54.856115 502.000000 502.000000 1112.000000 502.000000 0.000000 0.000000 0.000000 0.000000 610.000000
273988 54.856115 54.856115 502.000000 502.000000 1112.000000 502.000000 0.000000 0.000000 0.000000 0.000000 610.000000
274988 54.856115 54.856115 502.000000 502.000000 1112.000000 502.000000 0.000000 0.000000 0.000000 0.000000 610.000000
275988 73.306773 73.306773 134.000000 134.000000 502.000000 0.000000 134.000000 0.000000 0.000000 0.000000 368.000000
276988 73.306773 73.306773 134.000000 134.000000 502.000000 0.000000 134.000000 0.000000 0.000000 0.000000 368.000000
277988 73.306773 73.306773 134.000000 134.000000 502.000000 0.000000 134.000000 0.000000 0.000000 0.000000 368.000000
278988 73.306773 73.306773 134.000000 134.000000 502.000000 0.000000 134.000000 0.000000 0.000000 0.000000 368.000000
279988 73.306773 73.306773 134.000000 134.000000 502.000000 0.000000 134.000000 0.000000 0.000000 0.000000 368.000000
280988 73.306773 73.306773 134.000000 134.000000 502.000000 0.000000 134.000000 0.000000 0.000000 0.000000 368.000000
281988 73.306773 73.306773 134.000000 134.000000 502.000000 0.000000 134.000000 0.000000 0.000000 0.000000 368.000000
282988 73.306773 73.306773 134.000000 134.000000 502.000000 0.000000 0.000000 0.000000 134.000000 0.000000 368.000000
283988 73.306773 73.306773 134.000000 134.000000 502.000000 0.000000 0.000000 0.000000 134.000000 0.000000 368.000000
284988 73.306773 73.306773 134.000000 134.000000 502.000000 0.000000 0.000000 0.000000 134.000000 0.000000 368.000000
285988 73.306773 73.306773 134.000000 134.000000 502.000000 0.000000 0.000000 0.000000 134.000000 0.000000 368.000000
286988 73.306773 73.306773 134.000000 134.000000 502.000000 0.000000 0.000000 0.000000 134.000000 0.000000 368.000000
287988 57.861635 57.861635 268.000000 268.000000 636.000000 268.000000 0.000000 0.000000 0.000000 0.000000 368.000000
288988 57.861635 57.861635 268.000000 268.000000 636.000000 268.000000 0.000000 0.000000 0.000000 0.000000 368.000000
289988 57.861635 57.861635 268.000000 268.000000 636.000000 268.000000 0.000000 0.000000 0.000000 0.000000 368.000000
290988 57.861635 57.861635 268.000000 268.000000 636.000000 268.000000 0.000000 0.000000 0.000000 0.000000 368.000000
291988 57.861635 57.861635 268.000000 268.000000 636.000000 268.000000 0.000000 0.000000 0.000000 0.000000 368.000000
292988 57.861635 57.861635 268.000000 268.000000 636.000000 268.000000 0.000000 0.000000 0.000000 0.000000 368.000000
293988 57.861635 57.861635 268.000000 268.000000 636.000000 268.000000 0.000000 0.000000 0.000000 0.000000 368.000000
294988 57.861635 57.861635 268.000000 268.000000 636.000000 268.000000 0.000000 0.000000 0.000000 0.000000 368.000000
295988 57.861635 57.861635 268.000000 268.000000 636.000000 268.000000 0.000000 0.000000 0.000000 0.000000 368.000000
296988 57.861635 57.861635 268.000000 268.000000 636.000000 268.000000 0.000000 0.000000 0.000000 0.000000 368.000000
297988 57.861635 57.861635 268.000000 268.000000 636.000000 268.000000 0.000000 0.000000 0.000000 0.000000 368.000000
298988 57.861635 57.861635 268.000000 268.000000 636.000000 268.000000 0.000000 0.000000 0.000000 0.000000 368.000000
299988 74.626866 74.626866 68.000000 68.000000 268.000000 0.000000 68.000000 0.000000 0.000000 0.000000 200.000000
300988 74.626866 74.626866 68.000000 68.000000 268.000000 0.000000 68.000000 0.000000 0.000000 0.000000 200.000000
301988 74.626866 74.626866 68.000000 68.000000 268.000000 0.000000 68.000000 0.000000 0.000000 0.000000 200.000000
302988 74.626866 74.626866 68.000000 68.000000 268.000000 0.000000 68.000000 0.000000 0.000000 0.000000 200.000000
303988 74.626866 74.626866 68.000000 68.000000 268.000000 0.000000 68.000000 0.000000 0.000000 0.000000 200.000000
304988 74.626866 74.626866 68.000000 68.000000 268.000000 0.000000 68.000000 0.000000 0.000000 0.000000 200.000000
305988 74.626866 74.626866 68.000000 68.000000 268.000000 0.000000 68.000000 0.000000 0.000000 0.000000 200.000000
306988 74.626866 74.626866 68.000000 68.000000 268.000000 0.000000 0.000000 0.000000 68.000000 0.000000 200.000000
307988 74.626866 74.626866 68.000000 68.000000 268.000000 0.000000 0.000000 0.000000 68.000000 0.000000 200.000000
308988 74.626866 74.626866 68.000000 68.000000 268.000000 0.000000 0.000000 0.000000 68.000000 0.000000 200.000000
309988 74.626866 74.626866 68.000000 68.000000 268.000000 0.000000 0.000000 0.000000 68.000000 0.000000 200.000000
310988 74.626866 74.626866 68.000000 68.000000 268.000000 0.000000 0.000000 0.000000 68.000000 0.000000 200.000000
311988 59.523810 59.523810 136.000000 136.000000 336.000000 136.000000 0.000000 0.000000 0.000000 0.000000 200.000000
312988 59.523810 59.523810 136.000000 136.000000 336.000000 136.000000 0.000000 0.000000 0.000000 0.000000 200.000000
313988 59.523810 59.523810 136.000000 136.000000 336.000000 136.000000 0.000000 0.000000 0.000000 0.000000 200.000000
314988 59.523810 59.523810 136.000000 136.000000 336.000000 136.000000 0.000000 0.000000 0.000000 0.000000 200.000000
315988 59.523810 59.523810 136.000000 136.000000 336.000000 136.000000 0.000000 0.000000 0.000000 0.000000 200.000000
316988 59.523810 59.523810 136.000000 136.000000 336.000000 136.000000 0.000000 0.000000 0.000000 0.000000 200.000000
317988 59.523810 59.523810 136.000000 136.000000 336.000000 136.000000 0.000000 0.000000 0.000000 0.000000 200.000000
318988 59.523810 59.523810 136.000000 136.000000 336.000000 136.000000 0.000000 0.000000 0.000000 0.000000 200.000000
319988 59.523810 59.523810 136.000000 136.000000 336.000000 136.000000 0.000000 0.000000 0.000000 0.000000 200.000000
320988 59.523810 59.523810 136.000000 136.000000 336.000000 136.000000 0.000000 0.000000 0.000000 0.000000 200.000000
321988 59.523810 59.523810 136.000000 136.000000 336.000000 136.000000 0.000000 0.000000 0.000000 0.000000 200.000000
249987 0.000000 0.000000 914.000000 914.000000 914.000000 914.000000 0.000000 0.000000 0.000000 0.000000 0.000000
250987 0.000000 0.000000 914.000000 914.000000 914.000000 914.000000 0.000000 0.000000 0.000000 0.000000 0.000000
251987 73.194748 73.194748 245.000000 245.000000 914.000000 0.000000 245.000000 0.000000 0.000000 0.000000 669.000000
252987 73.194748 73.194748 245.000000 245.000000 914.000000 0.000000 245.000000 0.000000 0.000000 0.000000 669.000000
253987 73.194748 73.194748 245.000000 245.000000 914.000000 0.000000 245.000000 0.000000 0.000000 0.000000 669.000000
254987 73.194748 73.194748 245.000000 245.000000 914.000000 0.000000 245.000000 0.000000 0.000000 0.000000 669.000000
255987 73.194748 73.194748 245.000000 245.000000 914.000000 0.000000 245.000000 0.000000 0.000000 0.000000 669.000000
256987 73.194748 73.194748 245.000000 245.000000 914.000000 0.000000 245.000000 0.000000 0.000000 0.000000 669.000000
257987 73.194748 73.194748 245.000000 245.000000 914.000000 0.000000 245.000000 0.000000 0.000000 0.000000 669.000000
258987 73.194748 73.194748 245.000000 245.000000 914.000000 0.000000 0.000000 0.000000 245.000000 0.000000 669.000000
259987 73.194748 73.194748 245.000000 245.000000 914.000000 0.000000 0.000000 0.000000 245.000000 0.000000 669.000000
260987 73.194748 73.194748 245.000000 245.000000 914.000000 0.000000 0.000000 0.000000 245.000000 0.000000 669.000000
261987 73.194748 73.194748 245.000000 245.000000 914.000000 0.000000 0.000000 0.000000 245.000000 0.000000 669.000000
262987 73.194748 73.194748 245.000000 245.000000 914.000000 0.000000 0.000000 0.000000 245.000000 0.000000 669.000000
263987 56.010686 56.010686 494.000000 494.000000 1123.000000 475.000000 0.000000 0.000000 19.000000 0.000000 629.000000
264987 54.991243 54.991243 514.000000 514.000000 1142.000000 514.000000 0.000000 0.000000 0.000000 0.000000 628.000000
265987 54.991243 54.991243 514.000000 514.000000 1142.000000 514.000000 0.000000 0.000000 0.000000 0.000000 628.000000
266987 54.991243 54.991243 514.000000 514.000000 1142.000000 514.000000 0.000000 0.000000 0.000000 0.000000 628.000000
267987 54.991243 54.991243 514.000000 514.000000 1142.000000 514.000000 0.000000 0.000000 0.000000 0.000000 628.000000
268987 54.991243 54.991243 514.000000 514.000000 1142.000000 514.000000 0.000000 0.000000 0.000000 0.000000 628.000000
269987 54.991243 54.991243 514.000000 514.000000 1142.000000 514.000000 0.000000 0.000000 0.000000 0.000000 628.000000
270987 54.991243 54.991243 514.000000 514.000000 1142.000000 514.000000 0.000000 0.000000 0.000000 0.000000 628.000000
271987 54.991243 54.991243 514.000000 514.000000 1142.000000 514.000000 0.000000 0.000000 0.000000 0.000000 628.000000
272987 54.991243 54.991243 514.000000 514.000000 1142.000000 514.000000 0.000000 0.000000 0.000000 0.000000 628.000000
273987 54.991243 54.991243 514.000000 514.000000 1142.000000 514.000000 0.000000 0.000000 0.000000 0.000000 628.000000
274987 54.991243 54.991243 514.000000 514.000000 1142.000000 514.000000 0.000000 0.000000 0.000000 0.000000 628.000000
275987 72.957198 72.957198 139.000000 139.000000 514.000000 0.000000 139.000000 0.000000 0.000000 0.000000 375.000000
276987 72.957198 72.957198 139.000000 139.000000 514.000000 0.000000 139.000000 0.000000 0.000000 0.000000 375.000000
277987 72.957198 72.957198 139.000000 139.000000 514.000000 0.000000 139.000000 0.000000 0.000000 0.000000 375.000000
278987 72.957198 72.957198 139.000000 139.000000 514.000000 0.000000 139.000000 0.000000 0.000000 0.000000 375.000000
279987 72.957198 72.957198 139.000000 139.000000 514.000000 0.000000 139.000000 0.000000 0.000000 0.000000 375.000000
280987 72.957198 72.957198 139.000000 139.000000 514.000000 0.000000 139.000000 0.000000 0.000000 0.000000 375.000000
281987 72.957198 72.957198 139.000000 139.000000 514.000000 0.000000 139.000000 0.000000 0.000000 0.000000 375.000000
282987 72.957198 72.957198 139.000000 139.000000 514.000000 0.000000 0.000000 0.000000 139.000000 0.000000 375.000000
283987 72.957198 72.957198 139.000000 139.000000 514.000000 0.000000 0.000000 0.000000 139.000000 0.000000 375.000000
284987 72.957198 72.957198 139.000000 139.000000 514.000000 0.000000 0.000000 0.000000 139.000000 0.000000 375.000000
285987 72.957198 72.957198 139.000000 139.000000 514.000000 0.000000 0.000000 0.000000 139.000000 0.000000 375.000000
286987 72.957198 72.957198 139.000000 139.000000 514.000000 0.000000 0.000000 0.000000 139.000000 0.000000 375.000000
287987 57.427259 57.427259 278.000000 278.000000 653.000000 278.000000 0.000000 0.000000 0.000000 0.000000 375.000000
288987 57.427259 57.427259 278.000000 278.000000 653.000000 278.000000 0.000000 0.000000 0.000000 0.000000 375.000000
289987 57.427259 57.427259 278.000000 278.000000 653.000000 278.000000 0.000000 0.000000 0.000000 0.000000 375.000000
290987 57.427259 57.427259 278.000000 278.000000 653.000000 278.000000 0.000000 0.000000 0.000000 0.000000 375.000000
291987 57.427259 57.427259 278.000000 278.000000 653.000000 278.000000 0.000000 0.000000 0.000000 0.000000 375.000000
292987 57.427259 57.427259 278.000000 278.000000 653.000000 278.000000 0.000000 0.000000 0.000000 0.000000 375.000000
293987 57.427259 57.427259 278.000000 278.000000 653.000000 278.000000 0.000000 0.000000 0.000000 0.000000 375.000000
294987 57.427259 57.427259 278.000000 278.000000 653.000000 278.000000 0.000000 0.000000 0.000000 0.000000 375.000000
295987 57.427259 57.427259 278.000000 278.000000 653.000000 278.000000 0.000000 0.000000 0.000000 0.000000 375.000000
296987 57.427259 57.427259 278.000000 278.000000 653.000000 278.000000 0.000000 0.000000 0.000000 0.000000 375.000000
297987 57.427259 57.427259 278.000000 278.000000 653.000000 278.000000 0.000000 0.000000 0.000000 0.000000 375.000000
298987 57.427259 57.427259 278.000000 278.000000 653.000000 278.000000 0.000000 0.000000 0.000000 0.000000 375.000000
299987 76.258993 76.258993 66.000000 66.000000 278.000000 0.000000 66.000000 0.000000 0.000000 0.000000 212.000000
300987 76.258993 76.258993 66.000000 66.000000 278.000000 0.000000 66.000000 0.000000 0.000000 0.000000 212.000000
301987 76.258993 76.258993 66.000000 66.000000 278.000000 0.000000 66.000000 0.000000 0.000000 0.000000 212.000000
302987 76.258993 76.258993 66.000000 66.000000 278.000000 0.000000 66.000000 0.000000 0.000000 0.000000 212.000000
303987 76.258993 76.258993 66.000000 66.000000 278.000000 0.000000 66.000000 0.000000 0.000000 0.000000 212.000000
304987 76.258993 76.258993 66.000000 66.000000 278.000000 0.000000 66.000000 0.000000 0.000000 0.000000 212.000000
305987 76.258993 76.258993 66.000000 66.000000 278.000000 0.000000 66.000000 0.000000 0.000000 0.000000 212.000000
306987 76.258993 76.258993 66.000000 66.000000 278.000000 0.000000 0.000000 0.000000 66.000000 0.000000 212.000000
307987 76.258993 76.258993 66.000000 66.000000 278.000000 0.000000 0.000000 0.000000 66.000000 0.000000 212.000000
308987 76.258993 76.258993 66.000000 66.000000 278.000000 0.000000 0.000000 0.000000 66.000000 0.000000 212.000000
309987 76.258993 76.258993 66.000000 66.000000 278.000000 0.000000 0.000000 0.000000 66.000000 0.000000 212.000000
310987 76.258993 76.258993 66.000000 66.000000 278.000000 0.000000 0.000000 0.000000 66.000000 0.000000 212.000000
311987 61.627907 61.627907 132.000000 132.000000 344.000000 132.000000 0.000000 0.000000 0.000000 0.000000 212.000000
312987 61.627907 61.627907 132.000000 132.000000 344.000000 132.000000 0.000000 0.000000 0.000000 0.000000 212.000000
313987 61.627907 61.627907 132.000000 132.000000 344.000000 132.000000 0.000000 0.000000 0.000000 0.000000 212.000000
314987 61.627907 61.627907 132.000000 132.000000 344.000000 132.000000 0.000000 0.000000 0.000000 0.000000 212.000000
315987 61.627907 61.627907 132.000000 132.000000 344.000000 132.000000 0.000000 0.000000 0.000000 0.000000 212.000000
316987 61.627907 61.627907 132.000000 132.000000 344.000000 132.000000 0.000000 0.000000 0.000000 0.000000 212.000000
317987 61.627907 61.627907 132.000000 132.000000 344.000000 132.000000 0.000000 0.000000 0.000000 0.000000 212.000000
318987 61.627907 61.627907 132.000000 132.000000 344.000000 132.000000 0.000000 0.000000 0.000000 0.000000 212.000000
319987 61.627907 61.627907 132.000000 132.000000 344.000000 132.000000 0.000000 0.000000 0.000000 0.000000 212.000000
320987 61.627907 61.627907 132.000000 132.000000 344.000000 132.000000 0.000000 0.000000 0.000000 0.000000 212.000000
321987 61.627907 61.627907 132.000000 132.000000 344.000000 132.000000 0.000000 0.000000 0.000000 0.000000 212.000000
